PyTrx/Examples/results/velocity1/asciifiles/KR2_20140703_180000.JPG_interpmap.txt
ncols 365
nrows 436
xllcorner 447270.0
yllcorner 8754310.0
cellsize 10.0
NODATA_value -999.999
[rows 189 to 209 of 436, columns 192 to 239 of 365]
4.3529319266526105 4.364844090607738 4.484386184273325 4.66502809970278 4.53329750535638 4.401566911009981 4.269836316663581 4.1381057223171815 4.006375127970783 3.8746445336243833 3.7429139392779835 3.576063374008255 3.736453120745554 3.9330806465280475 4.12970817231054 4.3263356980930325 4.522963223875527 4.719590749658019 4.863302856254793 4.988809543133792 5.117312017737294 5.245814492340795 5.374316966944297 5.502819441547798 5.6313219161513 5.759824390754802 5.888326865358303 6.016829339961806 6.080279964708766 6.104663223834993 5.922935708174235 5.741208192513476 5.786702524061411 5.841001146156178 5.895299768250944 5.94959839034571 6.0038970124404765 6.058195634535242 6.434095032235014 6.566277728115351 5.550119222348869 5.1153936580246455 4.885398758145482 -999.999 -999.999 -999.999 -999.999 -999.999
4.464088307407119 4.35118594620365 4.320247992134019 4.2937606354553095 4.16203004110891 4.030299446762511 3.9065725918952166 3.8082085008581372 3.7098444098210583 3.6114803187839795 3.5131162277469 3.56632681311014 3.7659408781601256 3.965554943210111 4.165169008260096 4.364783073310082 4.564397138360067 4.764011203410052 4.894586649490915 5.023089124094416 5.151591598697918 5.280094073301418 5.408596547904921 5.537099022508423 5.665601497111925 5.794103971715426 5.922606446318928 6.042715133359961 6.084992129766745 6.127269126173528 6.002220948984365 5.820493433323607 5.638765917662848 5.640038320154333 5.694336942249099 5.748635564343866 5.802934186438631 5.917388246011443 6.168620160238957 6.711740787974099 5.74966909245958 5.564771615028671 5.018496296060945 4.788501396181784 -999.999 -999.999 -999.999 -999.999
4.531243675187273 4.491777894198152 4.380095702654273 4.2520521663456385 4.153688075308559 4.05532398427148 3.9569598932344014 3.8585958021973217 3.760231711160243 3.661867620123164 3.5366779355357583 3.621471219119088 3.821085284169073 4.020699349219059 4.220313414269044 4.419927479319029 4.619541544369014 4.7895517299252255 4.9148451996705464 5.05736870505504 5.185871179658543 5.3143736542620434 5.442876128865546 5.5713786034690465 5.699881078072549 5.82838355267605 5.956886027279553 6.047427298417939 6.089704294824722 6.131981291231506 6.0815061897944975 5.899778674133738 5.718051158472978 5.53632364281222 5.493374116247255 5.547672738342021 5.601971360436786 5.837110963176719 6.088342877404233 6.441819750341269 5.949218962570292 5.651822670512374 5.252842837618507 4.9215989340972515 -999.999 -999.999 -999.999 -999.999
4.615710463133589 4.58693678792241 4.3273249924312 4.302439467684824 4.204075376647744 4.105711285610664 4.007347194573586 3.9089831035365066 3.8106190124994277 3.712254921462349 3.537273113087765 3.676615625128035 3.876229690178021 4.075843755228006 4.275457820277991 4.475071885327976 4.674685950377961 4.802446716676107 4.907413348779415 5.091648286015665 5.220150760619166 5.348653235222668 5.47715570982617 5.605658184429672 5.734160659033173 5.862663133636675 5.991165608240176 6.052139463475918 6.094416459882701 6.136693456289483 6.160791430604628 5.979063914943869 5.79733639928311 5.615608883622351 5.433881367961591 5.346709912340176 5.505601766114481 5.756833680341995 6.0080655945695085 6.2592975087970215 6.148768832681003 5.8513725406230845 5.521073314696536 5.0546964720127185 4.824701572133557 -999.999 -999.999 -999.999
4.710869356857847 4.6468041796422 4.274554282208127 4.3528267690240074 4.254462677986929 4.15609858694985 4.05773449591277 3.959370404875691 3.861006313838612 3.7199468008121803 3.5885061135329392 3.740167484111274 3.9313740961869676 4.130988161236954 4.330602226286938 4.530216291336924 4.729830356386909 4.815341703426988 4.899981497888284 5.110880117822324 5.254430341579791 5.382932816183292 5.511435290786794 5.639937765390296 5.768440239993798 5.896942714597299 6.014574632127112 6.056851628533895 6.099128624940678 6.141405621347461 6.183682617754243 6.058349155754001 5.876621640093242 5.694894124432482 5.513166608771723 5.34481165200816 5.564749400523237 5.823758611260926 6.0827678219986145 6.341777032736305 6.319576475422372 6.050922410733795 5.753526118675879 5.422051840508575 4.95779911004902 -999.999 -999.999 -999.999
4.806028250582104 4.594033469419127 4.221783571985054 4.426133020758322 4.3048499793261135 4.206485888289034 4.108121797251956 4.009757706214876 3.9026204885365954 3.720541978364187 3.653284364810948 3.804945735389283 3.9865185021959153 4.186132567245901 4.385746632295886 4.585360697345871 4.784974762395857 4.828236690177868 4.8925496469971534 5.103448266931193 5.288709922540415 5.417212397143917 5.545714871747418 5.674217346350919 5.8027198209544215 5.931222295557923 6.01928679718509 6.061563793591873 6.103840789998657 6.14611778640544 6.188394782812223 6.137634396564131 5.955906880903372 5.774179365242613 5.592451849581854 5.535964432248091 5.741715375972028 6.000724586709718 6.2597337974474065 6.466652103925429 6.344818509162382 6.2229849143993325 5.9530759887865905 5.655679696728672 5.0908966479644855 4.860901748085324 -999.999 -999.999
4.901187144306363 4.541262759196054 4.169012861761981 4.399880818710237 4.355237280665298 4.256873189628219 4.158509098591139 4.060145007554061 3.9032156660886024 3.7211371559161943 3.718062616088957 3.8697239866672914 4.041662908204863 4.241276973254848 4.440891038304834 4.640505103354819 4.817747679378389 4.841131676928749 4.885117796106023 5.096016416040062 5.306915035974102 5.45149197810454 5.579994452708043 5.708496927311544 5.836999401915047 5.965501876518547 6.023998962243067 6.066275958649851 6.108552955056634 6.150829951463417 6.1931069478702 6.216919637374263 6.035192121713503 5.853464606052744 5.671737090391986 5.7271172124880225 5.918681351420821 6.177690562158508 6.4366997728961985 6.491894137665438 6.370060542902391 6.248226948139343 6.126393353376295 5.855229566839383 5.591260843398643 4.993999286000792 -999.999 -999.999
4.860741946407054 4.488492048972981 4.116242151538908 4.2928107391458346 4.405624582004482 4.307260490967404 4.208896399930325 4.085889353813018 3.9038108436406094 3.721732333468201 3.7828408673669656 3.9345022379453 4.096807314213811 4.296421379263796 4.496035444313781 4.695649509363767 4.830642666129269 4.8540266636796305 4.877685945214891 5.088584565148931 5.299483185082972 5.4857715590651654 5.614274033668666 5.742776508272168 5.871278982875669 5.986434130894263 6.028711127301045 6.07098812370783 6.113265120114612 6.155542116521396 6.197819112928179 6.240096109334961 6.114477362523634 5.932749846862875 5.842828720771365 5.918269992727954 6.095647326869611 6.3546565376073 6.613665748344989 6.517136171405448 6.3953025766424 6.273468981879351 6.151635387116304 6.029801792353256 5.757383144892176 5.127096823916257 4.897101924037093 -999.999
4.807971236183981 4.435721338749908 4.063471441315835 4.185740659581432 4.456011883343667 4.357647792306588 4.259283701269509 4.086484531365024 3.9044060211926155 3.722327511020208 3.8476191186449746 3.9992804892233087 4.151951720222757 4.351565785272744 4.551179850322729 4.750793915372714 4.84353765288015 4.866921650430511 4.890305647980872 5.081152714257799 5.292051334191839 5.50294995412588 5.648553614629291 5.777056089232793 5.905558563836294 5.991146295952241 6.033423292359024 6.075700288765807 6.117977285172591 6.160254281579372 6.202531277986156 6.244808274392939 6.193762603333766 6.012035087673007 6.033981501011296 6.109422772967884 6.272613302318402 6.531622513056091 6.664211799908505 6.5423782051454555 6.420544610382408 6.298711015619361 6.176877420856313 6.055043826093266 5.933210231330217 5.655985710666209 5.030199461952558 4.800204562073398
4.755200525960908 4.382950628526835 4.010700731092762 4.07867058001703 4.50867348460483 4.408035093645773 4.269158219089439 4.087079708917031 3.9050011987446225 3.7607359993446483 3.9123973699229824 4.064058740501317 4.215720111079652 4.40671019128169 4.606324256331677 4.805938321381662 4.8564326396310316 4.879816637181392 4.903200634731753 5.073720863366669 5.284619483300709 5.495518103234748 5.682833195589915 5.811335670193417 5.939838144796919 5.9958584610102195 6.038135457417002 6.080412453823785 6.122689450230569 6.164966446637351 6.207243443044135 6.249520439450918 6.273047844143897 6.149693009294639 6.225134281251227 6.300575553207816 6.449579277767195 6.708588488504884 6.689453833648514 6.567620238885466 6.445786644122418 6.323953049359369 6.202119454596321 6.080285859833275 5.9584522650702265 5.836618670307177 5.214002013967599 4.933302099988866
4.7092262167479575 4.330179918303762 3.9579300208696897 3.9716005004526274 4.439291726384517 4.451831906813855 4.2697533966414465 4.0876748864690375 3.9055963762966295 3.8255142506226574 3.9771756212009923 4.128836991779326 4.280498362357661 4.461854597290638 4.6614686623406225 4.8459436288315505 4.869327626381912 4.892711623932273 4.916095621482634 5.066289012475538 5.277187632409577 5.488086252343618 5.698984872277657 5.845615251154041 5.958293629661413 6.000570626068197 6.04284762247498 6.085124618881763 6.127401615288546 6.16967861169533 6.211955608102112 6.254232604508895 6.2965096009156785 6.340845789534569 6.4162870614911585 6.491728333447747 6.626545253215986 6.836529462151571 6.7146958673885235 6.592862272625474 6.471028677862426 6.349195083099379 6.227361488336331 6.105527893573283 5.983694298810235 5.861860704047188 5.7400271092841395 5.066399637904333
4.911254345434088 4.445024966981542 3.9787955885289965 3.8800360548548487 4.358249021888652 4.452427084365862 4.270348574193453 4.088270064021045 3.906191553848636 3.890292501900666 4.0419538724790005 4.1936152430573355 4.345276613635669 4.516999003299585 4.716613068349571 4.858838615582432 4.882222613132793 4.9056066106831535 4.928990608233515 5.058857161584406 5.269755781518446 5.480654401452487 5.691553021386526 5.879894832114666 5.9630057947193915 6.0052827911261755 6.0475597875329585 6.089836783939741 6.12770304538784 6.154294483289833 6.180885921191827 6.2074773590938195 6.266491363699286 6.417389177364755 6.60743984173109 6.682881113687678 6.803511228664777 6.861771495891579 6.739937901128532 6.618104306365483 6.496270711602436 6.374437116839388 6.25260352207634 6.096490415273045 5.915964277003337 5.735438138733629 5.812212317834982 5.383211016857668
5.486837481743623 5.093364499310161 4.6998915168767 4.306418534443239 4.418945605588006 4.509977933931184 4.27094375174546 4.0888652415730515 3.906786731400643 3.955070753178675 4.106732123757009 4.258393494335343 4.410054864913679 4.5721434093085325 4.771757474358519 4.871733602333313 4.895117599883674 4.918501597434035 4.941885594984395 5.051425310693276 5.262323930627315 5.4732225505613545 5.684121170495395 5.895019790429435 5.935745927002182 5.961239371023326 5.986732815044469 6.012226259065613 6.037719703086756 6.063213147107899 6.088706591129043 6.143753815476417 6.265036094081831 6.4024319464041675 6.581855814131346 6.854209522656563 6.980477204113568 6.887013529631589 6.7651799348685415 6.589704220655681 6.409178082385973 6.228651944116266 6.048125805846559 5.867599667576851 5.687073529307144 5.707547821557292 6.002853980788133 5.972537831331296
5.470790699855179 5.348768656263989 5.226746612672797 5.03569759763785 4.642224615204389 4.620171965423045 4.309535746970811 4.089460419125058 3.907381908952649 4.019849004456684 4.171510375035018 4.323171745613352 4.474833116191686 4.62728781531748 4.826901880367466 4.884628589084194 4.908012586634554 4.931396584184915 4.954780581735276 5.043993459802144 5.254892079736184 5.465790699670225 5.638948635229884 5.731138324989082 5.789728348822969 5.815221792844112 5.86500226489496 5.9207794334668336 5.976556602038707 6.032333770610581 6.088110939182455 6.1438881077543295 6.2707334403852535 6.408129292707589 6.459552853399936 6.521609543391268 6.879584185723786 6.721865749498903 6.541339611229196 6.360813472959488 6.1802873346897815 5.999761196420074 5.819235058150366 5.638708919880659 5.602883325279603 5.898189484510443 6.193495643741285 6.34432784598798
5.246165005658577 5.124142962067387 5.002120918476196 4.880098874885005 4.832318680447801 4.711812651412565 4.4170640369076395 4.109093560010437 3.932965885156358 4.084627255734691 4.236288626313026 4.387949996891361 4.539611367469695 4.69127273804803 4.874139578284713 4.897523575835074 4.920907573385435 4.944291570935796 4.9676755684861575 5.036561608911013 5.247460228845053 5.381418321728642 5.499197761709595 5.734005949370977 5.768011218722968 5.809359388600996 5.865136557172871 5.920913725744745 5.976690894316619 6.032468062888493 6.088245231460367 6.144022400032241 6.276430786688675 6.397687554760463 6.437628249832997 6.4775689449055305 6.517509639978065 6.730434778828932 6.312448863533002 6.131922725263297 5.951396586993589 5.7708704487238816 5.590344310454174 5.498218829001912 5.793524988232753 6.088831147463594 6.384137306694436 6.679443465925276
5.021539311461975 4.899517267870785 4.793319769058627 4.815658106682234 4.809303535425033 4.777637175488373 4.492771033716767 4.198022419211842 4.005624147525019 4.150257470883879 4.301066877591035 4.452728248169369 4.604389618747704 4.756050989326039 4.887034565035594 4.910418562585955 4.933802560136316 4.957186557686677 4.980570555237038 5.029129758019883 5.242941218353433 5.477749406014816 5.712557593676197 5.825814829248988 5.869670566767096 5.809493680878909 5.865270849450782 5.921048018022656 5.97682518659453 6.032602355166405 6.088379523738279 6.144732280669759 6.282128132992096 6.375762951193522 6.415703646266056 6.45564434133859 6.495585036411125 6.535525731483659 6.413936519361719 5.957191484320662 5.722505839297396 5.541979701027689 5.393554332724223 5.688860491955064 5.984166651185905 6.279472810416746 6.5747789696475865 6.8700851288784275
4.796913617265373 4.791733101964934 4.7989975329166645 4.792642961659464 4.786288390402263 4.7799338191450635 4.568478030525893 4.273729416020968 4.175644660513372 4.239673799996959 4.38287038131997 4.531106741161562 4.6763476043800765 4.821486144279176 4.959745369132571 5.006543188378323 5.053341007624075 5.100138826869827 5.146936646115578 5.221492862658653 5.456301050320036 5.691109237981417 5.843498074688463 5.904500133836066 5.965502192983671 5.896218705219351 5.8654051417286945 5.921182310300568 5.976959478872442 6.032736647444317 6.0885138160161905 6.150429626973181 6.287825479295516 6.353838347626582 6.3937790426991175 6.433719737771651 6.473660432844185 6.513601127916719 6.565607307109465 6.103407895860285 5.6412084846111075 5.313088953331497 5.584195995677373 5.879502154908215 6.163223114239178 6.423991690779843 6.684760267320511 6.967288542791536
4.788691530408298 4.782336959151097 4.775982387893896 4.769627816636696 4.763273245379495 4.756918674122295 4.64418502733502 4.349436412830095 4.345665173501725 4.285673142958693 4.439533204198011 4.58467174409711 4.72981028399621 4.880253052531581 5.034601459124818 5.1889498657180555 5.261401413722595 5.308199232968348 5.3549970522141 5.434852694625255 5.669660882286638 5.861181320127937 5.92218337927554 5.983185438423145 6.044187497570749 5.997878053263478 5.922766843671606 5.92131660257848 5.977093771150353 6.032870939722228 6.088648108294102 6.156126973276602 6.291973048987108 6.3319137440596425 6.371854439132177 6.411795134204711 6.4577214950565605 6.663043252404858 6.723365471165807 6.261166059916628 5.79896664866745 5.414583196139255 5.4156241570723385 5.676392733613006 5.937161310153671 6.242176086514723 6.568607149960198 6.895038213405674
4.765676385385529 4.759321814128328 4.752967242871128 4.746612671613927 4.740258100356726 4.733903529099526 4.717183071654435 4.451656547006491 4.449817754552926 4.315423222056283 4.492995883814144 4.638134423713243 4.787553065523091 4.941901472116329 5.096249878709568 5.250598285302804 5.404946691896042 5.516259639066869 5.5630574583126196 5.648212526591857 5.878864565567411 5.939866624715014 6.000868683862619 6.061870743010223 6.122872802157827 6.099537401307606 6.024426191715733 5.94931498212386 5.977228063428266 6.03300523200014 6.088782400572014 6.161824319580023 6.270048445420168 6.309989140492702 6.349929835565236 6.4030170488048626 6.60833880615316 6.8136605635014575 6.881123635222149 6.4189242239729705 5.961059876822504 5.6444110760182005 5.327762275213896 5.517063630237909 5.843494693683384 6.16992575712886 6.496356820574335 6.808085428914699
4.657780024803946 4.673835980506377 4.689891936208808 4.705947891911239 4.717242955333957 4.710888384076758 4.704533812819557 4.61396236614716 4.380971287169906 4.365687347823318 4.546458563430278 4.694853078514602 4.84920148510784 5.003549891701077 5.157898298294316 5.312246704887553 5.466595111480791 5.620943518074029 5.771117864411141 5.86157235855846 5.957549870154488 6.018551929302093 6.079553988449696 6.1405560475973004 6.201558106744905 6.201196749351735 6.1260855397598615 6.050974330167989 5.977362355706178 6.0331395242780514 6.088916692849924 6.167521665883444 6.2481238418532286 6.288064536925762 6.348312602553164 6.553634359901462 6.758956117249758 6.964277874598055 7.0388817992784904 6.576682388029312 6.190887756701448 5.874238955897145 5.390354180369584 5.444813300852046 5.771244364297521 6.097675427742996 6.424106491188472 6.705586779093783
4.528408184563132 4.544464140265563 4.560520095967994 4.576576051670425 4.592632007372855 4.596646694488942 4.623761546829608 4.69493868941343 4.598167282748058 4.4447795151507465 4.602153091506113 4.756501498099351 4.910849904692588 5.065198311285826 5.219546717879064 5.363758010667753 5.50586927389485 5.647980537121945 5.790091800349042 5.844868086305182 6.036235174741566 6.09723723388917 6.1582392930367735 6.219241352184378 6.280243411331982 6.302856097395863 6.22774488780399 6.152633678212116 6.077522468620242 6.033273816555964 6.0890509851278365 6.173219012186865 6.226199238286288 6.293608156301464 6.4989299136497625 6.70425167099806 6.9095734283463575 7.114895185694655 7.196639963334833 6.737364437384696 6.4207156365803915 5.938935722800008 5.435336342070089 5.372562971466183 5.698994034911658 6.025425098357134 6.351856161802608 6.603088129272867
