PyTrx/Examples/results/velocity1/asciifiles/KR2_20140703_180000.JPG_interpmap.txt
ncols 365
nrows 436
xllcorner 447270.0
yllcorner 8754310.0
cellsize 10.0
NODATA_value -999.999
[rows 357 to 377 of 436, columns 240 to 287 of 365]
7.120185497274252 6.919591064248475 6.718996631222698 6.51840219819692 6.317807765171143 6.1172133321453686 5.91661889911959 5.716024466093814 5.515430033068037 5.314835600042259 5.114241167016483 4.9136467339907055 4.97522092985 5.165531343980579 5.3558417581111595 5.54615217224174 5.736462586372319 5.9267730005029 6.11708341463348 6.3073938287640585 6.497704242894638 6.688014657025219 6.878325071155798 7.068635485286379 7.2589458994169584 7.397237727205957 7.3520713822707355 7.306905037335513 7.261738692400292 7.21657234746507 7.20560997369741 7.2029449370341245 7.200279900370839 7.1613578208783855 7.154388752546523 7.397737440710854 7.6410861288751875 7.884434817039519 8.127783505203851 8.371132193368183 8.411130793462684 8.245251008762505 8.079371224062328 7.913491439362148 7.7279215607450755 7.515545207401304 7.303168854057533 7.09079250071376
7.612433016473361 7.7196107548867925 7.703678999112604 7.503084566086827 7.302490133061051 7.101895700035274 6.901301267009497 6.700706833983721 6.500112400957943 6.299517967932165 6.0989235349063895 5.898329101880611 5.697734668854835 5.776026158764234 5.966336572894814 6.156646987025394 6.346957401155974 6.537267815286553 6.727578229417134 6.917888643547713 7.108199057678293 7.298509471808872 7.488819885939453 7.601408640931645 7.556242295996423 7.5110759510611995 7.465909606125978 7.420743261190756 7.375576916255534 7.330410571320314 7.285244226385092 7.246162359266476 7.24349732260319 7.270256858395687 7.513605546560019 7.756954234724352 8.000302922888682 8.243651611053016 8.48700029921735 8.730348987381682 8.67661116815113 8.51073138345095 8.344851598750774 8.173022922178633 7.9606465688348615 7.748270215491089 7.535893862147317 7.323517508803543
7.331199511071727 7.438377249485157 7.545554987898589 7.652732726312019 7.75991046472545 7.8670882031388825 7.885983634899402 7.685389201873624 7.484794768847847 7.284200335822071 7.083605902796293 6.8830114697705165 6.68241703674474 6.481822603718962 6.576831387678468 6.767141801809048 6.957452215939627 7.147762630070208 7.338073044200788 7.528383458331367 7.718693872461947 7.805579554657331 7.76041320972211 7.715246864786887 7.670080519851664 7.624914174916444 7.579747829981222 7.534581485046 7.489415140110778 7.4442487951755565 7.399082450240335 7.417033914561349 7.441036923500494 7.6294736524091835 7.872822340573516 8.116171028737849 8.35951971690218 8.602868405066513 8.846217093230846 9.089565781395178 8.942091542839577 8.776211758139398 8.61033197343922 8.405747930268417 8.193371576924644 7.980995223580873 7.768618870237101 7.556242516893327
7.049966005670093 7.157143744083525 7.264321482496955 7.371499220910387 7.478676959323817 7.585854697737248 7.69303243615068 7.800210174564111 7.907387912977542 8.014565651390972 8.068288270686198 7.867693837660421 7.667099404634644 7.466504971608867 7.265910538583091 7.377636616592703 7.567947030723282 7.758257444853862 7.9485678589844415 8.009750468383018 7.964584123447796 7.9194177785125754 7.874251433577353 7.829085088642131 7.784893664170742 7.808896673109888 7.832899682049032 7.8569026909881785 7.880905699927324 7.9049087088664685 7.928911717805614 7.95291472674476 7.976917735683905 8.000920744623052 8.232039134587014 8.475387822751347 8.718736510915678 8.962085199080011 9.205433887244343 9.373451702228202 9.207571917528023 9.041692132827844 8.850849291701975 8.638472938358202 8.42609658501443 8.213720231670658 8.001343878326884 7.788967524983112
6.7687325002684595 6.8759102386818896 6.983087977095321 7.090265715508751 7.197443453922183 7.304621192335615 7.411798930749045 7.518976669162476 7.626154407575907 7.733332145989339 7.84050988440277 7.9476876228162 8.054865361229632 8.162043099643062 8.250592906472995 8.04999847344722 8.178441845506937 8.213921382108706 8.17675642271928 8.200759431658424 8.22476244059757 8.248765449536716 8.272768458475861 8.296771467415008 8.320774476354153 8.3447774852933 8.368780494232444 8.39278350317159 8.416786512110734 8.44078952104988 8.464792529989024 8.488795538928171 8.512798547867316 8.536801556806461 8.59125592860051 8.834604616764842 9.077953304929176 9.321301993093508 9.56465068125784 9.638932076916648 9.473052292216469 9.295950653135531 9.083574299791758 8.871197946447985 8.658821593104213 8.44644523976044 8.234068886416669 8.053815963400623
6.487498994866825 6.594676733280256 6.701854471693687 6.809032210107119 6.916209948520549 7.023387686933981 7.130565425347411 7.237743163760843 7.344920902174274 7.452098640587705 7.559276379001136 7.666454117414567 7.773631855827998 7.88080959424143 7.9879873326548605 8.09516507106829 8.202342809481722 8.393688450209563 8.585390207040298 8.736640243841835 8.76064325278098 8.784646261720127 8.808649270659272 8.832652279598417 8.856655288537564 8.880658297476709 8.904661306415855 8.928664315355 8.952667324294145 8.97667033323329 9.000673342172437 9.024676351111582 9.048679360050729 9.072682368989872 9.096685377929019 9.19382141077834 9.437170098942673 9.680518787107005 9.923867475271338 9.904412451605095 9.738532666904916 9.528675661225314 9.316299307881541 9.103922954537769 8.891546601193998 8.70678621345595 8.530105942615188 8.35342567177443
6.206265489465193 6.313443227878623 6.420620966292054 6.527798704705485 6.634976443118917 6.742154181532348 6.8493319199457785 6.956509658359209 7.06368739677264 7.170865135186072 7.278042873599502 7.385220612012933 7.492398350426365 7.599576088839795 7.706753827253227 7.813931565666658 7.9211093040800895 8.04687039637469 8.238572153205427 8.430273910036163 8.621975666866899 8.813677423697634 9.00537918052837 9.197080937359106 9.388782694189842 9.41653910966012 9.440542118599264 9.464545127538411 9.488548136477554 9.512551145416701 9.536554154355846 9.560557163294993 9.584560172234138 9.608563181173283 9.632566190112428 9.656569199051575 9.796386892956171 10.039735581120501 10.283084269284835 10.169892826293541 9.973777022658874 9.7614006693151 9.549024315971327 9.359756463511273 9.183076192670516 9.006395921829755 8.829715650988994 8.653035380148236
5.925031984063558 6.032209722476989 6.139387460890419 6.246565199303851 6.353742937717282 6.460920676130713 6.568098414544144 6.675276152957575 6.782453891371007 6.889631629784437 6.9968093681978685 7.1039871066112985 7.211164845024729 7.318342583438161 7.425520321851592 7.532698060265023 7.639875798678455 7.747053537091885 7.891754099370555 8.083455856201294 8.275157613032027 8.466859369862762 8.658561126693499 8.850262883524234 9.041964640354973 9.233666397185706 9.425368154016445 9.61706991084718 9.808771667677915 10.000473424508652 10.072434966539257 10.096437975478404 10.120440984417549 10.144443993356694 10.16844700229584 10.192450011234985 10.21645302017413 10.398952375134 10.601252985682168 10.418878384092428 10.206502030748656 10.0127267135666 9.836046442725838 9.659366171885079 9.482685901044322 9.306005630203561 9.129325359362802 8.952645088522042
5.643798478661925 5.750976217075355 5.8581539554887865 5.965331693902217 6.072509432315648 6.17968717072908 6.286864909142511 6.394042647555942 6.501220385969372 6.608398124382805 6.715575862796235 6.822753601209666 6.9299313396230975 7.0371090780365275 7.144286816449959 7.25146455486339 7.358642293276821 7.465820031690252 7.572997770103683 7.7366378023664195 7.928339559197154 8.12004131602789 8.311743072858626 8.503444829689363 8.695146586520098 8.886848343350835 9.078550100181571 9.270251857012305 9.461953613843042 9.653655370673778 9.845357127504514 10.037058884335252 10.228760641165985 10.420462397996722 10.612164154827457 10.728330823418396 10.75233383235754 10.776336841296686 10.863979745525985 10.665696963621924 10.489016692781165 10.312336421940406 10.135656151099646 9.958975880258887 9.782295609418126 9.605615338577369 9.428935067736608 9.25225479689585
5.36256497326029 5.46974271167372 5.576920450087151 5.684098188500583 5.791275926914013 5.8984536653274455 6.005631403740876 6.112809142154307 6.219986880567738 6.327164618981169 6.4343423573946 6.541520095808031 6.648697834221462 6.755875572634894 6.863053311048324 6.970231049461756 7.0774087878751875 7.184586526288617 7.291764264702048 7.398942003115479 7.581521505362281 7.773223262193016 7.964925019023753 8.15662677585449 8.348328532685226 8.540030289515961 8.7317320463467 8.923433803177433 9.115135560008172 9.306837316838905 9.498539073669642 9.690240830500379 9.881942587331114 10.073644344161849 10.265346100992586 10.45704785782332 10.648749614654058 10.840451371484795 10.892981463686496 10.773541433991513 10.654101404296531 10.534661374601548 10.415221344906564 10.258585588632693 10.081905317791934 9.905225046951173 9.728544776110414 9.551864505269656
5.081331467858657 5.188509206272087 5.295686944685519 5.40286468309895 5.510042421512381 5.617220159925812 5.724397898339243 5.831575636752674 5.938753375166105 6.045931113579536 6.153108851992966 6.260286590406397 6.367464328819829 6.474642067233259 6.581819805646691 6.688997544060122 6.796175282473554 6.903353020886985 7.010530759300415 7.1177084977138465 7.234703451527412 7.426405208358147 7.6181069651888835 7.8098087220196195 8.001510478850356 8.193212235681091 8.384913992511828 8.576615749342562 8.7683175061733 8.960019263004035 9.151721019834772 9.343422776665507 9.535124533496242 9.72682629032698 9.918528047157714 10.110229803988453 10.301931560819188 10.493633317649923 10.554972472098505 10.435532442403524 10.316092412708539 10.196652383013555 10.077212353318572 9.957772323623589 9.838332293928607 9.718892264233622 9.599452234538639 9.480012204843653
4.800097962457022 4.907275700870453 5.0144534392838835 5.121631177697315 5.228808916110745 5.335986654524176 5.443164392937608 5.550342131351039 5.657519869764471 5.764697608177902 5.871875346591332 5.979053085004763 6.086230823418194 6.1934085618316255 6.300586300245056 6.407764038658487 6.514941777071918 6.62211951548535 6.72929725389878 6.836474992312212 6.943652730725643 7.079587154523274 7.271288911354011 7.462990668184746 7.654692425015483 7.846394181846219 8.038095938676955 8.22979769550769 8.421499452338427 8.613201209169162 8.804902965999899 8.996604722830636 9.188306479661371 9.380008236492106 9.571709993322843 9.76341175015358 9.955113506984315 10.14681526381505 10.216963480510515 10.097523450815531 9.978083421120548 9.858643391425563 9.73920336173058 9.619763332035598 9.500323302340613 9.38088327264563 9.261443242950648 9.142003213255663
4.518864457055389 4.626042195468819 4.73321993388225 4.840397672295682 4.947575410709112 5.0547531491225435 5.161930887535974 5.269108625949406 5.376286364362836 5.483464102776268 5.590641841189699 5.69781957960313 5.804997318016562 5.912175056429992 6.019352794843423 6.126530533256854 6.233708271670285 6.340886010083715 6.448063748497146 6.555241486910578 6.662419225324008 6.769596963737441 6.92447085751914 7.116172614349875 7.3078743711806124 7.499576128011348 7.691277884842084 7.882979641672819 8.074681398503555 8.266383155334292 8.458084912165027 8.649786668995764 8.8414884258265 9.033190182657236 9.224891939487973 9.416593696318706 9.608295453149443 9.799997209980178 9.878954488922524 9.75951445922754 9.640074429532557 9.520634399837574 9.40119437014259 9.281754340447607 9.162314310752624 9.04287428105764 8.923434251362657 8.803994221667674
4.237630951653754 4.344808690067184 4.451986428480615 4.559164166894047 4.666341905307478 4.77351964372091 4.88069738213434 4.987875120547772 5.095052858961202 5.202230597374634 5.309408335788064 5.416586074201494 5.523763812614927 5.630941551028357 5.738119289441789 5.84529702785522 5.952474766268651 6.059652504682083 6.166830243095513 6.274007981508943 6.3811857199223745 6.488363458335805 6.595541196749237 6.769354560515004 6.961056317345741 7.152758074176476 7.344459831007213 7.536161587837947 7.727863344668684 7.919565101499419 8.111266858330156 8.302968615160891 8.494670371991628 8.686372128822363 8.8780738856531 9.069775642483835 9.261477399314572 9.453179156145307 9.540945497334533 9.421505467639552 9.302065437944567 9.182625408249583 9.0631853785546 8.943745348859615 8.824305319164631 8.70486528946965 8.585425259774665 8.465985230079683
3.9563974462521205 4.0635751846655515 4.170752923078982 4.277930661492413 4.385108399905844 4.492286138319276 4.599463876732706 4.706641615146138 4.813819353559568 4.920997091973001 5.028174830386431 5.135352568799862 5.242530307213293 5.349708045626723 5.456885784040155 5.564063522453586 5.671241260867017 5.778418999280448 5.88559673769388 5.992774476107311 6.099952214520741 6.207129952934172 6.3143076913476035 6.422536506680132 6.6142382635108685 6.805940020341604 6.9976417771723405 7.189343534003075 7.3810452908338124 7.5727470476645475 7.764448804495284 7.9561505613260195 8.147852318156756 8.339554074987491 8.531255831818228 8.722957588648963 8.914659345479699 9.106361102310435 9.20293650574654 9.083496476051558 8.964056446356576 8.844616416661593 8.72517638696661 8.605736357271624 8.48629632757664 8.366856297881657 8.247416268186674 8.12797623849169
3.644413154152649 3.7823416792639177 3.8895194176773487 3.9966971560907805 4.1038748945042105 4.211052632917642 4.318230371331073 4.425408109744505 4.532585848157935 4.639763586571367 4.746941324984798 4.854119063398228 4.96129680181166 5.068474540225091 5.1756522786385215 5.282830017051953 5.390007755465385 5.497185493878814 5.604363232292245 5.711540970705676 5.818718709119109 5.925896447532539 6.03307418594597 6.140251924359402 6.267420209675996 6.459121966506731 6.650823723337469 6.842525480168203 7.03422723699894 7.225928993829675 7.417630750660411 7.609332507491149 7.801034264321884 7.99273602115262 8.184437777983355 8.376139534814092 8.567841291644827 8.759543048475564 8.864927514158552 8.745487484463569 8.626047454768585 8.506607425073602 8.387167395378619 8.267727365683633 8.148287335988652 8.028847306293668 7.909407276598683 7.7899672469037
3.288029872253288 3.4326942039594366 3.5773585356655846 3.715463650689146 3.822641389102577 3.9298191275160077 4.036996865929439 4.14417460434287 4.2513523427563005 4.358530081169732 4.465707819583163 4.572885557996594 4.680063296410026 4.787241034823456 4.894418773236888 5.001596511650318 5.10877425006375 5.21595198847718 5.3231297268906115 5.430307465304042 5.537485203717473 5.644662942130903 5.751840680544335 5.859018418957767 5.966196157371198 6.112303912671861 6.304005669502597 6.4957074263333325 6.687409183164069 6.8791109399948045 7.0708126968255405 7.2625144536562765 7.454216210487012 7.645917967317748 7.837619724148484 8.02932148097922 8.221023237809955 8.412724994640692 8.52691852257056 8.407478492875578 8.288038463180595 8.16859843348561 8.049158403790628 7.929718374095643 7.81027834440066 7.690838314705676 7.571398285010693 7.451958255315709
2.9316465903539277 3.076310922060076 3.220975253766224 3.3656395854723726 3.510303917178521 3.648585622114374 3.755763360527804 3.8629410989412363 3.9701188373546668 4.077296575768099 4.184474314181529 4.2916520525949595 4.398829791008391 4.506007529421821 4.613185267835253 4.720363006248684 4.827540744662116 4.934718483075546 5.041896221488977 5.149073959902409 5.25625169831584 5.3634294367292705 5.4706071751427015 5.577784913556132 5.684962651969564 5.792140390382995 5.957187615667724 6.14888937249846 6.340591129329196 6.532292886159933 6.723994642990668 6.915696399821403 7.10739815665214 7.299099913482876 7.490801670313613 7.682503427144347 7.874205183975084 8.065906940805819 8.188909530982569 8.069469501287585 7.950029471592602 7.83058944189762 7.711149412202635 7.591709382507652 7.472269352812669 7.352829323117685 7.233389293422701 7.113949263727718
3.2112972871999834 3.0817892275326604 2.9100602541360994 3.009256303573011 3.1539206352791593 3.2985849669853073 3.443249298691457 3.581707593539603 3.688885331953033 3.796063070366465 3.9032408087798958 4.010418547193327 4.1175962856067585 4.2247740240201885 4.33195176243362 4.439129500847051 4.546307239260482 4.653484977673912 4.760662716087344 4.867840454500776 4.975018192914206 5.082195931327638 5.189373669741069 5.2965514081544995 5.40372914656793 5.510906884981362 5.618084623394792 5.802071318663588 5.993773075494325 6.185474832325061 6.3771765891557965 6.5688783459865325 6.7605801028172685 6.9522818596480045 7.1439836164787405 7.335685373309476 7.527387130140212 7.719088886970948 7.850900539394579 7.731460509699596 7.612020480004612 7.492580450309629 7.3731404206146465 7.253700390919661 7.134260361224678 7.0148203315296955 6.89538030183471 6.775940272139727
3.4835335378199024 3.354025478152579 3.224517418485253 3.095009358817927 2.9655012991506013 2.942201685085947 3.086866016792097 3.231530348498245 3.376194680204393 3.514829564964831 3.6220073033782616 3.729185041791693 3.836362780205124 3.943540518618555 4.050718257031986 4.157895995445417 4.2650737338588485 4.3722514722722785 4.479429210685709 4.586606949099141 4.693784687512572 4.800962425926004 4.908140164339434 5.015317902752865 5.122495641166296 5.229673379579728 5.336851117993159 5.455253264828716 5.646955021659453 5.83865677849019 6.030358535320925 6.222060292151661 6.413762048982397 6.605463805813134 6.797165562643869 6.988867319474604 7.180569076305341 7.372270833136076 7.512891547806587 7.393451518111605 7.274011488416621 7.154571458721637 7.035131429026654 6.915691399331671 6.796251369636687 6.676811339941704 6.55737131024672 6.437931280551736
3.755769788439822 3.626261728772498 3.4967536691051717 3.367245609437846 3.2377375497705203 3.1082294901031946 2.9787214304358707 2.8751470665988847 3.019811398305033 3.1644757300111817 3.3091400617173297 3.4479515363900584 3.55512927480349 3.662307013216921 3.769484751630352 3.876662490043783 3.9838402284572147 4.091017966870646 4.198195705284076 4.3053734436975075 4.412551182110938 4.519728920524369 4.6269066589378 4.734084397351231 4.841262135764662 4.948439874178094 5.055617612591524 5.162795351004956 5.300136967824581 5.491838724655317 5.683540481486053 5.875242238316789 6.066943995147524 6.258645751978261 6.450347508808997 6.642049265639732 6.833751022470468 7.025452779301205 7.174882556218596 7.055442526523613 6.93600249682863 6.816562467133647 6.697122437438662 6.57768240774368 6.458242378048697 6.338802348353712 6.219362318658729 6.099922288963746
