PyTrx/Examples/results/velocity1/asciifiles/KR2_20140703_180000.JPG_interpmap.txt
ncols 365
nrows 436
xllcorner 447270.0
yllcorner 8754310.0
cellsize 10.0
NODATA_value -999.999
[rows 336 to 356 of 436, columns 240 to 287 of 365]
8.063197759936383 8.191445691733996 8.319693623531608 8.447941555329221 8.576189487126832 8.704437418924446 8.832685350722059 8.960933282519672 9.089181214317286 9.217429146114897 9.34567707791251 9.44554084557374 9.499600797835452 9.553660750097164 9.607720702358876 9.661780654620587 9.704581102766593 9.044507209150156 8.384433315533718 8.123992047949468 7.948845542096846 7.773699036244227 7.598552530391605 7.423406024538985 7.248259518686364 7.073113012833742 6.897966506981122 6.722820001128502 6.554247229590522 6.390425990908815 6.226604752227109 6.062783513545401 5.898962274863695 5.735141036181988 5.571319797500281 5.407498558818575 5.2580208450891455 5.1554124178644365 5.052803990639729 4.95019556341502 4.847587136190311 4.744978708965602 4.642370281740895 4.539761854516185 4.437153427291477 4.463468940392657 4.665486909996784 4.867504879600914
8.150881387286288 8.2791293190839 8.407377250881513 8.535625182679127 8.66387311447674 8.792121046274353 8.920368978071965 9.048616909869578 9.17686484166719 9.263757176440425 9.317817128702139 9.371877080963849 9.42593703322556 9.479996985487272 9.534056937748984 9.588116890010696 9.474451791854662 8.814377898238224 8.367394993394456 8.192248487541836 8.017101981689216 7.841955475836594 7.666808969983974 7.491662464131352 7.316515958278732 7.141369452426112 6.966222946573491 6.791076440720871 6.615929934868249 6.447170643556742 6.283349404875035 6.119528166193328 5.9557069275116215 5.791885688829915 5.628064450148208 5.464243211466501 5.324150486985956 5.221542059761248 5.118933632536537 5.01632520531183 4.913716778087121 4.811108350862412 4.708499923637704 4.605891496412996 4.503283069188287 4.421267020619626 4.6232849902237545 4.825302959827884
8.238565014636194 8.366812946433807 8.495060878231419 8.623308810029032 8.751556741826644 8.879804673624257 9.00805260542187 9.081973507307112 9.136033459568822 9.190093411830535 9.244153364092245 9.298213316353959 9.35227326861567 9.40633322087738 9.460393173139094 9.514453125400804 9.244322480942731 8.610797938839445 8.435651432986825 8.260504927134203 8.085358421281583 7.910211915428961 7.735065409576341 7.559918903723721 7.3847723978711 7.2096258920184795 7.034479386165859 6.8593328803132385 6.6841863744606185 6.5090398686079975 6.340094057522962 6.176272818841255 6.0124515801595475 5.8486303414778416 5.684809102796135 5.520987864114429 5.390280128882765 5.2876717016580566 5.185063274433348 5.082454847208639 4.9798464199839305 4.8772379927592215 4.7746295655345135 4.672021138309805 4.569412711085096 4.466804283860387 4.581083070450724 4.783101040054853
8.326248641986098 8.454496573783711 8.582744505581324 8.710992437378936 8.839240369176549 8.900189838173798 8.954249790435508 9.00830974269722 9.062369694958933 9.116429647220643 9.170489599482355 9.224549551744067 9.278609504005779 9.33266945626749 9.386729408529202 9.440789360790912 9.014193170030799 8.679054378431813 8.503907872579193 8.328761366726573 8.153614860873951 7.978468355021331 7.803321849168709 7.628175343316089 7.453028837463469 7.277882331610847 7.102735825758227 6.927589319905607 6.752442814052985 6.577296308200365 6.402149802347744 6.233017471489181 6.0691962328074744 5.905374994125768 5.741553755444062 5.577732516762354 5.456409770779574 5.353801343554865 5.251192916330157 5.148584489105448 5.04597606188074 4.943367634656031 4.840759207431322 4.738150780206614 4.635542352981906 4.532933925757197 4.538881150677694 4.7408991202818225
8.413932269336003 8.542180201133617 8.664346216778773 8.718406169040485 8.772466121302195 8.826526073563908 8.880586025825618 8.93464597808733 8.988705930349042 9.042765882610752 9.096825834872464 9.150885787134175 9.204945739395887 9.259005691657599 9.31306564391931 9.367125596181022 8.922457323876802 8.74731081802418 8.57216431217156 8.39701780631894 8.22187130046632 8.046724794613699 7.871578288761079 7.696431782908457 7.521285277055837 7.346138771203216 7.170992265350596 6.995845759497975 6.820699253645354 6.645552747792734 6.470406241940113 6.295259736087491 6.125940885455401 5.962119646773695 5.798298408091988 5.634477169410282 5.522539412676384 5.419930985451677 5.317322558226967 5.214714131002259 5.11210570377755 5.009497276552842 4.906888849328133 4.804280422103424 4.701671994878716 4.599063567654007 4.496679230904664 4.698697200508793
8.482562547645458 8.53662249990717 8.590682452168881 8.644742404430591 8.698802356692305 8.752862308954015 8.806922261215727 8.860982213477438 8.91504216573915 8.969102118000862 9.023162070262572 9.077222022524284 9.131281974785995 9.185341927047705 9.239401879309417 9.214008441823372 8.99071376346917 8.81556725761655 8.64042075176393 8.46527424591131 8.290127740058688 8.114981234206066 7.939834728353445 7.764688222500826 7.589541716648204 7.414395210795584 7.2392487049429635 7.0641021990903425 6.8889556932377225 6.713809187385101 6.5386626815324815 6.363516175679861 6.18836966982724 6.0188642994216215 5.855043060739915 5.691277481797902 5.5886690545731925 5.486060627348485 5.383452200123776 5.280843772899068 5.178235345674359 5.07562691844965 4.973018491224942 4.870410064000232 4.767801636775525 4.665193209550816 4.562584782326107 4.656495280735762
8.210930385365526 8.269815406833969 8.328700428302412 8.387585449770855 8.446470471239298 8.50535549270774 8.564240514176182 8.623125535644625 8.682010557113069 8.740895578581512 8.799780600049953 8.858665621518396 8.91755064298684 8.97643566445528 9.035320685923724 9.140580852587801 9.03476493633338 8.864893826961287 8.695022717589193 8.5251516082171 8.355280498845007 8.183237673798436 8.008091167945814 7.832944662093194 7.657798156240573 7.482651650387953 7.307505144535332 7.132358638682711 6.95721213283009 6.782065626977469 6.606919121124849 6.431772615272228 6.256626109419607 6.081479603566987 5.911787713387842 5.757407123694711 5.654798696470004 5.552190269245295 5.449581842020586 5.346973414795877 5.244364987571169 5.14175656034646 5.039148133121752 4.936539705897044 4.833931278672334 4.731322851447626 4.628714424222917 4.614293360962733
7.805062669475094 7.925797773809287 7.984682795277731 8.043567816746172 8.102452838214617 8.161337859683059 8.220222881151502 8.279107902619945 8.337992924088386 8.396877945556831 8.455762967025272 8.514647988493715 8.573533009962157 8.6324180314306 8.691303052899043 8.834967765900517 9.018491495025557 8.867676446547298 8.697805337175204 8.52793422780311 8.358063118431017 8.188192009058925 8.018320899686831 7.8484497903147386 7.678578680942645 7.508707571570551 7.338836462198458 7.168965352826365 6.999094243454273 6.829223134082179 6.659352024710087 6.489480915337992 6.319609805965899 6.149736043159355 5.974589537306735 5.823536765591522 5.720928338366813 5.6183199111421045 5.5157114839173955 5.4131030566926865 5.3104946294679785 5.2078862022432695 5.105277775018561 5.002669347793852 4.900060920569143 4.797452493344435 4.694844066119726 4.592235638895017
7.370131563574879 7.549033134482338 7.6406651622530495 7.699550183721492 7.758435205189935 7.817320226658378 7.87620524812682 7.935090269595262 7.993975291063705 8.05286031253215 8.111745334000592 8.170630355469035 8.229515376937476 8.28840039840592 8.347285419874362 8.529354679213236 8.712878408338275 8.870459066133307 8.700587956761215 8.53071684738912 8.360845738017028 8.190974628644934 8.021103519272842 7.851232409900748 7.681361300528655 7.511490191156562 7.3416190817844695 7.171747972412376 7.001876863040282 6.83200575366819 6.662134644296097 6.492263534924004 6.322392425551911 6.152521316179817 5.982650206807724 5.993388484568692 5.841185893958671 5.684449553038913 5.581841125814205 5.479232698589496 5.376624271364787 5.274015844140079 5.171407416915371 5.068798989690662 4.966190562465953 4.863582135241245 4.760973708016536 4.658365280791827
6.935200457674664 7.1141020285821215 7.293003599489581 7.355532550696811 7.414417572165253 7.473302593633698 7.532187615102139 7.591072636570582 7.649957658039026 7.708842679507468 7.767727700975911 7.826612722444352 7.885497743912797 7.944382765381238 8.040217863400914 8.223741592525954 8.407265321650993 8.59078905077603 8.703370576347226 8.533499466975131 8.363628357603039 8.193757248230945 8.023886138858852 7.854015029486758 7.684143920114667 7.514272810742572 7.344401701370479 7.174530591998385 7.004659482626293 6.8347883732542005 6.664917263882106 6.495046154510013 6.325175045137922 6.1553039357658275 6.096617616924079 6.19197205895078 6.05619873221594 5.902957829230434 5.733636477106646 5.564315124982858 5.442753913261598 5.340145486036889 5.237537058812181 5.134928631587471 5.032320204362763 4.9297117771380545 4.8271033499133456 4.7244949226886375
6.500269351774449 6.679170922681908 6.858072493589365 7.01151491767213 7.070399939140573 7.129284960609016 7.18816998207746 7.247055003545903 7.305940025014344 7.364825046482787 7.42371006795123 7.4825950894196716 7.541480110888116 7.600365132356558 7.734604776713631 7.91812850583867 8.101652234963709 8.285175964088747 8.468699693213786 8.536282086561142 8.36641097718905 8.196539867816956 8.026668758444863 7.85679764907277 7.686926539700677 7.517055430328584 7.347184320956491 7.177313211584398 7.007442102212305 6.837570992840211 6.667699883468119 6.497828774096025 6.3279576647239315 6.159040146466311 6.254610923077831 6.350181699689349 6.2547823065980275 6.119008979863187 5.964729764502199 5.795408412378411 5.626087060254622 5.456765708130835 5.30366670070899 5.20105827348428 5.098449846259572 4.995841419034863 4.893232991810156 4.790624564585447
6.0653382458742335 6.2442398167816915 6.42314138768915 6.602042958596608 6.726382306115893 6.785267327584334 6.844152349052778 6.903037370521221 6.961922391989663 7.020807413458106 7.079692434926549 7.138577456394991 7.197462477863434 7.256347499331877 7.428991690026348 7.6125154191513875 7.796039148276426 7.979562877401465 8.163086606526502 8.346610335651544 8.36919359677506 8.199322487402966 8.029451378030874 7.859580268658781 7.6897091592866875 7.519838049914594 7.349966940542501 7.180095831170409 7.0102247217983145 6.840353612426222 6.670482503054129 6.5006113936820356 6.330740284309943 6.3170334526200635 6.412604229231583 6.508175005843102 6.453365880980116 6.317592554245275 6.181819227510433 6.026501699773962 5.857180347650175 5.687858995526387 5.518537643402598 5.34921629127881 5.179894939155022 5.061971060931673 4.959362633706965 4.856754206482256
5.630407139974018 5.809308710881478 5.988210281788936 6.167111852696394 6.346013423603852 6.441249694559654 6.5001347160280964 6.5590197374965395 6.617904758964983 6.676789780433424 6.735674801901868 6.79455982337031 6.853444844838752 6.939854874214026 7.123378603339065 7.306902332464104 7.490426061589144 7.673949790714182 7.857473519839221 8.04099724896426 8.224520978089298 8.202105106988977 8.032233997616885 7.862362888244792 7.692491778872699 7.522620669500605 7.352749560128512 7.1828784507564185 7.013007341384325 6.843136232012233 6.673265122640139 6.503394013268046 6.379455982162296 6.475026758773815 6.570597535385334 6.666168311996852 6.651949455362205 6.516176128627363 6.380402801892522 6.24462947515768 6.088273635045725 5.918952282921938 5.7496309307981495 5.5803095786743615 5.4109882265505735 5.241666874426786 5.072345522302998 4.922883848379065
5.195476034073803 5.3743776049812615 5.5532791758887186 5.732180746796178 5.911082317703636 6.089983888611095 6.156117083003416 6.215002104471859 6.273887125940301 6.332772147408743 6.391657168877187 6.45054219034563 6.509427211814072 6.634241787526744 6.817765516651782 7.001289245776821 7.1848129749018605 7.3683367040269 7.551860433151938 7.7353841622769774 7.918907891402015 8.102431620527055 8.035016617202896 7.865145507830802 7.695274398458708 7.525403289086616 7.355532179714523 7.185661070342428 7.015789960970335 6.845918851598242 6.6760477422261495 6.506176632854057 6.537449288316047 6.633020064927567 6.728590841539085 6.824161618150605 6.798468637559209 6.70285037491307 6.578986376274611 6.443213049539769 6.307439722804928 6.150045570317489 5.980724218193702 5.811402866069914 5.642081513946125 5.472760161822338 5.303438809698548 5.134117457574762
4.760544928173587 4.939446499081046 5.118348069988504 5.297249640895963 5.476151211803421 5.6550527827108805 5.812099449978735 5.870984471447178 5.9298694929156195 5.988754514384063 6.047639535852506 6.106524557320948 6.165409578789391 6.328628700839461 6.5121524299645 6.695676159089539 6.879199888214577 7.062723617339616 7.246247346464655 7.429771075589695 7.613294804714733 7.7968185338397715 7.980342262964811 7.867928127416812 7.698057018044719 7.528185908672626 7.358314799300532 7.188443689928439 7.018572580556346 6.848701471184253 6.67883036181216 6.599871817858281 6.695442594469799 6.791013371081318 6.886584147692837 6.889762834754526 6.807972936981804 6.712354674335666 6.616736411689528 6.5211181490433905 6.425499886397252 6.343312011602369 6.2210086012432 6.055128816543022 5.889249031842844 5.723369247142665 5.557489462442486 5.3916096777423075
4.325613822273373 4.504515393180831 4.6834169640882894 4.862318534995747 5.041220105903206 5.220121676810664 5.399023247718123 5.526966838422497 5.585851859890939 5.644736881359381 5.703621902827825 5.762506924296267 5.8394918850271385 6.023015614152177 6.206539343277217 6.390063072402256 6.573586801527295 6.757110530652334 6.940634259777372 7.124157988902411 7.30768171802745 7.491205447152488 7.674729176277529 7.858252905402567 7.70083963763073 7.530968528258637 7.361097418886543 7.191226309514451 7.021355200142358 6.851484090770264 6.681612981398171 6.757865124012032 6.853435900623551 6.938310330313447 6.935645293650162 6.913095499050537 6.817477236404399 6.721858973758261 6.626240711112123 6.530622448465986 6.459180117451533 6.652368760631826 6.486488975931648 6.320609191231469 6.15472940653129 5.988849621831113 5.822969837130934 5.657090052430755
4.098666146046496 4.069584287280615 4.248485858188074 4.427387429095532 4.606289000002992 4.78519057091045 4.964092141817908 5.1429937127253655 5.241834226866258 5.3007192483347 5.359604269803144 5.4184892912715865 5.533878798339856 5.717402527464895 5.900926256589934 6.084449985714972 6.2679737148400125 6.451497443965051 6.635021173090089 6.8185449022151285 7.002068631340167 7.185592360465206 7.369116089590245 7.552639818715285 7.70362225721674 7.533751147844646 7.363880038472554 7.194008929100461 7.024137819728368 6.854266710356274 6.8202876535542645 6.915858430165784 6.984192789209085 6.981527752545799 6.978862715882514 6.922599798473132 6.826981535826994 6.7313632731808575 6.635745010534718 6.575048223300698 6.818396911465031 6.917849135320273 6.751969350620094 6.586089565919916 6.420209781219737 6.254329996519559 6.08845021181938 5.922570427119202
4.1800192529533815 4.1411225496503095 4.102225846347237 4.063329143044166 4.171357894102775 4.350259465010233 4.529161035917692 4.70806260682515 4.886964177732609 4.95670161531002 5.015586636778463 5.074471658246905 5.228265711652574 5.411789440777612 5.595313169902651 5.778836899027691 5.962360628152729 6.145884357277767 6.329408086402807 6.512931815527846 6.696455544652885 6.8799792737779235 7.063503002902963 7.247026732028003 7.4305504611530395 7.536533767430657 7.366662658058566 7.1967915486864715 7.026920439314378 6.882710183096497 6.978280959708016 7.03007524810472 7.027410211441435 7.02474517477815 7.022080138114864 6.932104097895728 6.83648583524959 6.740867572603452 6.690916329149863 6.934265017314195 7.177613705478528 7.183329510008718 7.017449725308541 6.851569940608361 6.685690155908183 6.519810371208004 6.353930586507826 6.159892468354624
4.2613723598602675 4.2224756565571955 4.183578953254123 4.144682249951051 4.105785546647979 4.066888843344908 4.094229930017478 4.273131500924935 4.452033071832394 4.612683982285339 4.671569003753781 4.739128895840251 4.92265262496529 5.106176354090329 5.289700083215368 5.473223812340407 5.656747541465446 5.840271270590484 6.023794999715523 6.207318728840563 6.390842457965601 6.574366187090641 6.757889916215679 6.941413645340718 7.124937374465756 7.308461103590795 7.369445277644576 7.199574168272482 7.02970305890039 7.040703489250249 7.075957707000358 7.0732926703370715 7.070627633673786 7.067962597010501 7.03722665996446 6.941608397318323 6.845990134672185 6.806784434999028 7.050133123163361 7.293481811327693 7.536830499492025 7.448809884697166 7.282930099996986 7.117050315296809 6.951170530596631 6.785290745896452 6.60499382978818 6.392617476444407
5.150820761494443 4.9502263284686645 4.749631895442889 4.549037462417111 4.348443029391334 4.148241950251793 4.109345246948721 4.070448543645649 4.031551840342577 4.196003536839636 4.3275513707291005 4.4335158091529685 4.617039538278007 4.800563267403046 4.984086996528085 5.167610725653123 5.351134454778162 5.534658183903201 5.71818191302824 5.901705642153279 6.085229371278318 6.268753100403358 6.4522768295283965 6.635800558653434 6.819324287778474 7.0028480169035126 7.186371746028552 7.202356787858492 7.103126018792482 7.1218401658959944 7.119175129232708 7.116510092569423 7.113845055906136 7.111180019242853 7.046730959387056 6.951112696740919 6.922652540848194 7.166001229012525 7.409349917176858 7.65269860534119 7.880170044085791 7.714290259385612 7.548410474685435 7.382530689985255 7.216650905285077 7.050095191221736 6.837718837877963 6.625342484534192
6.135503129384348 5.934908696358571 5.734314263332793 5.5337198303070165 5.333125397281239 5.132530964255464 4.931936531229686 4.731342098203909 4.530747665178132 4.330153232152355 4.1295587991265785 4.174415700935766 4.364726115066346 4.555036529196925 4.7453469433275055 4.935657357458085 5.125967771588665 5.316278185719245 5.506588599849825 5.696899013980404 5.887209428110984 6.077519842241564 6.267830256372144 6.458140670502724 6.648451084633303 6.838761498763883 7.029071912894462 7.19306681348027 7.1677226247916295 7.165057588128344 7.162392551465059 7.159727514801774 7.157062478138488 7.151853521455791 7.056235258809652 7.038520646697359 7.281869334861689 7.525218023026023 7.7685667111903545 8.011915399354686 8.145650418774236 7.979770634074058 7.8138908493738795 7.648011064673702 7.4821312799735225 7.282820199311521 7.070443845967748 6.8580674926239755
