PyTrx/Examples/results/velocity1/asciifiles/KR2_20140703_180000.JPG_interpmap.txt
ncols 365
nrows 436
xllcorner 447270.0
yllcorner 8754310.0
cellsize 10.0
NODATA_value -999.999
[rows 168 to 188 of 436, columns 48 to 95 of 365]
7.85723942283637 7.785501159480161 7.773997782154577 7.762494404828994 7.750991027503408 7.7546940133527595 7.765361034796869 7.776028056240978 7.7666501046661605 7.765607667597958 7.90004536331729 7.613299160326475 7.204688958236692 7.289378369414276 7.320207053698309 7.223555838791224 7.126904623884139 7.030253408977055 6.938666880276614 6.865316457639815 6.778372242051187 6.771230706922227 6.78952452275321 6.859371711155629 6.909054759768457 7.02769328640869 7.179480060713564 7.271244860894019 7.27273845763131 7.247873338709656 7.206850056383723 7.165826774057789 7.124803491731855 7.083780209405921 7.042756927079989 7.001733644754054 7.361069290388558 7.772544768651803 8.127800121027105 8.483055473402406 8.838310825777706 8.680653033519153 7.759151252935297 7.019818315721246 6.701920822163357 6.384023328605467 6.246044278513635 6.53154477879773
7.860358807291671 7.792255024982774 7.775887625280514 7.764384247954929 7.752880870629344 7.74137749330376 7.729874115978175 7.718370738652591 7.718150492851677 7.850396699292434 8.083011050609732 7.88305332202373 7.463600742360836 7.358819276105038 7.36926869419361 7.2726174792865255 7.175966264379442 7.079315049472356 6.970406028868794 6.889192125149158 6.80224790956053 6.76193900417514 6.7653604177125395 6.768781831249939 6.865777802250848 7.017564576555722 7.169351350860598 7.285786854296489 7.2872415253946485 7.24577813497356 7.190599205139928 7.147389476431465 7.106366194105531 7.065342911779599 7.0243196294536645 7.155706808940634 7.533282568028654 7.686657007070297 7.797483256748979 8.122260141829052 8.477515494204354 8.394916853572123 7.536907417830529 7.1926819757646925 6.863947510612702 6.549496940121293 6.3166238503572 6.497631630740469
7.863478191746971 7.8220862939147295 7.777777468406449 7.766274091080865 7.75477071375528 7.743267336429697 7.7317639591041125 7.720260581778528 7.725091584918547 7.917485489647098 8.167800082304208 8.152807483720984 7.722512526484982 7.428260182795801 7.418330334688913 7.3216791197818285 7.217309601124764 7.072679849995763 6.962932220964465 6.902971195071677 6.826123577069874 6.752647301428054 6.756068714965453 6.790056307216063 6.905145056188401 7.02023380516074 7.159222641007632 7.30032884769896 7.3010540520662 7.245875122232569 7.190696192398935 7.135517262565304 7.087928896479207 7.046905614153274 7.050859772245087 7.325632844731027 7.635375612698306 7.7751553465574315 7.885981596236115 7.996807845914798 8.116720162631001 8.109180673625094 7.717343725627127 7.373118283561293 7.028892841495458 6.704177410547245 6.541793338836076 6.576206039359922
7.866597576202272 7.837291122486121 7.7796673115323856 7.768163934206801 7.756660556881216 7.7451571795556315 7.733653802230048 7.722150424904463 7.844823286066382 7.9647370988591 8.21519985039812 8.422561645418241 7.981424310609128 7.521888750634399 7.467391975184214 7.338361196075628 7.193731444946627 7.049101693817627 6.955458413060136 6.895497387167348 6.835536361274561 6.763055028990589 6.746777012218367 6.852480524954934 6.967569273927273 7.082658022899611 7.19774677187195 7.3068464703012594 7.301151039325208 7.245972109491576 7.190793179657945 7.135614249824313 7.08043531999068 7.02846831652695 7.220785808035481 7.49555888052142 7.707882602425967 7.850972528319092 7.974479935723251 8.085306185401933 8.175174847754288 8.150527454257666 7.85825343420136 7.530345751536167 7.202438068870974 6.865103707226223 6.766962827314951 6.801375527838798
7.869716960657572 7.8404105069414225 7.784132370326429 7.770053777332738 7.758550400007152 7.747047022681569 7.735543645355984 7.7240402680304 7.964554987214218 8.072808713769854 8.189671472672941 8.512914211149143 8.124172768250986 7.693719340422749 7.459412791026489 7.31478303989749 7.170153288768489 7.02552353763949 6.947984605155805 6.8880235792630184 6.828062553370231 6.7681015274774445 6.787070476425757 6.892074471807683 6.99707846718961 7.102082462571539 7.207086457953467 7.387779380211027 7.383447207366186 7.326268942335 7.269090677303814 7.21191241227263 7.203378389069697 7.2180223986899 7.352829137458911 7.645244453287818 7.780389592153629 7.9199661871607665 8.062978275210387 8.091006667840114 8.11208588673184 8.085327753286784 7.934537301217682 7.606629618552488 7.278721935887296 6.957244050418961 7.158573658957777 7.2968163249919495
7.872836345112873 7.843529891396724 7.813963639258382 7.771943620458673 7.760440243133089 7.748936865807504 7.737433488481921 7.838343451448704 8.08428668836205 8.18420555895097 8.284140411003714 8.487385833423962 8.11516010944678 7.839726539774702 7.564292970102622 7.291204883719352 7.146575132590352 7.0019453814613515 6.940510797251475 6.880549771358689 6.824616194577808 6.7606880826592715 6.789152004805865 6.89787108214263 7.002875077524557 7.107879072906485 7.226387858034057 7.47234249474213 7.480307656752205 7.42312939172102 7.421259715416188 7.479196109361242 7.537132503306296 7.445904907992797 7.450688402442715 7.729082765825554 7.845881154602135 7.979508777758756 8.00303265781264 8.027917706817664 8.04899692570939 8.0201280523159 7.869538867179131 7.68291348556881 7.355005802903618 7.051297437476096 7.1517491045731765 7.734057703421325
7.875955729568175 7.846649275852024 7.817342822135874 7.7738334635846105 7.762330086259025 7.750826708933442 7.7393233316078565 7.958075152596539 8.204018389509887 8.295602404132083 8.382768392748863 8.465055565929678 8.215057563580189 7.971231361196466 7.710300169454574 7.434866599782495 7.159433030110416 6.992998015239934 6.936447129524402 6.882788773231413 6.829130416938422 6.761217002209632 6.813328732890535 6.865440463571438 7.008671687859504 7.11590112150526 7.26879352406654 7.556905609273233 7.639141041762678 7.697077435707731 7.755013829652786 7.8129502235978405 7.870886617542895 7.673787417295694 7.548547667426519 7.789167894539697 7.8989292495245245 7.90247295122949 7.924064885442697 7.959190486540092 7.985907964686942 7.954928351345017 7.804339166208247 7.653749981071476 7.446838201234863 7.145350824533232 7.144924550188577 7.727233149036726
7.8790751140234745 7.849768660307325 7.8204622065911735 7.776009715670083 7.764219929384962 7.752716552059377 7.831863616831027 8.077806853744374 8.320559116106732 8.4069992493132 8.493439382519666 8.34723109245108 8.07943251364199 7.834755861103993 7.590929658720273 7.347103456336551 7.10327725395283 7.003325892847938 6.96023909891774 6.905089167646726 6.853680632817834 6.859062439963903 6.892336844090675 6.924517186851994 6.99915422306024 7.167558168767276 7.307621588295887 7.499357360579842 7.738909220973321 8.030831549944333 8.088767943889387 8.146704337834441 8.17103491021019 7.901669926598592 7.646406932410322 7.8492530232538416 7.867197757022906 7.846470974314693 7.98064825695135 7.94618656823733 7.929068227686118 7.892585301593083 7.894904562234534 7.897223822875984 7.764395441956261 7.239404211590368 7.138099995803978 7.720408594652127
7.882194498478777 7.852888044762626 7.823581591046476 7.794275137330324 7.766109772510898 7.754606395185313 7.95159531797886 8.197538554892208 8.431955961287846 8.518396094494314 8.53966231023739 8.280100139044059 7.961608040163392 7.698280361011518 7.454454158627797 7.2106279562440765 7.040815931395002 7.026338181571747 7.03661822043969 6.99905136514286 6.972315042029301 7.008695695052062 7.045076348074824 7.111883293983395 7.20903498878544 7.282924198053063 7.461602917986294 7.699112759005499 7.848284376253397 8.015852487452198 8.23060379406209 8.48045845207104 8.398917419513088 8.129552435901488 7.860187452289886 7.814925733989496 7.786510521208251 7.8376054509580575 8.081669784792428 8.044187951779795 8.047031907486575 8.094147666637921 8.141263425789269 8.173847326478175 8.176166587119626 7.582647394638736 7.131275441419381 7.594279102984452
7.885313882934076 7.856007429217926 7.826700975501776 7.797394521785625 7.7679996156368345 7.825383782213349 8.071327019126695 8.317270256040043 8.543352806468961 8.583021393387135 8.541964583406212 8.26239002621212 7.92068072287039 7.57897141952866 7.317978658535322 7.078305969942069 7.080818363345384 7.1190964519074615 7.1152442835432765 7.077677428246446 7.1309242673273046 7.053629299495946 6.990609782631031 7.15845082113222 7.2323400303998415 7.365568090925137 7.603077931944343 7.840587772963547 8.07809761398275 8.27330878962975 8.459605302610273 8.616859890532536 8.364879515782427 8.05642291075917 7.787546274078296 7.726550068101807 7.698134855320562 7.8973373182509565 8.141401652085328 8.171046206115454 8.218470437105331 8.265894668095209 8.313318899085086 8.343151413660133 8.325124105550726 7.818170857436061 7.092347073902001 7.697398168514338
7.888433267389377 7.859126813673226 7.829820359957077 7.800513906240926 7.76988945876277 7.9451154833611835 8.19105872027453 8.437001957187878 8.63731941606755 8.585323666555958 8.544266856575035 8.244679913380184 7.9029706100384525 7.561261306696721 7.220901038812545 7.135298545119021 7.1735766336810975 7.211854722243177 7.193870346646863 7.21877071678435 7.2924633481014505 7.28172967998961 7.204434712158251 7.18175586274662 7.2695332638639805 7.507043104883185 7.74455294590239 7.861303445744402 7.976429802668747 8.160001752469379 8.521106907192397 8.695696243166893 8.269250280671308 7.8845460193088694 7.726428287924597 7.660811003685152 7.713004851709487 7.9570691855438564 8.201133519378226 8.306116315386138 8.269623777951043 8.233131240515945 8.196638703080847 8.16014616564575 8.248515840918179 8.084889855533314 7.284686028039412 7.852701081163554
7.658717037612669 7.681844833377766 7.717144216462258 7.77695888470131 7.966396082971518 8.197413165054744 8.464848303102533 8.732283441150322 8.99971857919811 8.909154238545561 8.795049280959526 8.289885808498202 7.954927215411706 7.619964834776052 7.284977766108056 7.197050517582344 7.266334904016814 7.304612992578892 7.297810989011686 7.371503620328785 7.445196251645884 7.509830060483273 7.432535092651914 7.198245156893314 7.349857135671439 7.464983492595785 7.580109849520129 7.6952362064444735 7.810362563368819 8.046694715309009 8.402243312196582 8.77308266080065 8.416016589917184 7.730927586010342 7.69883518985061 7.7221457294787195 7.616203278683674 7.860828013241811 8.105452747799948 8.12311106737176 8.086618529936663 8.050125992501567 8.013633455066469 8.155162910080808 8.139548157802816 7.97592217241795 7.562981562779461 8.165708021092717
7.681805764877468 7.749064103176874 7.928753635474308 8.108443167771744 8.318850532451737 8.530781470880134 8.767474417903388 9.034909555951177 9.302344693998965 9.279741467062221 9.0721973604321 8.55810868707894 8.044020013725781 7.683933216093737 7.348974623007242 7.164737968514526 7.329451304826907 7.388689328150867 7.450543892556119 7.524236523873219 7.597929155190318 7.6716217865074166 7.660635473145578 7.412246616733381 7.183789896371511 7.2989162532958565 7.414042610220202 7.529168967144546 7.644295324068891 7.933387678148639 8.28893627503621 8.644484871923783 8.672793459902937 7.806387261120918 7.833253289619131 7.744830108225235 7.615094979904281 7.762246685121214 7.982659535444593 7.9409165852095995 7.903613281922282 7.867120744487186 7.976453713774834 8.163910910916869 8.030580474687453 7.866954489302586 7.70661800615463 8.086013731980241
7.900858853949872 8.080548386247306 8.26023791854474 8.45937404350356 8.671304981931957 8.883235920360352 9.09516685878875 9.33753567075203 9.60497080879982 9.650328695578882 9.349345439904669 8.835256766551511 8.321168093198352 7.807079419845193 7.4129392167757695 7.2055723673152645 7.207038576574799 7.416404937911503 7.845055757370891 7.792433440844765 7.75066205873475 7.82435469005185 7.888735853639242 7.626816224841549 7.331344124995217 7.132849013995929 7.247975370920274 7.363101727844619 7.478228084768965 7.8200806409882695 8.17562923787584 8.484410481095393 8.328627346195999 8.048772007332918 7.854922887659699 7.767514486971749 7.637779358650797 7.663665357000621 7.801424343882516 7.75968139364752 7.720608033907903 7.797744517468859 7.985201714610891 8.085238776956952 7.9216127915720875 7.763252859111231 7.6117826739759025 8.006319442867769
8.232343137020305 8.412032669317739 8.599897554555383 8.811828492983778 9.023759431412175 9.23569036984057 9.447621308268968 9.659552246697366 9.907596923600675 10.02091592409554 9.62649351937724 9.11240484602408 8.598316172670923 8.084227499317764 7.570138825964606 7.264733889281585 7.4263243089334585 7.587914728585332 7.921794394589457 8.281794115213193 8.621573599349663 8.568951282823535 8.447315623208551 7.9364357263169305 7.545913733103384 7.2504416332570525 7.081908131620345 7.197034488544692 7.351225006940327 7.706773603827899 8.018283879232362 8.230334797896285 8.074434382229876 7.882308786131739 7.782032906066369 7.689087749753367 7.658658630817419 7.565084028880026 7.620189152320438 7.578446202085444 7.5967825694519115 7.806492518304916 7.993949715446949 7.976271093841589 7.819887712067833 7.668417526932503 7.516947341797173 7.885644737906356
8.563827420090737 8.743516952388172 8.9523520040356 9.164282942463997 9.376213880892394 9.588144819320792 9.800075757749187 10.012006696177583 10.223937634605981 10.391503152612202 9.903641598849811 9.389552925496652 8.819672276120238 8.17446769664409 7.529263117167941 7.45016487154303 7.664434851292522 7.826025270944395 8.067184130643675 8.427183851267408 8.787183571891147 9.147183292514883 9.06604789587213 8.609494648802126 8.098614751910507 7.587734855018885 7.1695391415188885 7.030967249244765 7.237917969779958 7.552157277369329 7.852170735540121 7.970675590768405 7.814775175101997 7.65887475943559 7.634977038720383 7.553681730782985 7.523252611847036 7.501827638164814 7.482580001843633 7.465404550864122 7.486512876275148 7.5941637019406 8.002697716283008 7.876522565024433 7.725052379889105 7.573582194753775 7.422112009618444 7.508421015856976
8.89531170316117 9.092875515087423 9.304806453515818 9.516737391944217 9.728668330372614 9.940599268801009 10.152530207229406 10.364461145657803 10.57345679017815 10.556623969256265 9.904720753230059 9.25951617375391 8.614311594277762 7.969107014801613 7.3409258554244845 7.593937994420697 7.84695013341691 8.064135813303459 8.225726232955333 8.572573587321624 8.932573307945365 9.148689163531511 8.831052290981603 8.482047619805646 8.126035142043646 7.770022664281646 7.414010186519646 7.057997708757647 7.086030675506296 7.386044133677089 7.686057591847883 7.711016383640526 7.578938637632238 7.507018237911007 7.45323790060031 7.425546860189463 7.408124464386335 7.41243014832431 7.402447395896544 7.359283205564747 7.389104351115639 7.674418005196892 7.924295445580104 8.01983472348249 7.877734190798137 7.717781820551991 7.506260618943505 7.2435205059755905
9.233399026139246 9.445329964567641 9.657260902996038 9.869191841424435 10.081122779852832 10.20181037267274 10.149607171427133 10.097403970181526 10.262980416961534 10.398093484996147 9.699360071387582 9.054155491911436 8.408950912435287 7.763746332959139 7.484698978302153 7.737711117298365 7.990723256294578 8.243735395290791 8.463836775314396 8.717963323375841 9.07796304399958 8.896754675478885 8.579117802928977 8.254059821501162 7.898047343739162 7.542034865977162 7.186022388215163 6.892374802768224 6.9268237533347765 7.224057833728068 7.520883236385302 7.637741637872562 7.6589590433990775 7.680176448925592 7.703574086799296 7.690388766820498 7.587528923170249 7.47931765366935 7.354274635850594 7.435753884156787 7.556367041136204 7.72754500782913 7.823084285731516 7.918742455570896 8.018637602692419 7.849772505508897 7.534074341544066 7.25015507083526
9.585853475619464 9.797784414047861 9.830163955167327 9.777960753921723 9.725757552676116 9.673554351430509 9.624807049229357 9.870567643075525 10.116328236921692 10.23956300073603 9.53366192648393 8.848794810068961 8.203590230592813 7.558385651116662 7.62847210117982 7.881484240176032 8.134496379172244 8.387508518168458 8.640520657164672 8.863537737325332 8.962457059976167 8.644820187426259 8.327183314876352 8.009546442326444 7.670059545434677 7.314047067672678 6.958034589910678 6.820794933517719 6.7610077481907425 7.033106823850391 7.305205899510038 7.571032798266502 7.829480333320281 7.886425093682868 7.8929419249339094 7.746461079887249 7.598738725178606 7.47369570735985 7.348652689541092 7.727395292020168 7.969057840969313 8.124289791049252 8.224184938170776 8.257462939817827 8.144760487734958 7.891983182790876 7.561888064144629 7.256789635694927
9.40631433641631 9.354111135170703 9.301907933925095 9.249704732679488 9.197501531433883 9.232394275343347 9.478154869189517 9.723915463035684 9.969676056881852 10.081032516475913 9.375131442223813 8.669230367971714 7.998229548750335 7.519233085061275 7.772245224057488 8.0252573630537 8.278269502049914 8.531281641046126 8.757979780998902 8.92234189668216 8.741122564051642 8.392885699373632 8.075248826823724 7.757611954273818 7.439975081723912 7.086059269368192 6.83801347141601 6.783412296361432 6.764617406215106 6.817429486975127 7.089528562634776 7.359429217990676 7.617876753044453 7.876324288098229 7.918345110849106 7.771324629946498 7.621950196028358 7.472575762110217 7.3430307432315916 7.568953097880756 8.233080954872413 8.529627420770657 8.423081598070079 8.31037914598721 8.197676693904338 7.992749945700171 7.5897017867451915 7.274003622780361
8.878058315174078 8.82585511392847 8.773651912682865 8.721448711437258 8.839981501457338 9.085742095303505 9.331502689149673 9.57726328299584 9.823023876842008 9.922502032215796 9.216600957963696 8.510699883711597 7.8047988094594976 7.663006207938942 7.875057612605691 8.076995264832371 8.27893291705905 8.432387767355213 8.575472371046056 8.718556974736899 8.644711779548501 8.279895495136053 7.915079210723602 7.550262926311152 7.1880405936712854 6.858071471063709 6.820442135854073 6.799541354322432 6.778640572790793 6.814163126035277 6.873851225759512 7.145950301419159 7.406273172768625 7.711122102805489 7.943748296764301 7.796188180005749 7.6468137460876076 7.497439312169468 7.3480648782513285 7.410510903741344 7.972815631332374 8.456747253626103 8.504337238164235 8.36329535215659 8.250592900073721 8.093516708609467 7.684350432001009 7.301817345380924
