Examples/results/velocity1/asciifiles/KR2_140509_120000.JPG_interpmap.txt
ncols 278
nrows 500
xllcorner 446960.0
yllcorner 8753660.0
cellsize 10.0
NODATA_value -999.999
[rows 315 to 335 of 500, columns 144 to 191 of 278]
5.948635028124145 6.106235107140432 6.1552065684910895 5.745150634115723 5.241928039345675 5.674305525070797 6.2316268346833885 5.878515579436886 5.2968752522138285 4.824882681609321 5.744300598784546 6.09222767420175 5.56283222611162 4.844656142884308 4.317518849901749 4.372583480397888 4.427648110894029 4.2234676538012454 3.9347319984231923 3.6459963430451388 3.0784818723312863 4.042384693888414 4.963576404297013 5.050464282979467 4.917593773838949 4.918314193214016 5.371403348821471 6.8986261161575815 7.1000736478326125 7.123520897008971 9.302993736744522 6.581157813764003 6.63102529510201 5.750803602394459 4.905168548202218 3.862370540158148 2.8195725321140785 2.908262301480541 3.0583339766064412 3.3657684368411713 3.673202897075902 3.984994533350546 4.335578819959849 4.686163106569152 5.51860500140834 5.176252987784427 4.927147117428669 4.473935091739363
6.222159661152966 6.386062369206885 6.072384425267839 5.563870067324966 5.024368806977748 4.937328564395228 5.658230844574975 5.726354575968865 5.193172909646636 5.439681283797853 6.6699557625040296 5.472125379981484 5.407607962350036 5.216731951337491 4.701977867522518 4.721682688048563 4.662339386490684 4.3614368226319264 3.975856044942173 3.6560787040758838 3.875327328084473 4.427206447477085 4.567426457286677 4.339422028351711 4.2065515192111915 4.553344841674541 6.2924236354414065 9.20916534786384 9.111237251109001 9.013309154354161 9.598806143037049 7.645692587720894 6.608172161496096 6.712904021714324 5.579803286645471 4.313974339296043 3.048145391946615 2.5929466622529116 2.7003802477107355 3.037840106513218 3.3884243931225213 3.7390086797318247 4.089592966341129 4.628057568141619 5.835654393752169 5.7356039340519045 5.3792582230533945 4.962624286860665
6.366342776247587 6.3944688581232105 5.871580177254419 5.358655470186224 4.816194442674207 4.348419548204027 4.702202335119377 5.141133408684466 5.847456578841969 6.553779748999472 4.916540503392667 4.852023085761218 4.742574211124338 4.8748045221388026 5.337193840556713 5.144918153258395 4.86499046255656 4.579148239552169 4.036134270966661 3.493120302381153 3.4570299523159163 3.614242343871628 3.752455067050645 3.8912091641266056 4.023851609475349 4.094622531562515 5.081294437970299 6.276626325035464 7.535359520930381 8.794092716825299 9.195371188959733 7.564149167735023 5.9329271465103135 4.231739856837658 3.4745708036636924 3.1602569585636924 2.8459431134636928 2.5316292683636936 2.4412699662851933 2.7918542528944967 3.1424385395038 3.493022826113104 3.843607112722407 4.685099754575784 5.8926965801863345 6.365408595948534 5.952602866695469 5.451313481981967
6.187880671541816 6.113607286374334 5.323994297469093 5.040823619830097 4.6737554015399425 4.732168483831775 4.55975931200312 4.2879486852973745 4.04889333759812 4.301973476630498 4.490401913943017 4.699886721200445 5.092801157258027 5.526384485157686 6.04057566012864 6.526157071686665 5.814593598775716 4.480867935241479 3.8479506949577367 3.247867109360275 2.997911665945029 3.248561640699773 3.502226604306638 3.7558915679135034 3.786835480373214 3.3107168515585292 4.350460209266095 5.6091934051610135 6.498581568668247 7.373437284114697 7.71078099488115 6.07955897365644 4.448336952431731 4.419980581154134 3.7681053772544337 3.29944561813235 2.985131773032351 3.1058062004352136 2.926801631875804 2.545868399275775 2.8964526858850785 3.2470369724943824 3.5976212591036854 4.74214194100995 5.9497387666205 6.995213257845164 6.003258425078968 3.7734830002606268
5.740346988837267 5.448032840559835 4.905540112590204 4.37579517071018 4.4859097334932105 4.422604520489138 3.940570505991321 3.668280205042192 3.753437224348102 4.489316032336639 5.731201623807442 5.310797792377249 5.7155751297586574 6.198781545850568 6.456369147997728 6.285108054869695 5.889586339615004 5.004604409284416 3.802346982386612 3.5205748824859757 3.3929852739881814 3.1647062782084125 3.3669090080935353 3.6205739717004004 3.511051957829986 2.730017318634824 3.162528068644742 4.037383784091191 4.912239499537641 5.787095214984092 6.2261908008025655 4.794338480874267 5.76939576600248 4.916369202772751 4.291101438081149 3.679159319878269 3.124320432601009 3.680503356790044 3.530852909134716 2.9559243399695863 2.6504668322663574 3.001051118875661 3.5915873018335653 4.799184127444115 6.006780953054665 7.254015743188206 6.30684878528818 4.714598896676662
5.226118229738436 4.6511390576691785 4.179889316018403 3.7574534841476064 4.175271266500526 4.189571297032412 3.8156166282755413 3.526515508246553 4.539497010065215 5.23446299994153 4.903403607540727 5.292889732740219 5.545818897259147 5.1285253622863225 4.862549765344052 4.691288672216019 4.454693936987445 3.8125509295643254 3.8181651846494358 4.016337877811103 3.7880588820313346 3.5597798862515657 3.331500890471797 3.4191692098254363 3.263523350138035 2.4881827880239724 3.253899234327182 3.7438014614941872 4.233703688661191 4.723605915828197 5.581099164647387 7.118810950850827 6.249581757192354 5.426039617110748 4.814097498907866 4.18210674724342 3.4895915152143724 4.2552005131448745 4.134904186393628 3.5599756172284978 2.985047048063368 2.7550652652569396 3.6486294882677304 5.34451011956638 6.763707513783734 7.3072110149502745 7.269722944303217 5.584713132893156
5.440721230608586 4.65002136285679 3.754684669965491 3.2250135654393226 3.4923561003405403 3.882195788582366 4.77389030201726 4.711988092460475 4.467078810325468 3.8665069090019415 3.81561068091837 4.533124527075964 4.633723641340188 4.663739378821573 4.500289287963636 4.082995752990811 3.6657022180179863 4.3449137384193675 4.466110937954956 4.337576594154569 4.031394796567239 3.7598677126374533 3.4883406287076673 3.299128405517779 2.9623429968012567 2.486889325421575 3.108118414095625 3.4292641568001225 3.8297909441856395 4.230317731571156 5.099614370209751 7.126635826145976 6.72976774838223 5.949035677937465 5.288855117635491 4.596339885606442 3.903824653577394 4.1915817930749295 4.4637212290951425 4.101675327423339 3.530234117061444 2.95879290669955 4.726945998703336 6.273399284379261 6.816902785545803 7.135126555020494 7.402703164153099 6.436776355912047
4.979599788185553 4.247404555736085 3.515209323286618 2.9203745021258483 4.029926690443493 4.805780266708284 6.045897590851094 6.559246465086644 4.327430414715952 3.7708327604537555 8.258032028988193 3.605866764306432 3.7081480210300524 3.738163758511438 3.7681794959928228 3.7981952334742073 3.4547596786681245 5.2039804784189805 5.325177677954569 4.761860665529455 4.197305533477664 3.6999751151929003 3.4146832773562923 3.1236809906390843 2.75990643285535 2.636344169213559 2.988715017114437 3.0348208799877963 3.4210546820656482 3.8072884841435 5.111323222207654 6.588835584183101 6.671367313541988 6.2411444441892545 4.875576559993706 4.267388197411702 3.6591998348296984 3.822609589866502 3.7405136738815905 3.860901651054095 4.003440516664205 3.431999306302311 5.981139352598573 5.92310730613625 6.215393916444814 7.132785033652218 6.956403936349894 6.0957812523592185
4.518478345762519 3.905601364790609 3.343291379363572 3.254185240706858 4.607962263277349 5.85970291506534 6.837552323548558 8.040956829722587 5.532005455899288 6.794848368955805 12.026116225827836 4.076112684754365 2.7825724007199173 2.8125881382013023 2.842603875682687 3.0915492980719224 3.46504547679136 4.692789854019129 5.722635933017474 5.152877973439451 4.583120013861427 4.013362054283403 3.6489755194338374 3.608212100693062 2.7986345566484134 2.6337414672630572 3.0350290451152837 3.2102322698335812 3.064582894211443 3.450816696289295 5.23211723329881 6.85956889169178 6.6660883986777435 6.716765839558482 4.912358359171355 3.0307189339641205 2.985747692911591 4.083812592339628 4.148857987985343 4.292821548856427 4.436785109727509 4.580748670598593 5.3208197378260955 5.370858020148576 6.296628325210065 7.21401944241747 6.510104708546689 5.649482024556013
4.340599252147441 3.767719178567797 3.2054091931407602 3.587995979287868 5.281906973832329 5.326898032333405 6.232060741080753 8.206445105895229 7.530444511942182 7.754526593145748 11.284785438902912 5.1033917827723005 2.3550870569818345 2.7139373389736994 3.072787620965564 3.4404183124125285 3.760970129665929 4.439084063742941 5.4767241339132395 5.4269101610534705 4.857152201475446 4.287394241897422 4.234405724159229 4.323424001230729 2.693774161284077 2.748947815984076 3.0813430731161304 3.4921976699124184 3.2518841307038295 3.09434490843509 4.61971056702533 5.498267516119407 6.027422799710529 6.137856222297037 4.388942562701597 2.831697302367285 2.909210234271173 3.3618409522707946 3.8432458391836843 4.261010321571255 4.572125418009065 4.629314943249259 4.980227850980745 5.515277894969406 5.955137459032536 6.919233184942087 6.048336564568706 5.177439944195327
4.3841586809489455 3.952132317952543 3.35614165254296 4.56877219918891 5.358865812608176 5.342259098068514 5.626569158612948 8.371933382067873 9.970778957624725 11.001570278637857 10.930019412308765 8.052750419694144 3.4380658777872473 3.211918156543977 3.5707684385358416 3.586943139229879 3.8754679197925794 4.1853782734667515 4.909401953211443 5.221479167860043 5.131184389089465 4.5614264295114415 4.81983592888462 4.053821965158401 3.1294382488656796 2.602321481649819 3.037399831381329 3.6093877566257238 3.5338495307826667 3.417659386235715 3.29335553382316 3.8124557097728156 4.634937795879469 5.195276707729279 3.8428509576736745 2.8900747457750087 3.0823989296719367 3.5791189664364076 3.8902340628742174 4.201349159312027 4.512464255749838 4.232331502754271 4.417310401654705 4.952360445643366 5.542213362597042 5.314073894139324 5.503814848848138 4.632918228474757
5.049539708495877 3.8113929466213055 4.892292943180911 5.063546776818873 5.119044620561249 5.0770911103999135 4.876402198378615 6.999940803186784 9.515199892564898 10.296235910892623 9.498510314018011 7.413723802225874 5.328937290433741 3.746949660457295 3.62481575578605 3.551512682883214 3.911108549744196 4.16286815980272 4.366410219085289 4.661643312108318 4.966234201806845 4.9730881602597306 4.083019873621681 3.30775594505519 3.3137040305084726 2.730362691632482 3.1317640075644833 3.549020521685268 3.7915912651689814 4.223534193666603 3.9383392844431366 3.7719108292402814 4.291011005189938 4.564756815787569 3.641452226849444 2.8486660138667688 2.8135716519704346 3.489131144859729 3.8305729006149893 4.141687997052799 4.452803093490609 3.835348062259283 3.8543929523286646 4.389442996317325 5.308850289447394 5.174409308934727 4.459033270535327 4.088396512754188
4.163003344736612 4.334257178374574 4.505511012012535 4.6767648456504975 4.48348827370048 4.0450121597473645 3.9960627100630335 5.47948863045137 7.360070396998118 8.004783227276738 7.194003870694361 4.709333252920854 4.006411203374622 4.384638611042826 4.260602891244578 4.10269831797018 3.9320780283797285 3.8871597284769632 4.07422054324958 4.261367852130098 4.260902511928341 4.1825857223421625 3.4999106482207614 2.962046398666806 2.934439341063035 2.8565861030326225 3.193843196137094 3.3175911109471867 3.4413390257572796 3.867660858240063 4.4106810784659025 3.944156321014563 4.036448319938808 4.2443729547353515 3.6744656218000125 3.0410162829159932 2.8199660020280675 3.2586044798923055 3.7709117383557613 4.08202683479357 4.259247037650964 3.4383646217642942 3.4511918440688416 3.8265255469912858 5.063290776141979 4.978075581756614 4.265915153207659 3.553754724658703
4.357263793646844 3.491093800402017 3.403332256469362 3.5997065906901478 3.684985478307859 3.113665546711124 3.207027706459885 4.9714347721364955 5.523594516348567 4.377094150535676 3.2305937847227852 2.918065197465232 4.431729316106482 4.913577841611681 4.621927350706553 4.367979044909224 4.217163103561081 4.115507465643617 4.014126582842885 4.201273891723403 4.131923144729909 3.4727760059989055 3.0085194948693013 3.4094027935471196 3.169085628516423 2.928169654490126 2.962413785399013 3.086161700209106 3.209909615019199 3.497309264865901 3.5744479343668463 3.5346459072253236 3.575078050063525 4.029813595270944 3.5480083551097006 3.0715264022137703 2.903123218827973 2.9187095511142576 3.553795920159888 4.022365672534343 3.159228516975154 3.041381181269305 3.054208403573853 3.5005919066953615 4.528435128224193 4.492425668896814 3.918877508100268 2.703016831355132
6.487963181061475 4.637607899378167 3.5064583048023388 3.0474780108097583 2.9531521279757897 2.769908490297178 3.2877727844550395 4.993472208027127 4.736525744285343 3.638214303298859 2.854191177512587 2.8607347208394507 3.736350919564109 4.29527339256917 4.257584014676517 4.349104902169882 4.45904661435848 4.354349336512046 4.24965205866561 4.144954780819176 3.998372556681561 3.6939403593510702 3.3190048143461643 3.384675866812265 3.275210447105387 3.1657450273985095 3.1049904441749434 3.1209621335815303 3.107310989536969 3.022201232742711 3.2261241857147165 3.186322158573194 3.161327938285461 3.4175772782989604 3.3202446732695203 2.993771504328077 2.6061354446805365 2.9377290874168067 2.9103537084456326 3.231434601966699 2.7146335627289715 2.8352564103481916 2.963091507528995 3.1074568438327823 3.719304929756302 3.747817197287857 3.4066824813560914 2.318085512352384
8.618662568476104 6.768307286792798 4.120232497995223 3.2583952757819556 2.8452250260203424 2.7334725787640246 2.6007012230863644 4.453683884034184 3.942538768615459 3.1644921303565403 3.270515488378077 3.4624583445934576 3.5740847464892367 3.5201845722544083 4.007132118955727 4.648088748148934 4.710437792305518 4.179144329675719 4.074447051829284 4.015023617104196 3.8155334646225922 3.752002488792088 3.5495240701761777 2.9353509608805433 2.744612467588375 2.889453044598101 3.0058363025434236 2.9739145836350454 2.8888048268407873 2.8036950700465293 2.8227448367708288 2.8379984099210636 2.8188341475153527 2.8030151287099088 2.8749442523317272 2.593413707234454 2.4960787929171517 3.1385091567022627 2.7904976296984443 2.551817824437137 3.5649068742870336 2.9145102640737743 2.8039676058741376 2.7354211178656205 3.1869116105524693 3.2895076716641434 3.1102994030214477 2.0320583700416344
9.44380393810993 6.808741479838962 4.161010021577994 3.1545545038036242 2.9005384454953944 2.7774489398531523 2.635632928673192 3.2579727625708195 3.391296515261267 2.825142719250742 4.0718312840203525 4.8987213225397515 5.210372882145899 5.61661648538319 5.564363415596311 5.397353288802945 5.041853620439152 4.617944582879978 3.9037470921451916 4.26053593597743 4.395780963013725 4.08929570562251 3.6458457382161398 2.8528683054219024 2.696829019272722 2.6328811826353253 2.8568591154567935 2.790465289155045 2.547266399034018 2.5591820348361596 2.5000791505560898 2.492159375550689 2.476340356745245 2.460521337939801 2.406728506723476 2.32917128937998 2.7110532846083077 2.982416823305744 2.540790753395348 2.15607931306943 2.8253873126607285 2.903009692904625 2.658375870427666 2.625312890427186 2.7836131320023263 2.748472444901992 2.6624463174848203 2.209377135819351
8.279844841046016 5.700326687817124 3.4164415624452893 3.0678636160210653 2.9303217357642506 2.8123806454399802 2.6705646342600198 3.242981158854733 3.369114980749236 3.329882189509463 4.1015963799371145 4.810707413731319 5.4036474900545155 5.589886133055317 5.87492131921994 5.518784669174772 5.092076558979685 4.334048762435943 4.525623832224313 5.036085896151122 4.629067341068843 4.201080260821156 3.719020338535635 2.915255736956399 2.6422250223089354 2.6478699308822256 2.8185825867812566 2.8894908995536412 2.4239286135503275 2.046452701668927 2.0583683374710686 2.5471903582779505 2.6390402842047562 2.655817677882756 2.1687826880322225 2.4080551136073796 2.7079341082347157 2.8673417858554053 2.4813443896340743 1.947210913644654 3.063041542689887 2.623350267958852 2.5551922067864075 2.555675438443817 2.615892560399595 2.3084483681227503 2.247596498342922 2.2724505807048914
7.115885743982102 4.561892239780257 3.4290847074318784 5.309341231926742 3.0388778535190384 2.8180808828254555 2.789232875615572 3.0743902539348165 3.521064236298897 3.5082051926305224 3.738416558639736 4.461179838699199 4.807551266687243 4.488099505513892 4.7848052930615275 4.677931860827008 4.216046009977474 4.37056567548337 4.535681812202167 4.7992220096598395 4.514345688512179 4.229469367364519 3.8412848174002763 3.1659602269936844 2.6801376670213375 2.7086434778982933 2.663087593334711 2.827563344386633 2.5229542239489238 2.0573919379456105 1.6702155113661266 2.675947108291963 2.9790107148058085 2.437656220557444 1.8429631940998505 2.0921287541314975 2.7248997661739978 3.0196308032529533 2.487339097420058 2.3928753935258618 3.1709976153443677 2.389017509450265 2.4843462593185537 2.458429962235234 2.6142323117585065 2.4152880057381414 1.9166968577268926 2.201983872383254
5.2510985113224375 4.9159299910935 4.727048174595208 4.9521995355081145 3.2309891193392337 3.7744056482313733 2.915349434718712 3.1342743053164392 3.2391102547121675 3.595576179862408 4.008982068708376 3.800700349684564 3.8658350433172184 3.8945539658619652 3.882923884162561 4.031800238800204 4.268775968463811 4.423295633969706 4.577815299475601 4.539967084514529 4.255090763366869 4.033122579751385 3.936211877423596 3.0269104320942963 2.581436268324221 2.5350042589958686 2.394902245586794 2.5348430241065456 2.708612912040993 2.270960213385053 1.8738256243257907 2.597389643496533 2.8243752969213043 2.219494763232132 1.517143700167479 1.888108426316124 2.584296641602746 3.001390315433338 2.6209629023235594 2.527980569627493 3.019295021680182 2.348629249185689 2.281240119100626 2.202729486075347 2.612572063117418 2.629036572316266 2.241707813962516 2.4274310309877283
6.255302711358011 6.266206677744671 6.316640780134827 5.020727584746509 3.357767129975445 3.876766484163248 3.059552028249844 3.0314179403608685 3.116643193138634 3.3562860537385615 3.8615757216030926 3.789825227436485 3.6863685032925133 3.388223176540359 3.654359909032918 3.8863328115048352 3.9432937803501087 4.225989414275297 4.630545257961938 4.280712159369219 4.109463402034646 4.121515480421417 4.137191135685373 3.989975010519912 2.7736406757934455 2.6168294435835446 2.4825097604392172 2.640268538761246 2.842576118399105 2.4941176789131796 2.1053508558068255 2.4695574333676835 2.6677011677248648 2.1771020362194164 1.8612431229424433 1.8181955917281543 2.231533306383981 2.8492343671956375 2.736013218502896 2.825409698777443 3.089822085941549 2.791040167993204 2.168101823511307 2.373599422830246 2.8494308051159933 2.8611198377849414 2.500764915082238 2.5510288315649032
