Examples/results/velocity1/asciifiles/KR2_140509_120000.JPG_interpmap.txt
ncols 278
nrows 500
xllcorner 446960.0
yllcorner 8753660.0
cellsize 10.0
NODATA_value -999.999
[rows 273 to 293 of 500, columns 96 to 143 of 278]
5.76903118898602 5.809792273965085 5.8505533589441505 5.891314443923216 5.941792517484187 6.024242919104207 6.106693320724227 6.189143722344246 6.2969241794154085 6.363422185131854 6.5654261093037185 6.80542481711004 7.109505131651517 7.413585446192993 7.7982038454381915 8.263379101133278 9.552822039990867 8.754551797556621 7.810578398895558 6.866605000234493 6.71138462241953 7.079143184819649 7.426505652033589 6.547738155405811 5.720308822727034 6.019819411785398 6.319330000843763 6.899604007458551 7.6185509538569915 8.337497900255432 9.056444846653871 9.508103468539517 9.06107873830636 8.614054008073204 8.196097874637367 8.026895706571988 7.857693538506611 7.688491370441233 8.444427806684104 9.005707325998046 7.127729821244159 6.2966369200692744 5.897975676172283 5.977175289192099 5.500646346583062 5.967325895491372 6.2933082829083045 5.934957794758946
5.6544526525554195 5.7333984064992976 5.774159491478363 5.814920576457428 5.855681661436494 5.9352979899067995 6.017748391526819 6.1001987931468395 6.182649194766858 6.35417217677236 6.697426824164937 7.001507138706413 7.305587453247889 7.6096677677893645 8.01814826241448 7.949955630910598 9.046489823524205 8.418361495287947 7.790233167051686 7.097409893638103 6.234649943622578 6.538065625547093 5.772240479085297 5.00926967635665 5.379544927287882 6.0984918736863225 6.817438820084764 7.536385766483204 8.255332712881646 8.974279659280086 9.820409118018393 10.573793262337183 10.126768532104025 9.67974380187087 9.232719071637714 8.78569434140456 8.338669611171404 7.945288857536385 8.933797360412736 10.51813788216418 8.206737365612035 6.438883474618798 5.785454894197427 5.864654507217242 5.217093665427915 7.061172591590436 6.638390612727145 6.08951108896968
5.509624155808766 5.597721854178877 5.685819552548986 5.73852670899164 5.779287793970706 5.846353060709393 5.928803462329412 6.011253863949432 6.072962502773747 6.269807349608762 6.722483494079322 7.175159638549884 7.5016697748442605 7.805750089385738 8.080423830034084 7.890302464362989 8.540157607057544 7.912029278821283 7.283900950585025 6.655772622348765 6.29763715332036 6.215284521855566 6.037243342889276 5.859202163922985 5.901620452147414 6.730958882246352 7.454220579109418 8.173167525507859 8.8921144719063 9.61106141830474 10.633638065682742 11.639483056134846 11.192458325901692 10.745433595668535 10.29840886543538 9.851384135202224 9.387191700406948 8.846672247413622 7.478436635911375 11.503284425038068 10.286345387808117 8.746224053253307 7.206102718698496 5.871841840318577 6.403706450141196 6.972576269992891 6.423696746235427 5.874817222477963
5.364795659062112 5.452893357432223 5.540991055802332 5.629088754172442 5.7028939265049186 5.757408131511986 5.841803311528576 5.993492054889348 5.784542544145546 6.185442522445163 6.638118666915724 7.090794811386285 7.543470955856847 7.996147100327409 8.020770663486475 7.8306492978153805 7.640527932144284 7.405697062354621 7.068663528803432 7.0306547283341185 6.992645927864803 6.954637127395489 6.887175830455611 6.70913465148932 6.53109347252303 7.198101468870059 8.027439898969 8.809949284532514 9.528896230930954 10.247843177329395 11.446867013347088 12.705172849932513 12.258148119699356 11.8111233894662 11.345945022447033 10.805425569453705 10.264906116460375 9.72438666346705 8.877053792810155 10.464801470391402 9.351963371392154 7.974222467756456 6.596481564120756 6.376407938991709 6.573550662919089 6.757882403501174 6.2718641475329955 6.160978803858319
5.219967162315459 5.308064860685569 5.396162559055679 5.484260257425788 5.585322137098102 5.6790958273436765 5.838153324409652 5.717435672617942 5.648401550811002 6.101077695281564 6.553753839752126 7.006429984222688 7.430366051769047 7.7896664503416995 7.615862877613889 7.495133641110366 7.390951845029317 7.644534755697895 7.763672303347876 7.725663502878561 7.687654702409247 7.649645901939931 7.611637101470617 7.5590671390556565 7.3810259600893655 7.665244055493768 8.494582485592707 9.323920915691644 10.153259345790584 10.884624936354047 12.260095961011436 13.770862643730178 13.304698344487118 12.76417889149379 12.22365943850046 11.683139985507133 11.0666141255333 10.299430025088489 9.53298133695117 8.75570594902809 7.8465504250871625 6.468809521451464 5.89705012626946 6.200856866039533 6.743394875696983 6.707317003561156 6.596431659886479 6.485546316211802
5.208502936029148 5.312691894932916 5.416880853836687 5.508613145012467 5.569113949940673 5.609223944208571 5.69350973819771 5.429015713989742 5.564036723647405 6.016712868117966 6.431724185608927 6.821878045292257 7.212031904975587 7.253416519263221 7.09068917895747 6.969959942453948 7.228659427596803 7.521941440327772 7.7230397940955555 7.924138147863342 8.125236501631129 8.326334855398915 8.306645876015061 8.268637075545744 8.23062827507643 8.132386642117476 8.961725072216415 9.791063502315353 10.62040193241429 11.896350410598323 13.582035214780806 13.773801625056247 13.895586173897694 12.466403284716307 11.03722039553492 9.960431599145414 9.193247498700604 8.426063398255792 7.658879297810982 6.9440280950783695 6.2325592862927195 5.734477373016966 5.414663207792438 6.058019128439238 6.874343440430849 7.031884515914639 6.920999172239962 6.797145276348685
5.24752071160568 5.334852476266297 5.4221842409269145 5.4686034307581215 5.50871342502602 5.548823419293916 5.55658746763988 5.160472387805615 5.433082319448806 5.823236179132136 6.213390038815467 6.603543898498797 6.993697758182128 6.717166588184743 6.565515480301052 6.73775668759264 7.066367010164288 7.394977332735935 7.6004464787254316 7.801544832493218 8.002643186261004 8.20374154002879 8.404839893796577 8.605938247564364 8.807036601332149 8.88762824915156 9.43034539040209 10.843628685410671 12.25691198041925 13.75323707234584 13.599107457063472 13.18391843193012 14.85309693269635 14.279198601324435 12.850015712143046 11.420832822961662 9.991649933780273 8.562467044598886 6.1206780980177795 5.431084882598956 6.050260239716053 5.661384837334055 5.480318661308913 6.215196024795443 6.980920988875685 7.794070142836298 7.270625498663365 7.094375669695971
5.248423572180744 5.327982917307675 5.368092911575571 5.408202905843467 5.448312900111365 5.488422894379262 5.419665197082052 5.258882420306258 5.360583682836754 5.604902032338676 5.995055892022007 6.385209751705338 6.484987863871654 6.180916657106264 6.246853947588477 6.575464270160126 6.904074592731773 7.23268491530342 7.477853163355308 7.678951517123094 7.880049870890881 8.081148224658666 8.282246578426452 8.483344932194239 8.684443285962026 9.55249059471013 12.377897606930825 13.654306752988047 14.243312262508056 13.424413289070694 12.943372883045527 12.60485083892437 14.274029339690596 15.943207840456825 14.662811028751173 13.233628139569785 11.8044452503884 6.764439449639849 5.172837210846858 4.516559600317933 6.067683185660813 5.900944516675077 5.797471839076941 6.472423838183763 7.238148802264007 7.856073388908126 7.4161616453900585 7.151658191659859
5.305283104164267 5.3170913922719185 5.328899680379572 5.3478023809288135 5.38791237519671 5.428022369464607 5.369186271953252 5.4453552996248415 5.45703036463614 5.864816973424299 5.957465348201566 6.166875604911877 6.016947019213782 5.90490343332791 6.084561530155962 6.41317185272761 6.741782175299258 7.0703924978709045 7.3552598479851845 7.556358201752971 7.757456555520756 7.958554909288543 8.159653263056327 8.360751616824114 9.429326227485154 9.716945073208642 12.873082586631924 14.683957886845397 13.592776670515166 12.886234861121 12.287638309027582 12.025783245918618 13.694961746684845 15.364140247451076 16.4756063453593 15.046423456177912 8.94650365554545 5.128731981397171 5.4268260297075255 6.1923286941948845 6.33418860412454 6.218097694443104 6.114625016844968 6.729651651572086 7.005209754864764 6.386769086761295 5.964084583128946 4.1680736500203075
5.40826416829643 5.4197059960106495 5.417270379175651 5.414834762340653 5.412399145505654 5.376982872370486 5.3587041629210095 5.359151306522758 5.354962332568923 5.699311074842545 6.584447554411789 6.253676511677079 5.987858985579093 6.051481318404842 6.124537869169705 6.250879435295095 6.579489757866742 6.90810008043839 7.23266653261506 7.433764886382846 7.634863240150632 7.835961593918418 8.037059947686204 9.127701136089717 10.815173775711202 9.881399551707148 13.1816988960802 13.026051878101923 12.742316318869976 12.37358678703867 11.682870955560693 11.446715652912866 13.115894153679093 14.785072654445322 16.45425115521155 11.128567861451058 5.394271766427337 5.785563876491976 6.002307706834312 6.219051537176648 6.950786990714055 6.954676692406368 6.434803244084447 6.154346120821403 5.522755902274184 5.0154217676170685 3.800989104151455 4.4469865508682584
5.402549628234979 5.400114011399982 5.397678394564983 5.35066395051766 5.300054491426556 5.249445032335451 5.2296078355459175 5.244211416345868 5.252894300501705 5.628111523327213 6.635327870178547 6.260924952106196 6.080805393013598 6.198059203481774 6.271115754246637 6.344172305011501 6.417228855776363 6.745807663005875 7.074417985577523 7.311171571012722 7.512269924780508 7.713368278548294 8.82607604469428 11.51447830057591 10.97962825420971 10.045854030205659 11.4038375353332 10.437184596509997 10.12238831071857 10.306693174195821 10.319217344248987 9.965464530983521 8.431922189865757 6.898379848747993 5.598323229373708 5.539941125693925 5.560116172047173 5.8122867194737395 6.029030549816075 6.245774380158411 6.842441974538868 7.52579999311571 6.692396652395649 5.641180207152515 4.040302049683602 3.6571201253218852 4.30311757203869 4.949115018755493
5.374954487755939 5.324345028664835 5.27373556957373 5.2231261104826245 5.17251665139152 5.121907192300414 5.100511508170825 5.067623065633287 5.021776791396923 5.460941673673291 5.824326051373134 6.035239335042338 6.271580537793844 6.344637088558708 6.417693639323571 6.490750190088434 6.5638067408532965 6.63686329161816 6.912125568145008 7.188578255642598 7.389676609410384 8.524450953298844 11.212853209180473 12.077856956712274 11.14408273270822 10.210308508704168 8.490958638344276 7.85164865360804 7.492294973860235 7.754718701249315 7.871070029521668 6.746426495085709 5.915492769330946 5.857089209245936 5.798685649160927 5.761885212484997 5.763460935156809 5.76503665782862 6.041676032521522 6.272497223140175 6.734096958363684 7.024296347699858 6.736273157032382 5.726844029088179 5.1217454435740555 4.270868838306947 4.941797056299242 5.298911317214046
5.334895009031975 5.044185147385285 4.753475285738597 4.6620018734493245 4.629207609866548 4.608976275237902 4.808900076699301 4.763053802462939 4.8074175733107225 5.259396630448555 5.715926268945042 6.1724559074415275 6.4181584228707775 6.491214973635641 6.564271524400503 6.6373280751653665 6.71038462593023 6.783441176695092 6.856497727459956 7.065984940272474 8.222825861903408 10.911228117785035 13.176085659214834 12.218074379682147 11.025961659432271 9.555090706118317 8.616760593485349 9.484272528146713 4.862201637001902 6.677475319688011 6.565210998792309 6.174258749203174 6.1158551891181645 6.057451629033155 5.999048068948143 5.983829299276069 5.98540502194788 5.986980744619693 5.988556467291504 6.184859211678113 6.499999306807482 6.514285817852243 6.528572328897004 5.535657463289385 5.444214826999102 5.3311924995914035 5.2855604647788095 5.383767390984718
5.349203949083326 5.058494087436637 4.767784225789949 4.477074364143261 4.161184110403732 4.186610528811709 4.418163663389974 4.458484539292592 4.604237861716156 5.059328163084189 5.515857801580674 5.9493792801492305 6.088584031761362 6.539475342492603 6.620450580852651 6.7014258192127 6.78240105757275 6.863376295932799 6.9443515342928475 7.456216836477554 9.861919177883124 12.666610560991764 13.00752995041849 11.84077140145212 10.648658681202242 9.18420481037333 11.083649659153426 12.983094507933522 14.882539356713618 13.358526915151115 8.629621643078591 6.374621168990392 6.316217608905382 6.2578140488203715 6.204197663395327 6.20577338606714 6.207349108738951 6.208924831410765 6.210500554082576 6.937384928947188 7.020846402649224 6.642961250741914 6.32961268551573 5.849818267942935 5.758375631652653 5.666795247007902 5.65408701904536 5.752293945251268
5.287711735089602 4.95210317750067 4.616494619911739 4.280886062322807 4.138987381938961 4.035278534645096 3.99579791696378 4.153915276122245 4.4027300572233345 4.851862717552092 5.2861717165427695 5.477475105328841 5.359658187072311 6.279186696792758 6.657698412284674 6.7386736506447225 6.819648889004772 6.90062412736482 7.436023309689899 8.596762019420131 10.386659916197383 13.188987990992347 12.19820754847274 11.20742710595313 10.216646663433522 10.639409889263797 11.457927344167702 12.276444799071607 13.094962253975512 12.566822594674505 10.797363046328606 8.006370283161608 6.5165800286926 6.45817646860759 6.426141750186399 6.427717472858211 6.429293195530024 7.0497573009305015 7.779750599645016 8.193553962488737 7.463290433405821 6.72522056024942 6.361175435337455 6.08943200261748 6.009754005597652 5.810246846350625 5.688145608827566 5.577716530329645
5.1119758451295425 4.736196571830815 4.400588014241883 4.252571035667578 4.148862188373713 4.045153341079849 3.9414444937859847 3.83773564649212 4.186876592252095 4.6211855912427735 5.055494590233453 5.0055709305084495 4.88775401225192 5.407007768574714 6.469789361824152 6.775921482076745 6.856896720436794 7.415829782902245 8.576568492632477 9.737307202362711 10.911400654511642 12.379665589046596 11.388885146526988 10.594528209523899 10.056317446808183 9.380434054916378 9.60318060857914 10.421698063483044 11.108470831314847 9.499228848305464 10.308904018724954 9.870216251016213 7.583683599676304 6.658538888394808 6.6480858369774705 7.162129672913816 7.572849408038108 7.930207736387141 8.287566064736176 8.339796365286055 7.5781617508654415 6.85253469228156 6.535392876892137 6.1773805964057455 5.807274598496667 5.438921994376123 5.278554298304478 5.345822518069825
4.9863972464816015 4.605602488593583 4.3659606963505855 4.262180004948176 4.158399313545767 4.054618622143358 3.9835246732855443 3.923024446955507 3.9561994659427784 4.390508464933456 4.651483673944588 4.533666755688058 4.415849837431528 4.534828840356671 5.5976104336061105 6.660392026855548 7.3956362561145905 8.556374965844823 9.717113675575055 10.877852385305289 11.4361413928259 11.576605824860696 11.038395062144978 10.500184299429266 9.764623291606677 9.339478249764452 8.564853888497172 8.566951327894483 8.349457476777722 6.431635101936426 7.607266518189016 8.544858097429394 7.438437143617627 6.807420117496855 7.245686485321688 7.666861510285547 8.024219838634579 8.381578166983612 8.738936495332647 8.359466958523766 7.614943628418315 6.977620773818888 6.634866840772944 6.24758779854368 5.860308756314416 5.860243820567416 5.741412651476889 5.14165305956871
4.9345468264262795 4.705352806214663 4.375224637429141 4.271443946026731 4.204531510416658 4.144031284086621 4.083531057756584 4.023030831426547 3.9683035910802777 4.159831338624139 4.179579499124198 4.0617625808676685 3.9439456626111387 3.826128744354609 5.046884135878646 7.063340651073794 7.304736762401356 8.586207667933117 10.857658858517635 12.018397568247867 11.788565909532634 10.49955326382634 9.673317641427506 8.847082019028672 8.762339460815232 9.717842632585505 8.802510319015433 7.887178005445356 6.451634204321509 4.931101512554722 4.9735275880614465 6.257999028055002 5.9109645596631974 6.4927378508301725 7.1998480070732285 7.621800284965875 8.043752562858522 8.465704840751167 8.79580837972866 8.412791854976733 7.647709439454658 7.090719415643447 6.551759439377695 6.443550779787053 6.15882215948027 6.0129268976182395 5.742133548696366 4.931908332968968
4.712604771281889 4.500242876276973 4.3204556827676415 4.348785795344214 4.295018595200958 4.241251395057701 4.183537442227624 4.123037215897588 4.062536989567549 4.269851404855081 5.91340595858563 8.178386767255219 10.443367575924807 9.467044252984037 6.157176132901627 8.125279567872113 7.9867666485231625 7.848253729174211 8.251503326569473 10.48870525778187 10.294688348688666 9.2379430032791 7.929540746450664 7.30002118524951 8.487565572340536 9.67510995943156 9.180874701836487 8.257616544235615 6.69470207047627 5.273509840344773 5.030995716117276 4.788481591889779 4.883075950518135 6.178055584163492 7.154009528824771 7.575961806717417 7.997914084610063 8.170927848638712 8.266787351300861 8.36264685396301 7.749684465447304 7.2038180574680055 6.6249039939764796 6.21250558251185 6.104296922921208 7.3112130162615045 5.757007591080873 4.732751194103109
4.516995205104598 4.3554798645796025 4.26730362068859 4.4051313676297275 4.35136416748647 4.297596967343214 4.243829767199957 4.1900625670567 4.125726744996511 4.257274270136087 5.529505992778012 7.7944868014476 8.689040834419295 9.405108994951156 9.541219429621265 8.807309453993918 8.668796534644967 8.530283615296018 8.6087163358185 8.203816744355588 7.28739413471621 6.794595358010407 6.301796581304604 7.025247296774814 8.212791683865838 9.400336070956863 9.55923908465754 8.531322047598902 7.193793158645253 5.615918168134824 5.389834016388987 6.1608268600307134 8.762913933444985 7.518745723060939 7.108171050576312 7.450187814886616 7.546047317548764 7.546324621328145 7.523295798867095 7.6987672342172395 7.8715996109260935 7.316916699292564 6.738002635801038 6.1590885723095115 6.724958151239527 6.605876496967529 5.868042786934553 5.006273833917033
4.341224872312722 4.191767895816987 4.2251008261759715 4.422077754650825 4.407709739771983 4.353942539628727 4.314369500564545 4.209360274172681 4.104351047780818 3.9993418213889544 4.93840855480227 6.114378105985963 6.849188940059897 7.583999774133829 8.318810608207764 8.270179075861986 11.672248267460187 8.034015017088864 9.132913573758916 9.593264228547811 8.575188724617632 6.574264937772719 5.5248461706441745 5.190035026550024 7.059060825555004 8.928086624559985 9.937603467478594 8.805027550962187 7.667360338399214 6.87070449872204 7.580923921420306 8.372377405941807 7.923834266832841 7.475291127723874 6.808889524479343 6.509728209063116 6.4866993866020675 6.46367056414102 6.440641741679971 7.2204193703230715 7.683625692831376 7.544991107744087 7.4448813456212335 7.344771583498381 6.956211249656581 6.703308482597935 6.729646878928472 6.190668284465168
