Examples/results/velocity1/asciifiles/KR2_140509_120000.JPG_interpmap.txt
ncols 278
nrows 500
xllcorner 446960.0
yllcorner 8753660.0
cellsize 10.0
NODATA_value -999.999
[rows 273 to 293 of 500, columns 48 to 95 of 278]
7.54641649899775 7.50849803891302 7.4444335359847535 7.3448098988072505 7.2844674687105915 7.238353144456109 7.166648151962093 7.085192809972697 6.958280106478594 6.833844613576089 6.9137822906930895 7.045335811893261 6.637888940822712 6.920404067205469 7.382967449916054 7.552677017828691 7.722386585741328 7.892096153653965 7.915368960814753 8.059970672583322 8.654581137345374 8.092952341949747 7.555698757934838 6.957154137114451 6.465643955539414 6.61612337840962 6.766602801279827 7.299605267933169 7.826039370903313 5.727698918016231 5.920889256792193 6.131553682673016 6.382007257352873 6.88465409259979 7.425381921803209 7.736142604797168 8.053030207717411 7.523214771687134 6.451540022273245 6.001301600357521 6.1452596644097826 6.079780466585422 6.014301268761061 5.948822070936701 5.886968670885448 5.850001655473893 5.881208366007956 5.719807286873468
7.646364234443287 7.608445774358558 7.662997277050692 7.222290465646104 7.039554622481669 6.993440298227185 6.992713998772207 7.2118146737562006 7.111876311439938 6.902366895551934 6.8486450741676865 6.890497317964344 7.0221495121876885 7.191859080100325 7.3615686480129625 7.5312782159255995 7.700987783838237 7.870697351750872 7.908808348016433 7.884486168831717 8.176479336651553 7.696212022078503 7.095360078161461 6.499199514247251 6.601463779601829 6.751943202472035 6.9024226253422425 7.438945191238297 8.152414507011983 7.10966406664544 6.4069818317599765 6.226367803521528 6.052464386542291 6.175069161124969 6.4858298441189275 6.796590527112887 7.107351210106845 7.432363378597035 5.355038917012739 6.027408458527511 6.0673195061828755 6.001840308358515 5.936361110534154 5.870881912709795 5.8054027148854335 5.762877382195263 5.620083049577387 5.566354954185309
7.7463119698888265 8.322267829521218 7.88156101811663 7.440854206712043 7.099965654400579 7.146920143058752 7.364883372104858 7.470080305128305 7.21565151943623 6.97896744765783 6.9851078216126385 7.1149000013454025 7.207041520757012 7.1953008477923746 7.34016984610987 7.509879414022507 7.679588981935144 7.849298549847781 7.902247735218112 7.8779255560333965 7.853603376848683 7.217121293825494 6.555956482722244 6.511564148790707 6.308736296010034 6.209584006696386 6.33695905433135 6.580411411742166 7.728978405707707 7.80245984363649 7.039298056431471 6.667872561833832 6.527906781901493 6.442150670502123 6.356394559102752 6.223168844539886 6.167799132422565 6.505870351341945 5.737348271449174 5.602894625482106 5.659211724571122 5.7155288236601365 5.7718459227491525 5.792941754482888 5.727462556658527 5.675753108916634 5.326241165753239 5.421526457438656
7.962255064388977 8.540831570587155 8.245656532825814 8.007387451252821 7.769118369679826 7.5308492881068325 7.721520512615221 7.59177175567349 7.298113249657824 7.101718915491684 7.243884309065351 7.467322892440112 7.597030208388388 7.585289535423751 7.5735488624591145 7.561808189494478 7.658190180032053 7.827899747944689 7.89568712241979 7.723762292519682 7.121848031543204 6.519933770566725 5.890219176831542 6.610769393154907 6.407941540374234 6.205113687593561 6.002285834812888 5.846734713587352 6.2460110637846284 6.808943725430904 6.449369688979641 6.666478552540109 6.234931952966381 6.104438087443585 6.018681976044215 5.932925864644845 5.848884237932764 5.800031394155193 5.594994564309686 5.4248739267304495 5.46113641519407 5.497398903657691 5.533661392121314 5.569923880584933 5.606186369048555 5.327565996754961 5.0678623986488285 5.276697960692003
8.645883386029098 8.710293054592185 8.584532811390066 8.458772568187944 8.333012324985823 8.200002003386079 8.007121712234339 7.696343757964114 7.365967510278599 7.518257469608041 7.6595584296525825 7.819745783534825 7.987018896019764 7.975278223055128 7.963537550090492 7.9517968771258545 7.94078894983933 7.94634718774751 7.790561147386613 7.40666343163071 7.022765715874807 6.638868000118904 6.34074301920628 6.969345150341588 7.166599269693558 7.323190514189215 7.479781758684874 7.528020034629887 7.260171466056068 6.28350968800386 6.471566351085581 6.665084543246384 6.233537943672658 5.80199134409893 5.680969392985677 5.595213281586307 5.545092384861686 5.550990688702198 5.615519493783713 5.462091000216115 5.4983534886797365 5.534615977143358 5.570878465606979 5.6071409540706005 5.6150118844511265 5.229582040090886 4.920895607261182 5.13186946394535
8.335334947551528 8.406936694044303 8.281176450842182 8.155416207640062 8.029655964437941 7.909131553474097 7.906624514725975 7.558289588402523 7.22791334071701 7.349694388329148 8.557095399781666 8.731666665990382 8.8098469579437 8.81540519585188 8.820963433760058 8.608466682582883 8.204932801601462 7.891747421677487 7.999409305580354 8.22063314037694 8.189051144877425 7.805153429121519 7.772326729188864 6.931363644115997 8.321605285714215 8.742443915461765 9.163282545209315 8.507374286374242 7.0780284700551945 6.600818282867551 6.6822186311320895 6.663690533952661 6.232143934378934 5.800597334805206 5.369050735231478 5.257500698527769 5.241300531790608 5.500236790680295 5.577672593200421 5.4993080737017825 5.535570562165404 5.571833050629024 5.608095539092646 5.6088630704128315 5.60921438925625 5.1509540789163335 5.106148804471168 5.104313977125377
8.05273636394224 8.10358033349642 7.9778200902942995 7.852059847092178 7.726299603890059 7.72335118982611 7.720844151077987 7.435432795635047 7.089859171155419 7.153463668230962 8.36086467968348 9.568265691136 9.515862136675267 9.112328255693848 8.70879437471243 8.30526049373101 7.90172661274959 7.922665836265267 7.998299712249014 8.21939014091054 8.440613975707127 8.661837810503712 7.8549803522504575 6.120882362291322 9.253026791339293 8.86121427901303 8.375540404867508 7.985314945915032 6.836726529466704 6.90967396209852 6.819612916930145 6.712643037187298 6.2362050701198095 5.791033350960169 5.362562330899111 5.096222314857885 5.392285000316162 5.462875411231465 5.5409074675290455 5.549889454833716 5.57278763565107 5.602362937531116 5.602714256374535 5.603065575217954 5.6034168940613736 5.118316491780822 5.345423434217976 5.1442506116715006
7.77013778033295 7.800223972948538 7.674463729746416 7.548703486544296 7.5400778649262445 7.537570826178122 7.535063787430001 7.573346810746131 6.951805001593829 6.9572329481327735 8.164633959585293 8.976777803032254 9.212655947823396 8.809122066841976 8.405588185860555 8.002054304879136 7.877950374869301 7.953584250853046 8.029218126836794 8.218147141444144 8.439370976240728 8.660594811037313 8.236753630049932 6.657144680865965 8.429964160529371 7.6888711392828055 7.203197265137285 6.905114159088388 6.9695531735961165 6.87949212842774 6.798777795613351 6.723358173446195 6.306046043362462 5.829608076294975 5.353170109227488 5.200006804714485 5.336160560611687 5.426347988797238 5.50438004509482 5.582412101392401 5.59621412349282 5.59656544233624 5.596916761179658 5.597268080023077 5.597619398866496 5.338559675550386 5.542597271391595 5.342485453805853
7.487539196723662 7.496867612400654 7.371107369198534 7.35680454002638 7.354297501278259 7.351790462530136 7.349283423782014 7.366948431490544 6.992015662422765 6.761002228034587 7.674991030418937 8.162650937045143 8.650310843671349 8.505915877990104 8.102381997008683 7.833234913473334 7.908868789457081 7.984502665440827 8.060136541424573 8.216904141977745 8.438127976774329 8.412439299287414 7.953055960862997 7.405472051081856 7.728438196996345 7.031315691029476 6.476131204737965 6.314316247111916 6.534399362721436 6.789239843192646 6.779259837713621 6.703840215546466 6.375887016605113 5.899449049537626 5.346841354145117 5.156254269372524 5.273527653579959 5.412805024501436 5.499681378409265 5.511603417316358 5.535543056092137 5.567785547489802 5.591119265984781 5.591470584828199 5.591821903671619 5.558802859319951 5.521532918350873 5.451258824984964
7.204940613114372 7.193511251852771 7.1735312151265145 7.171024176378393 7.168517137630271 7.166010098882149 7.163503060134027 7.1609960213859045 7.230742833745497 6.490817184665155 6.860864164431827 7.348524071058033 7.836183977684238 8.202709689138231 7.79917580815681 7.864153328061114 7.93978720404486 8.015421080028606 8.091054956012352 8.215661142511346 8.436884977307932 8.128741630100478 7.669358291676062 7.209974953251645 7.0229246372700445 6.377926712812035 6.35888261501065 6.445108565907449 6.504763668007171 6.570512730731059 6.599578015805678 6.628643300880297 6.393535165089003 5.830727157084765 5.267919149080528 5.149670389216201 5.237701218450307 5.375667933210906 5.3827007650111725 5.4016822354528715 5.422090095377303 5.454332586774967 5.486575078172631 5.518218145802036 5.5425548732388945 5.5869639940589 5.504986308290626 5.4500517700870095
6.938101004866714 6.9902578902266495 6.987750851478528 6.985243812730405 6.982736773982284 6.980229735234162 6.97772269648604 6.975215657737919 7.090400725985052 7.278287163091532 7.042620625830713 7.20089500165361 7.359169377476509 7.649727404984719 7.819437866665147 7.895071742648893 7.97070561863264 8.046339494616387 8.121973370600132 8.214418143044947 8.304427299337961 7.845043960913544 7.385660622489128 6.92627728406471 6.5555842851787975 6.502084310542726 6.472669807821597 6.405927697812079 6.514273623779193 6.589707363107789 6.6218490660304 6.753465431234809 6.533804669644996 5.7518049520201755 5.188996944015938 5.135301711518956 5.2479289688319595 5.24987196252247 5.254220947221238 5.271147193226303 5.2688495377032005 5.303407957930212 5.327744685367071 5.352081412803929 5.376418140240787 5.578269065811214 5.7431584135867215 5.508765626190117
7.0938388589818935 7.088711368792452 7.06779714839419 7.046882927995927 7.025968707597665 7.005054487199403 6.98414026680114 7.086468278655508 7.164690574054984 7.448645112018379 7.736973248979074 7.594424066996272 7.7526984428191685 8.312449982250651 10.104133868512427 9.535948649474161 8.967763430435898 8.399578211397632 8.152891785187911 8.228525661171657 8.020729630151026 7.6172258589398805 7.250777140764418 6.884328422588957 6.517879704413493 6.487681631375776 6.484558083924636 6.525374168072506 6.566190252220375 6.658438012893358 6.790054378097766 6.921670743302174 6.771622927427112 5.906867603737975 5.110074738951348 5.09931459722986 5.111926805113099 5.048911775069127 5.1806152417761036 5.06394100313533 5.067333942085938 5.115318683328104 5.161607952368964 5.1859446798058215 5.2102814072426815 5.110419870638318 5.544135281345685 5.603539327280628
7.2284138496708055 7.2327218470461485 7.211807626647886 7.190893406249624 7.169979185851362 7.23913922054263 7.479845922806565 7.513623158240657 7.54740039367475 7.679137412871658 7.851412258026161 8.148713778901593 8.146227508161829 9.38568301589681 10.099834140873181 9.97131005130105 9.617044714228607 9.182641887674926 8.748239061121247 8.313836234567571 8.022501512219806 7.575447122949791 7.209457583486373 6.843468044022952 6.5297060038173464 6.5579814192546415 6.586256834691936 6.737648312284921 7.099666266461581 6.840480410108169 6.958259690165132 7.089876055369538 7.009441185209226 6.144685861520092 5.581814045214624 5.174747372063952 4.943293965318904 5.061501722556946 5.364885214736379 5.15834742536723 4.9447844916918156 4.952086706289902 4.961787828953007 5.009772570195174 5.02410286700195 4.775399427402439 5.522064465231132 5.599343910263115
7.374170676018288 7.376732325299845 7.355818104901583 7.36953826684259 7.6179754999054605 7.8664127329683335 7.907000802391712 7.940778037825805 7.974555273259897 8.021309406533828 8.193584251688332 8.365859096842835 8.538133941997339 9.01759689320501 9.491483303037914 9.384103804205033 9.255579714632898 9.122139644493362 8.687736817939683 8.253333991386004 8.007381470126473 7.774234916789254 7.195209209452625 6.7968417977623465 6.595317326650825 6.718507514502845 7.080525468679505 7.442543422856165 7.804561377032824 8.166579331209485 6.092846898849961 6.891002768794336 7.247259442991343 6.778408585181969 6.017377062522856 5.252198343506295 5.616562403644487 4.96916387543488 5.10333236833663 5.237500861238378 4.989661355668457 4.9969635702665425 5.004265784864629 5.12453870732869 5.043149616288897 5.047262901083217 5.476461775496144 5.600509800265613
7.324503522504646 7.520742803553543 7.748374546205421 7.996811779268294 8.245249012331165 8.300378446542767 8.33415568197686 8.367932917410952 8.401710152845046 8.435487388279139 8.535756245350502 8.688063455767153 8.756900976780047 8.669492592132787 8.837847516619448 8.796897557109014 8.66837346753688 8.539849377964748 8.411325288392614 8.198400203849653 7.965253650512434 7.732107097175212 7.498960543837992 7.089508634456381 7.0953552241925335 7.423402625074089 7.78542057925075 8.14743853342741 8.509456487604071 8.87147444178073 8.301641058489112 5.9826055223019745 6.3345521772492415 5.569373458232681 5.889083151297289 7.115877536429155 6.399755533311919 5.683633530194684 4.990078366165577 5.124246859067327 5.069555304079945 5.2339265284298 5.377121539291275 5.342091696240271 5.0934267414886225 4.989012078881393 5.254811783694071 5.559786267454168
7.122476289794709 7.862246965241863 8.375648058631125 8.624085291693994 8.693756090693824 8.727533326127917 8.76131056156201 8.795087796996102 8.806162949566067 8.699895162095228 8.671102557358786 8.873998855003215 8.900032401545618 9.465595423418282 8.184211730200982 8.209691310012996 8.081167220440863 8.120318638367586 8.278340115261154 8.404408705052235 8.241623617373609 8.002451286611475 7.763278955849339 8.348701398976523 8.44570484358334 8.542708288190152 8.63904040937479 8.852333643998655 9.214351598175314 9.576369552351975 9.938387506528635 7.014765324432048 5.739482308789328 7.159650163310133 8.579818017830938 7.899070666096587 7.182948662979352 6.466826659862116 5.750704656744881 5.034582653627646 5.1035187838740494 5.629704371253859 5.641033776191644 5.355039638911876 5.064880527550791 5.06484831583446 5.092879016268258 5.389539565436911
6.920449057084772 7.742265960341342 8.930428024071714 9.03474605112239 8.928478263651552 8.822210476180715 8.715942688709877 8.609674901239035 8.503407113768198 8.39713932629736 8.46556571752522 8.720990034289672 9.303248028996316 10.261698254703777 8.644917779687853 8.07164881144892 8.229670288342488 8.387691765236058 8.545713242129626 8.638001268023054 8.580216057710068 8.341043726947934 8.637823471386652 9.697267916937612 9.794271361544428 9.891274806151243 9.988278250758057 10.085281695364873 10.182285139971688 10.28126466292322 10.643282617099882 9.762801706870057 8.430217175322976 9.850385029843782 9.398385798881256 8.682263795764019 7.966141792646784 7.084858183229801 6.13205191209622 5.1792456409626375 5.150231365206294 5.849234836744671 5.616652536335129 5.3264934249740445 5.112653852353731 5.140684552787526 5.1687152532213245 5.196745953655121
6.718421824374836 7.622284955440819 8.369950548754344 8.530744494205683 8.625722427853685 8.519454640382847 8.413186852912007 8.30691906544117 8.20065127797033 8.094383490499492 8.260028877691653 8.661311079086182 9.42363229850308 10.418299696499982 8.966155831157662 8.666756117448662 8.497043415210959 8.655064892104528 8.78991534470566 8.871593830993875 8.918808498046527 8.86347880253286 9.96676184615201 11.045834434898701 11.142837879505517 11.239841324112334 11.336844768719146 11.433848213325962 11.530851657932775 11.627855102539591 11.724858547146408 11.714038773041242 11.464541647872702 10.726471455188893 9.77366518405531 8.82085891292173 7.8680526417881484 6.915246370654566 5.962440099520984 5.19262626555302 5.130263146960828 5.2021237574405195 5.424387735249193 5.297947211036213 5.1884900893067964 5.216520789740594 5.1861879281714955 5.086875637224609
6.5163945916649 7.502303950540298 7.5053311923639825 7.509672064311079 7.934388304899445 8.216698804584977 8.11043101711414 8.0041632296433 7.897895442172462 7.799067721093636 8.054492037858088 8.797059863746043 9.55938108316294 10.383632528108844 9.713314978560504 9.413915264851504 9.114515551142501 8.922438018973 9.02350790767648 9.105186393964695 9.08515348097147 10.192417177298218 11.295700220917368 12.39440095285979 12.491404397466605 12.588407842073421 12.685411286680235 12.78241473128705 12.58174793633092 12.325803961146828 12.069859985962733 9.228119297507956 7.934789456414197 11.04873800817983 10.177635627296715 8.934018135301091 7.698440829212912 6.745634558079331 5.792828286945749 5.268987832899587 5.082829874306241 5.155227094029981 5.190194663131746 5.226122439794055 5.12223127729112 5.017874534916869 4.9185622439699825 4.819249953023096
6.3143673589549625 7.028896593490056 6.640711835973619 6.488599634416479 6.913315875004844 7.338032115593208 7.7627483561815716 7.701407393845432 7.595139606374594 7.59353088126007 8.170487428989006 8.932808648405903 9.6951298678228 10.457451087239699 10.098379500876334 9.417337266352359 8.736295031828384 8.095400036209362 8.108392189709884 8.850549531593732 9.42575937508032 10.897719475966078 12.381980827246593 13.727921639301877 13.70540107480469 13.449457099620602 13.193513124436507 12.937569149252415 12.681625174068321 12.425681198884229 9.643823579783811 6.7251398325461995 5.098065827948537 8.14943582504331 11.11614697315882 9.872529481163195 8.628911989167571 7.385294497171947 5.946842908286316 5.058447599489716 4.814815926495277 5.1382867124344305 5.196848779587676 4.970680526005057 5.010391067289988 4.896106074267738 4.779587499645951 4.663068925024163
6.112340126245027 6.164277237099693 5.99152523237504 6.058300493411822 6.119615487372735 6.375662200707472 6.7416759262869705 7.166392166875335 7.292383770576725 7.543914994231968 8.306236213648866 9.16383195358562 10.037314151185406 9.872793538248597 8.93156679671135 8.190085326731776 7.914250642937661 7.873788240332145 8.615945582215994 9.358102924099844 9.886426725301423 11.37068807658194 12.85494942786246 13.724621804000657 13.805278312542095 13.549334337358001 13.293390362173907 13.037446386989817 12.781502411805723 10.059527862059669 7.227982793994282 6.027382570951916 4.870257900179956 6.171575722586348 8.393615422506635 10.811040827025302 9.567423335029677 7.844878336477004 5.663818623112995 4.991521406657171 4.8189674740217034 5.052926027711059 5.239379237579422 4.818745230851266 4.884447908667925 4.767929334046136 4.6401388253041915 4.490681848808457
