Examples/results/velocity1/asciifiles/KR2_140509_120000.JPG_interpmap.txt
ncols 278
nrows 500
xllcorner 446960.0
yllcorner 8753660.0
cellsize 10.0
NODATA_value -999.999
[rows 189 to 209 of 500, columns 192 to 239 of 278]
5.4739662432514695 5.7902218514576616 6.954074511525636 6.960061577147237 6.384444526230914 6.060920740222877 7.530192271483518 8.944192891386551 10.37185416184487 8.402522980111305 5.173633043009557 5.883549857786374 6.59346667256319 7.321314902964264 8.066076189292014 8.70191409866972 9.30348347057775 11.592742148699513 10.395331624334279 8.650830636146686 7.075209361031178 6.1360961625483394 5.1969829640655005 4.257869765582662 4.1031785428696885 7.8316075252574695 6.042732065360721 7.9742324342852395 8.285916130889738 7.536377140238534 7.5426546047002265 7.947114615172149 8.351574625644073 8.756034636115997 9.160494646587917 9.629026365883767 10.157794018201484 10.664476165040103 10.692896367269405 10.721316569498706 10.723012607070611 10.628521735963403 10.53787812050872 10.153002333873378 9.667588009737479 9.182173685601578 8.696759361465677 8.06694781807822
5.624159457576686 6.239101360541211 6.670229770914121 6.295155157338117 5.795100917893221 6.192865231038217 7.726275759641156 9.259686288244092 10.618880021040873 8.715814986631683 5.531645589236845 6.078245229272319 6.6845004230330485 7.394417237809865 8.195934173098552 9.263611528337627 11.577516574665962 13.891421620994297 14.659595845902679 12.91509485771509 11.170593869527499 9.42609288133991 7.681591893152325 5.937090904964734 4.192589916777149 5.28709113638909 7.218591505313608 9.150091874238125 8.423263623876785 7.673724633225579 7.3160592568564 7.7205192673283225 8.124979277800247 8.529439288272169 8.933899298744091 9.338359309216015 9.74281931968794 10.190434044216023 10.359980498649998 10.265707029249066 10.171216158141856 10.076725287034646 9.990275612928691 9.642350096444542 9.15693577230864 8.671521448172742 8.186107124036841 7.700692799900941
5.7743526719019025 6.1439055963388345 5.976514402631954 5.630248737528998 5.816697229588755 6.368351766672992 7.9017622952759305 9.585732020274714 9.137792861617536 7.207988415571458 5.908922920589332 6.446606002981538 6.984289085373744 7.530505615791506 9.248385954304077 11.562291000632413 13.876196046960747 16.190101093289083 18.504006139617417 17.17935907928349 15.434858091095903 13.690357102908312 11.945856114720725 10.201355126533137 6.605532056427464 6.462950576341975 8.394450945266493 9.310150107515037 8.56061111686383 7.811072126212625 7.089463909012574 7.493923919484496 7.8983839299564185 8.302843940428343 8.707303950900265 9.111763961372189 9.51622397184411 9.894702758702186 9.813248233502222 9.71391058032031 9.619419709213101 9.524928838105891 9.44267310534866 9.131697859015706 8.646283534879807 8.160869210743906 7.675454886608007 7.378513573267329
6.098266436325866 6.418805100678539 6.25929130050872 6.167843448035458 6.126600518892495 6.660476164078209 8.490126103194005 9.617060867711459 7.687256421665381 7.010366081326376 6.77312551905138 7.310808601443586 7.848491683835792 8.680341596136145 11.26475935177615 13.849177107416153 16.174875519255533 18.48878056558387 20.8026856119122 21.44362330085189 19.699122312664304 17.954621324476715 16.210120336289126 12.90848863346598 8.848609716521729 7.638810016294864 9.57031038521938 9.447497600502082 8.697958609850875 7.94841961919967 7.198880628548464 7.26732857164067 7.671788582112592 8.076248592584516 8.480708603056438 8.885168613528363 9.289628624000283 9.51470417905014 9.365898830436672 9.166014856183212 9.067623260284346 8.976496419760897 8.89507059776863 8.621045621586871 8.135631297450969 7.650216973315071 7.338067056707869 7.131979936685826
6.656779553165499 5.58279562434876 8.340161014592534 8.567215298257619 8.782359678846717 8.986036173766133 9.224170125229092 8.981582741830433 8.36783479114524 7.7540868404600465 7.637328117513428 8.175011199905635 8.712694282297841 10.500044149195665 13.084461904835669 15.668879660475673 18.25329741611568 20.787460037878656 23.10136508420699 25.415270130535323 23.963386534232704 22.218885546045115 19.211445210504497 15.151566293560247 11.091687376615997 8.81466945624775 10.334384084140334 9.584845093489129 8.835306102837922 8.085767112186716 7.336228121535509 7.040733223796843 7.445193234268766 7.849653244740689 8.254113255212612 8.658573265684536 8.920909592811011 9.118433401624582 8.91854942737112 8.71866545311766 8.5187814788642 8.428893912180866 8.3474680901886 8.110393384158034 7.624979060022134 7.297620540148411 7.091533420126367 6.885446300104323
7.214276071639198 5.841763460011127 9.046334738995485 10.909127716736952 11.136182000402037 11.363236284067124 10.90208803398994 9.725303500964104 9.11155555027891 8.497807599593717 8.501530715975477 9.039213798367683 9.735328946615178 12.319746702255184 14.904164457895188 17.488582213535192 20.0729999691752 22.657417724815204 25.241835480455208 27.713949602830105 28.227650755801104 25.51440178754302 21.454522870598765 17.394643953654516 13.334765036710266 9.990528896200637 10.471731577127379 9.722192586476174 8.972653595824967 8.22311460517376 7.473575614522554 6.8141378759530165 7.21859788642494 7.623057896896863 8.027517907368786 8.327115006571884 8.540911013158967 8.67108399855903 8.47120002430557 8.27131605005211 8.265844979236478 8.274084865993169 7.799865582608571 7.5997411467291975 7.257174023588952 7.051086903566907 6.844999783544863 6.652442113424422
7.771772590112896 8.180250300619205 9.86692423918729 13.251040135216284 13.478094418881373 13.705148702546456 12.075087738797713 10.469024260097774 9.85527630941258 9.241528358727386 9.365733314437527 9.903416396829732 11.555031499674698 14.139449255314702 16.723867010954706 19.308284766594713 21.892702522234714 24.47712027787472 27.061538033514722 29.64595578915473 30.778552948962226 27.622181773518175 23.599671070740165 19.577160367962154 15.554649665184144 11.517963779860283 10.609079070114424 9.859540079463217 9.110001088812012 8.360462098160806 7.610923107509601 6.861384116858394 6.992002538581113 7.3964625490530365 7.733320420332756 7.947116426919839 8.16091243350692 8.22373459549348 8.023850621240019 7.861290438581049 8.500540208706733 8.765383599039733 8.139733981723964 7.123627140404342 7.0684399216067995 6.88628079485182 6.704121668096839 6.521962541341859
9.156517892297574 10.843191830865658 12.52986576943374 15.592952553695618 15.820006837360705 15.124722093509199 13.248087443605483 11.371452793701769 10.59899706854625 9.985249117861056 10.229935912899576 10.790316297094213 13.374734052734215 15.959151808374221 18.543569564014227 21.12798731965423 23.712405075294235 26.296822830934243 27.964898930544223 28.14993894901107 27.963765599675376 26.39633728301392 24.79935977031579 21.102666508741745 17.080155805963734 13.056595458408612 10.167519840589911 9.679923563764735 9.192327286939559 8.49780959114785 7.748270600496645 6.998731609845439 6.765407190737286 7.139525834093628 7.353321840680711 7.567117847267793 7.7809138538548765 7.77638519242793 7.576501218174469 8.182947667510764 8.511854796261357 8.752253590391199 8.821885994117629 7.681675000718064 6.313891883040615 6.369896329253669 6.425900775466726 6.391482969259297
14.990778294812658 14.713426954198985 15.192807299680192 16.879481238248278 18.161919255840033 16.29772179831697 14.421087148413257 12.544452498509543 11.342717827679918 10.728969876994725 11.094138511361624 12.610018850153732 15.194436605793737 17.778854361433744 20.363272117073745 22.94768987271375 24.97276366164955 25.157803680116395 25.342843698583238 25.527883717050077 25.12540228435162 23.61109912976375 22.014121617065612 20.417144104367484 18.605661946743325 14.568581340984121 10.35239326111861 8.97343852075738 8.485842243932204 7.998245967107029 7.510649690281855 7.023053413456679 6.538811842893459 6.759527254441583 6.973323261028664 7.187119267615747 7.4009152742028315 7.329035789362379 7.841514264256532 8.251064956275904 8.498724787612822 8.73912358174266 8.9795223758725 8.260020180081305 6.648678291374268 5.504156625676886 5.560161071889942 5.936396343813559
21.62057152403845 22.63022170788634 22.09679614359763 21.56337057930892 19.347356153028457 17.470721503124743 15.594086853221029 13.717452203317313 12.086438586813587 11.472690636128393 11.958341109823674 14.429721403213254 17.014139158853258 19.59855691449326 21.980628392754877 22.165668411221716 22.35070842968856 22.535748448155402 22.720788466622242 22.90582848508908 22.287038969027858 20.825860976513578 19.228883463815443 17.631905951117314 16.03492843841918 15.039231478950425 11.864379143694121 8.266953477750025 7.779357200924848 7.291760924099673 6.804164647274498 6.538525226055737 6.557380513213779 6.603377947771802 6.649375382329826 6.807120687963702 7.020916694550786 7.45577294882703 7.933472415079933 8.245195984834446 8.485594778964284 8.643582429808141 8.669336007117035 8.51883423582144 7.298820150434395 6.078806065047351 6.000161244638544 6.56844591940763
21.566946542708095 25.70427568535421 24.064284214053146 20.9167397484779 18.695298605574283 17.968765218506867 16.767086558028797 14.890451908125087 13.013817258221371 12.284860625893515 13.665006200632769 16.24942395627277 18.833841711912775 19.173533142327045 19.35857316079388 19.543613179260724 19.728653197727564 19.913693216194407 20.098733234661246 20.28377325312809 19.4486756537041 18.040622823263405 16.443645310565273 14.846667797867141 13.348542606329323 13.195460633569027 11.630900476615667 9.16017694640412 7.072872157917493 6.624416975014564 6.618004162451171 6.611591349887778 6.654965458331186 6.70096289288921 6.746960327447233 6.792957762005255 6.877906195017344 7.615879873883962 7.991667182056068 8.186021213228639 8.128709752482962 7.86676688071024 7.872113144389309 8.739972417843727 8.767485725686717 7.547471640299673 6.632210820232615 7.200495495001699
20.403246196521508 23.01973538421213 23.36791090294191 20.22036643736667 17.832145454936807 17.105612067869384 16.379078680801964 15.652545293734542 14.186816963029141 13.149063224355565 15.484708753692287 16.181397873432367 16.36643789189921 16.55147791036605 16.73651792883289 16.921557947299732 17.106597965766575 17.29163798423341 17.476678002700254 17.661718021167097 16.61031233838034 15.255384670013235 13.658407157315104 12.061429644616968 11.395995757792639 11.351689788187631 10.44818085763 8.176946445482882 6.756140691213075 6.697483098846606 6.691070286283211 6.706552968890569 6.752550403448593 6.806188770908591 6.866216934728836 6.9262450985490815 7.132730777594411 7.664232653829744 7.323243377381412 7.06130050560869 6.799357633835968 6.90832136403756 8.167164844549877 8.774711101180184 8.9315048371507 9.016137215551995 7.94934403053273 6.9931952983289865
18.34674020200425 20.335195083070044 22.32364996413584 19.523993126255434 16.968992304299324 16.242458917231904 15.51592553016448 14.789392143097063 14.062858756029641 13.384136921471418 13.374302623004537 13.559342641471376 13.74438265993822 13.929422678405059 14.1144626968719 14.29950271533874 14.484542733805583 14.669582752272419 14.854622770739265 14.898526384620586 13.771949023056584 12.470146516763062 10.87316900406493 9.63099354637264 9.552224912411242 9.507918942806233 9.380574749131329 7.906837792151007 7.048325645373032 6.927664334888666 6.8070030244043 6.81978917875923 6.879817342579475 6.93984550639972 6.999873670219966 7.059901834040212 7.387555360171479 7.706938210737388 6.674624735999254 5.731948386961697 5.944529583685812 7.203373064198129 8.462216544710444 8.80944978451664 8.966243520487154 9.12303725645767 9.020906363367544 7.1667694229405114
15.662199900862163 17.650654781927955 19.639109662993754 18.827619815144192 16.105839153661844 15.379305766594422 14.652772379527 13.92623899245958 13.135855876250647 12.167774679704191 11.937649348453617 11.720029131603162 11.524992643205605 11.329956154808052 11.492407464910903 11.677447483377746 11.862487501844585 12.047527520311426 12.232567538778266 12.060163069296825 10.933585707732824 9.684908363512891 8.300436602153336 7.752760036634855 7.785162992976549 8.95766202648907 8.967509208597582 7.909702898238231 7.340510599532987 7.164788344443378 6.950154960891872 7.516710866769083 7.206165157311819 7.073502241890851 7.133530405711097 7.1935585695313415 7.531470526933728 7.311157101451381 6.156015388207556 5.161894468055379 6.2395812838463796 7.498424764358695 8.687394731882584 8.844188467853098 9.000982203823613 9.136568545991683 8.579331419288202 6.359217986445704
12.977659599720077 14.966114480785873 16.954569361851668 18.131246504032955 15.242686003024362 14.51615261595694 13.789619228889519 13.03785390569203 12.069772709145575 11.101691512599118 10.719265783548206 10.491161775435815 10.263057767323424 10.058902170097689 9.863865681700133 9.668829193302578 9.473792704905023 9.425472288350432 9.610512306817276 9.22179975397307 8.095222392409065 6.969879657934035 5.953295160858467 7.087745305531743 8.260244339044265 8.492096735595334 8.432304873784283 7.912568004325453 7.493466768760191 6.69151219276722 7.210615722303681 7.777627941891104 8.126335042982982 7.815789333525718 7.505243624068456 7.356002843130068 7.438711453118958 6.792547753659682 5.885574109645624 5.063937003367611 6.395438973856915 7.793476464519264 8.72213341521904 8.878927151189554 9.001384604855206 9.027643763651103 8.137756475208857 5.509501337327352
10.293119298577992 12.281574179643785 14.270029060709579 16.258483941775374 14.379532852386879 13.652999465319457 12.926466078252037 11.971770738586958 11.003689542040501 10.035608345494044 9.500882218642793 9.272778210530404 9.044674202418012 8.816570194305623 8.59281169698977 8.397775208592215 8.202738720194661 8.007702231797104 7.814597323054439 7.83653402930576 7.234387965602522 7.233960904112969 7.417403992179686 7.562826651599459 8.016684262593087 7.956892400782035 7.919543005217267 7.825091756522539 7.020190617084033 6.904064264128066 7.471076483715489 8.038088703302913 8.605100922890337 8.735959219196882 8.425413509739618 7.958023437610047 7.3966142399946655 6.609253751235871 5.787616644957857 4.965979538679843 6.37539366579024 8.056800074572557 8.752116914459624 8.866200663718729 8.84285340680377 9.154045999168057 7.5939925179251 4.226514496332953
10.352897991407787 10.727516271253684 11.585488759567495 13.573943640633289 13.59095541623524 12.789846314681977 11.87376876802834 10.905687571481884 9.937606374935427 8.969525178388972 8.282498653737381 8.05439464562499 7.826290637512601 7.59818662940021 7.37008262128782 7.141978613175431 6.931684735484298 6.742714449607182 7.294205666843176 7.4731702313414194 7.163148584452173 7.36585112815922 7.568553671866266 7.821634573812117 7.930255392287971 8.06243526338523 8.19461513448249 7.3741756238168 6.597512805952451 7.164525025539875 7.7315372451272975 8.298549464714721 8.865561684302143 9.432573903889567 8.753437498761787 7.628722619162619 6.790002094090368 6.179728982770074 5.540041975133519 4.868022073992075 6.393848030611112 8.139419702929597 8.73101672258225 8.761907202906785 8.733398505649134 9.280448234685009 7.701834096661974 -999.999
10.665633648695541 11.040251928541439 11.414870208387338 11.789488488233237 12.877858220556996 11.775766797469725 10.807685600923268 9.839604404376812 8.871523207830355 7.9034420112839 7.0824742527025135 6.881318015873016 6.680161779043519 6.479005542214022 6.277849305384525 6.076693068555027 6.090359036852531 6.143238960941526 6.773814010631914 7.109806433377079 7.21816703224796 7.24582961311267 7.450731673805223 8.306628489903092 8.205327521553194 8.337507392650455 7.791167752101609 6.961377126983389 6.716044757239306 7.24007956786453 7.7641143784897535 8.288149189114979 8.195032557267153 8.059308897410864 7.860830998330574 6.767046417354694 6.2122632641170465 5.621821771922026 4.98213476428547 5.478133717141084 6.583240299460015 8.3288119717785 8.680960999009802 8.534062387537972 8.859800741166088 9.133028952617295 6.73876641871958 -999.999
10.068037067751428 9.743905027546127 9.856421669906617 9.968938312267106 11.34699160029868 12.058244804914509 11.536938583831883 10.69859119237855 9.854465168823179 8.637123703169728 7.41978223751628 6.127220862062203 5.926064625232707 5.724908388403209 5.523752151573712 6.039234236284703 6.278463581570717 5.785892511801449 5.94526499653052 6.6221169801516435 6.902243817436763 6.95217445650932 7.80807127260719 8.663968088705058 8.768327988663422 8.327049545483177 7.619173514985359 7.290110765017095 7.20463161633811 7.101873085053859 7.008697504389753 6.915521923725646 6.822346343061538 6.729170762397431 6.635995181733324 6.196505241485781 5.634524434143725 5.063914561073977 5.249261113561911 6.323438798965041 7.397616484368171 8.518204240627401 8.453116183640988 8.439153247647166 8.986202976683042 8.691454008537953 6.197742451471216 -999.999
10.18188260864251 9.059835199454708 7.2570279962823765 8.733959840428744 10.233129108891934 11.313355671643386 11.624175669310343 11.555984836935801 10.338643371282354 9.121301905628904 7.903960439975457 6.4912739077011565 5.171967471421894 5.435487964047799 5.988109435716874 6.54073090738595 6.0315396434208886 5.991337051019718 6.328157269903134 6.442129433098467 6.556101596293801 7.309912403917085 8.168394114894788 9.026875825872489 8.620357692487797 8.268650439634522 7.891571905718088 7.679091560222927 7.439032574194638 7.198973588166348 7.089308104556031 6.996132523891925 6.902956943227817 6.927310780055524 7.064474841586263 6.527393181918508 5.659958902871023 4.932909385256463 5.6815462345744665 6.632482794866514 7.583419355158561 8.372169979744005 8.225271368272175 8.565555483164118 9.112605212199995 8.194789737521214 4.914755610476815 -999.999
9.917092139912295 9.603848461459165 8.05163333115799 7.909369022624962 9.119266617485183 10.568466538372267 10.879286536039224 10.7070370449784 10.57596962170216 9.60548010808808 8.388138642434631 7.017813677301055 5.736262175650218 5.894838769740229 6.463330061162777 7.031821352585323 6.9976254425675215 6.774024477414505 7.033642059741449 7.115573407966556 7.149968829055151 7.772218701957366 8.63070041293507 9.612088389047633 9.781493875295165 8.299785528656658 7.737654494769582 7.783789015304251 7.543730029275961 7.30367104324767 7.169918704722311 7.124111405002462 7.2612754665332035 7.398439528063944 7.535603589594685 6.858281122351235 5.99084684330375 5.627009295393917 5.659991586677203 6.6109281469692505 7.561864707261298 8.144325164375191 8.144907989645198 8.691957718681072 9.239007447716949 8.16423930338782 -999.999 -999.999
