Examples/results/velocity1/asciifiles/KR2_140509_120000.JPG_interpmap.txt
ncols 297
nrows 493
xllcorner 446910.0
yllcorner 8753800.0
cellsize 10.0
NODATA_value -999.999
[rows 273 to 293 of 493, columns 48 to 95 of 297]
7.451312918271936 7.240834984486621 6.979863305228703 6.718891625970786 6.756164724669544 7.570254945490343 7.624365265854593 7.405466944149886 7.08019454357672 7.004753135575121 6.929311727573522 6.853870319571921 6.620320052612332 6.566549981007766 6.5127799094032 6.459009837798636 6.40523976619407 6.800844146818945 6.89825861101635 6.900409340501057 6.902560069985765 6.934283832839502 7.132380986273092 7.147691783492978 6.429933793662455 6.276182320330914 6.1224308469993725 6.439618635982083 6.427057719436558 6.4814076967547525 6.835111199957588 7.073801938393817 6.970697600174005 6.650526330605721 6.3303550610374355 6.01018379146915 5.652394830779185 5.8307656001033665 5.945976892792797 6.061188185482227 6.176399478171658 6.291610770861088 6.4068220635505195 6.3197348257984896 5.814866696715903 5.302154057717492 5.500132758910905 5.539389843240306
7.405550367822488 7.215857551796717 6.9548858725387985 6.701195595938656 6.6326735905905245 7.437009626429704 7.491119946793954 7.545230267158202 7.231582699611449 7.0886176778464485 7.013176269844849 6.8919810618686075 6.591205893374607 6.537435821770043 6.483665750165477 6.429895678560912 6.866915986258148 6.156120228826529 6.48717897795135 6.489329707436058 6.491480436920766 6.681766007099924 6.927446567925011 7.1229473996148105 6.559774763564756 6.406023290233215 7.059191212001599 7.367350824271774 7.001555894200701 6.738079304226184 7.035313048638659 7.308550768956382 7.069620878174745 6.7626426467070475 6.442471377138762 6.029996525179167 5.5746519681526845 6.326226684157088 6.4978196499241765 6.613030942613607 6.728242235303038 6.8434535279924695 6.9586648206819 6.673025384245451 6.03130561717866 5.389585850111869 5.281458295569314 5.479436996762727
7.3597878173730376 7.190880119106813 6.929908439848895 6.697871069493845 6.629349064145714 7.275036105413587 7.357874627733316 7.411984948097564 7.466095268461814 7.172482220117777 7.097040812116177 6.855169850104293 6.5620917341368825 6.5083216625323175 6.4545515909277515 7.107042916421738 7.125211562124814 6.414415804693196 6.063846760479581 6.078250074371059 6.231151027926758 6.4768315887518435 6.72251214957693 6.9681927104020165 6.689615733467057 7.678763788021115 8.30764392910699 7.868326325776037 7.241084277346042 6.64601248804332 6.990271375705584 7.335274126460664 7.947899128099661 7.491098525761802 6.407598219579151 5.938999825809061 5.879733626347643 6.631308342352047 7.049662407055558 7.164873699744987 7.280084992434419 7.39529628512385 7.3963972953240065 6.889464304708209 6.2477445376414185 5.606024770574626 5.062783832227724 5.260762533421136
7.266054479115587 7.165902686416908 6.90493100715899 6.694546543049034 6.6260245377009035 7.105241571706331 7.224629308672677 7.2787396290369255 7.332849949401176 7.315846848123517 7.180905354387505 6.818358638339976 6.532977574899158 6.479207503294593 7.198561176707401 8.004624777769806 7.383507137991481 6.672711380559862 5.961915623128243 5.780536048753591 6.026216609578677 6.271897170403764 6.51757773122885 6.763258292053937 7.32227235885948 9.017128438839414 8.45704935790373 7.8298073094737335 7.2025652610437385 6.5753232126137435 6.8712876548147435 7.2191414518060615 7.8317664534450575 8.232155170644058 6.316601520209044 5.848003126438956 6.1848152845426005 6.936390000547005 7.601505164186938 7.716716456876368 7.831927749565799 7.947139042255229 7.7476229922377575 7.105903225170966 6.464183458104175 5.822463691037383 5.180743923970592 5.042088070079545
7.15356755396048 7.140925253727004 6.879953574469086 6.6912220166042236 6.622700011256093 6.935447037999074 7.091383989612039 7.1454943099762875 7.199604630340537 7.2537149507047864 7.158285596314762 6.781547426575662 6.503863415661434 7.290079436993064 8.09614303805547 8.352598471289767 7.641802713858146 6.925172284767736 6.129372098933769 5.855440057233719 6.1145493054147835 6.361926353315007 6.6093034012152305 6.856680449115455 7.4902730530824675 9.167261120345113 8.58033542362495 7.79128829317143 7.164046244741434 6.53680419631144 6.737793982934377 7.103008777151458 8.24809266920439 7.48533958846135 6.9086442059902655 5.7570064270688475 6.489896942737559 7.241471658741965 7.993046374746368 8.268559214007748 8.383770506697179 8.47305976484952 7.9640619127005134 7.322342145633722 6.680622378566931 6.0389026115001405 5.397182844433349 4.8234136067379545
7.041080628805371 7.108362057794914 6.854976141779181 6.687897490159412 6.619375484811282 6.7656525042918165 6.9581386705514 7.01224899091565 7.066359311279899 7.430837872840818 7.063704948293207 6.7675001550410325 7.142720251643431 8.18766129834113 8.993724899403533 8.610894047156432 7.838440908513439 7.0426407226794705 6.246840536845502 5.881348403099541 6.220882886372907 6.46825993427313 6.715636982173354 7.176891220316382 7.888993107092407 9.317393801850812 8.792435444716798 7.99494696639406 7.197458488071322 6.498285180009135 6.542829916932531 7.3934173628718245 7.842151565967891 6.738524006278642 6.2267212095044915 6.043403884928112 6.7949786009325175 7.546553316936921 8.298128032941328 8.820401971139129 8.935613263828559 8.822220600230063 8.180500833163272 7.5387810660964805 6.897061299029689 6.237745394361853 5.237396817084704 4.727547270919173
6.877085695071 7.062599507345466 6.829998709089278 6.684572963714601 6.616050958366471 6.595857970584559 6.824893351490762 6.879003671855012 7.481903955380494 7.3335158831960605 7.140041542916308 7.0473213568107225 7.524914749117562 8.697805754360822 9.560336201268841 8.751709532259143 7.955909346425173 7.160109160591205 6.364308974757237 5.907256748965363 6.276162370973702 6.574593515231255 6.863509387550296 7.575611274326322 8.287713161102348 9.467526483356512 9.004535465808647 8.20704698748591 7.409558509163171 6.623941777670987 6.479189891040541 8.523684140490428 6.91602876899981 6.375848489269444 6.3408369602288435 6.72737723750306 7.231900312235108 7.85163497513188 8.603209691136286 9.35478440714069 9.48745602095994 9.03865952069282 8.396939753626027 7.68028166666041 6.679933089383262 5.679584512106113 4.957788214528108 4.664347383938979
6.703003044029407 7.0048426474095695 6.805021276399373 6.681248437269791 6.6127264319216605 6.54420442657353 6.691648032430124 7.378967435175233 7.605303116897171 7.512582930791584 7.419862744685999 7.327142558580412 7.907109246591693 9.080000251834955 9.368353127904866 8.966707180507218 8.332468054630699 7.477147708634283 6.62182736263787 5.964679035227031 6.309753181776535 6.670976338847864 7.262229441560237 7.9743313283362625 8.686433215112288 9.617659164862213 9.216635486900497 8.41914700857776 7.645774013827944 6.887975879675794 6.553658538229228 7.5324662147219374 6.943876315310899 6.739042473292009 7.040780584491395 7.545303659223444 8.049826733955493 8.554349808687544 9.058872883419593 9.659866065335647 9.896818208222367 9.122817938958969 8.12246936168182 7.122120784404671 6.121772207127521 5.1880291581370415 4.894588327547913 4.601147496958784
6.528920392987817 6.892355722254461 6.780043843709469 6.67792391082498 6.60940190547685 6.5408799001287194 7.240190501694089 7.977844504772447 7.88512431866686 7.792404132561275 7.699683946455689 7.606963760350103 8.289303744065824 8.694946786718639 9.176370054540888 8.774724107143241 8.373078159745596 7.932945790794051 7.0776254447976354 6.222305098801222 6.468513285728092 6.822635343798158 7.3350756258357475 8.277062397842233 9.085153269122229 9.797255155898254 9.428735507992345 8.667606249984903 7.909808115832753 7.152009981680603 6.394211847528454 6.838598695168808 6.971723861621986 6.590253953462637 6.95277368594266 7.487527791616726 8.022281897290792 8.55703600296486 9.091790108638925 9.597490828636852 9.511435362472307 8.56465705670323 7.56430847942608 6.56395990214893 5.563611324871781 5.124829271156847 4.831388440567718 4.5379476099785885
6.35483774194622 6.779868797099355 6.755066411019565 6.674599384380169 6.606077379032039 6.538054571577295 6.8289161048844065 7.712468425968287 8.16494552043655 8.072225334330966 7.979505148225379 7.886784962119794 8.671498241539954 8.105868655824176 8.98438698117691 8.582741033779264 8.181095086381617 7.779449138983972 7.3778031915863265 6.6781031809609885 6.627273389679649 6.9979779753163 7.489126929237404 8.068478548220648 9.010465320227134 9.95245209223362 9.68943848614186 8.93164035198971 8.17384221783756 7.416044083685412 6.658245949533263 6.868772507481317 6.9995714079330735 6.617451517242829 6.716088717699472 6.896230755377481 7.430984861051547 7.965738966725613 8.347768402440826 8.423606154248956 8.499443906057085 7.885087458353844 7.006147597170338 6.005799019893189 5.355070214765782 5.061629384176653 4.7636792530443595 4.458973314294687
6.236957050262181 6.667381871944247 6.739796863283489 6.623336573562968 6.3564561388788645 6.647317672185976 6.938179205493088 7.2290407388002 7.8668081438246 8.247123777107424 8.25932634999507 8.166606163889483 8.408515878976875 7.939441637929264 8.792403907812933 8.390757960415286 7.989112013017641 7.587466065619994 7.185820118222348 6.784174170824702 6.801257923215016 7.173320606834441 7.649219108197225 8.201751989971264 8.80188147060555 9.473913793636418 9.78001548070198 9.09315986513245 8.406304249562917 7.6800781856902205 6.9222800515380705 6.6545740114752165 7.115517711502697 6.787501628842968 6.561597983740863 6.477134564758587 6.839687824812299 7.098045976244799 7.211009822115302 7.519125445596842 7.827241069078384 8.612126097137132 7.296675707312138 5.58556646367424 5.2842593239041715 4.982952184134103 4.681645044364035 4.427223179702128
6.193830583677312 6.554894946789142 6.662748691260607 6.358705274843544 6.488763570111931 6.776778802703362 7.064794035294792 7.352809267886224 7.5989479670238245 7.945540939288515 8.325856572571338 8.446427365659174 6.777555842842188 7.773014620034349 8.600420834448954 8.198774887051307 7.797128939653662 7.395482992256016 7.157823188427496 7.189848432844916 7.3909771808640805 7.564344275195969 7.759614520688633 8.304487932399617 8.849361344110601 9.040141016241789 9.358755770055572 9.183489747166188 8.496634131596656 7.809778516027125 7.122922900457593 6.440375515469116 7.680449607416458 7.0069797689217665 6.798953910920948 6.43297544294835 6.374448527235844 6.6415631260030565 6.9318320862548966 7.239947709736437 7.548063333217978 8.348245811194747 7.548054968958663 5.524903261532956 5.223596121762889 4.994921309404625 4.810009272279727 4.625097235154829
6.150704117092442 6.394956199264461 6.4925104434280705 6.373385233496303 6.661400466087734 6.949415698679166 7.214118316307433 7.452407969506036 7.596884630121991 7.841892968646957 8.164865247540707 8.501675506908436 6.417172155765814 7.606587602139435 8.408437761084976 8.00679181368733 7.677152145797487 7.618015197825638 7.588086768453881 7.789215516473046 7.747502167856251 7.376165711510146 7.512839199831396 8.344937684391661 8.889811096102648 9.119548956516748 9.133136394527927 9.243597746474725 8.586964013630395 8.632559876463016 8.732720108524617 8.83288034058622 8.768451513968873 7.382982127923094 6.874151395465974 6.298222914404702 6.312820201588503 6.573065840661274 6.833311479734044 7.093557118806814 7.353802757879585 7.415158114784936 6.817529303227575 5.643334278652289 5.3777074019822235 5.192795364857326 5.007883327732428 4.82297129060753
6.1075776505075705 6.267436332179877 6.322272195595534 6.5460221294721075 6.813974684063414 7.052264337262017 7.2905539904606185 7.502453381755922 7.6122621197040905 7.788757295777065 8.08483797027009 8.397129193977763 7.679790013720986 7.821207018468472 8.216454687721 8.13734415519563 8.078207207223782 8.019070259251933 8.18745385208201 7.930660060516532 7.5593236041704275 7.187987147824322 7.216291338464547 8.102318225946526 8.930260848094692 9.198956896791712 9.251612008155007 9.142296803946174 9.317775835384172 9.649956933743244 9.863829669924293 10.077702406105345 9.29636616833696 8.196766122270416 7.192481991110471 6.306389725168077 6.344674666589654 6.604920305662423 6.865165944735194 7.073410465299785 7.0444991329373705 7.056577863708007 6.726355540886674 6.2487759353006345 5.859334267665326 5.569894203086266 5.280454138507204 5.020845346060231
6.064451183922699 6.224309865595008 6.413831051819393 6.652120705017996 6.890410358216599 7.128700011415202 7.366989664613804 7.517830871338021 7.627639609286188 7.7374483472343565 8.031702297400198 8.327782971893221 8.456841415964522 8.425949713680037 8.452229984173757 8.538399216621922 8.479262268650075 8.485154409522917 8.113817953176813 7.742481496830709 7.371145040484604 6.999808584138499 6.919743477097699 7.8057703645796765 8.691797252061653 9.402869860597164 9.841136125497956 7.900423006112172 8.219807205513176 9.360729535430107 9.989954208085472 10.18895548724418 9.089355441177634 8.197308976525237 7.225962529120496 6.314556535931452 6.376529131590804 6.636774770663575 6.637160510525241 6.608249178162826 6.57933784580041 6.613625749276351 6.958751255125306 6.934627397896697 6.364774321257424 6.075334256678363 5.785894192099302 5.4964541275202405
6.02132471733783 6.181183399010138 6.490266725972579 6.728556379171183 6.966846032369785 7.205135685568388 7.423399622971954 7.533208360920121 7.643017098868287 7.752825836816456 7.9785666245303055 8.282699320712243 8.60024096231134 8.569349260026854 8.61686488940167 8.737795211438279 8.950318545971 8.296975845837094 7.925639389490989 7.554302933144885 7.18296647679878 6.811630020452676 6.62319561573085 7.509222503212827 8.094542157826567 8.586729637162335 9.41688937619364 6.645552246961784 7.121838575642181 8.262760905559112 9.404758921929613 10.051671721881256 9.192629479674114 8.281940388482536 7.304404511043746 6.326868633604957 6.229821888113113 6.200910555750697 6.1719992233882826 6.143087891025868 6.123380765522232 6.687493170646052 6.820995000071115 7.307207608023965 6.870214374849521 6.58077431027046 6.291334245691399 6.001894181112338
5.978198250752959 6.138056932425267 6.6700180293188644 6.8049920533243675 7.043281706522971 7.281571359721574 7.438777112554052 7.548585850502219 7.658394588450387 7.768203326398553 7.925430951660413 8.238171532945895 8.57094621502312 8.712748806373673 8.781499794629585 9.276637080218281 10.165935445001436 9.462032335829242 8.742013911491762 8.021995487154282 7.301977062816803 6.623451456766853 6.326647754364001 6.909796671493031 7.401984150828801 7.894171630164571 8.594008815025553 6.795206667874213 7.706123589236338 8.896623124268952 9.138867418578174 9.540497779136974 9.32890774061585 8.360382370405786 7.057087039348307 6.515682084390853 6.129444283234824 5.8117984964197 5.70879522136336 5.677926603888908 6.1634129770682335 6.44846383267245 6.683238745016922 7.37775027416763 7.37565442844162 7.086214363862559 6.6991842180786465 6.180338375819929
5.935071784168089 6.094930465840397 6.552217394120814 6.881427727477553 7.119717380676157 7.344345864187984 7.454154602136151 7.563963340084317 7.673772078032485 7.783580815980653 7.893389553928819 8.193643745179548 8.526418427256774 8.856148352720492 9.338468852400588 10.227767217183743 11.117065581966898 10.693764550024964 9.973746125687484 9.253727701350005 8.099738235782812 6.926069087409884 6.260646972595371 6.5226263418765855 6.871771258666211 7.2209161754558355 7.40243712939302 7.664363677640139 8.038381379264818 8.046549490788621 7.984609303735038 8.552783205577892 8.931697998005546 7.592244010491553 6.403320246165988 6.9927975467692525 6.896793258450957 6.044053110120495 5.490212481402809 5.387209206346468 6.328552620375661 6.209434494698848 6.545482489962731 7.239994019113438 7.787732452868911 7.221044929043263 6.65914087753348 6.097236826023699
5.8494733758276825 6.051803999255527 6.211662680927834 7.030353340981348 7.196153054829342 7.359723353770082 7.46953209171825 7.579340829666417 7.689149567614583 7.730001224955009 7.768995437647435 7.757058442327129 8.088681018872908 8.420303595418687 8.565990334591223 9.80100547797908 11.036020621366937 11.047953087976977 9.874283939604046 8.700614791231118 7.526945642858189 6.6110530335326985 6.335662454507236 6.44797623288544 6.797121149675066 7.146266066464689 7.2245713143774655 7.175663642433621 7.402626721966248 7.491955086318153 6.922171986643448 7.259366886948067 7.227366004693849 6.5997644161693465 6.880435708544388 7.4699130091476516 7.66414223366709 6.811402085336628 5.958661937006166 5.168626466385917 5.468475761632957 6.33570145081609 7.7093199234588665 8.612869800101949 7.926948598618349 7.200258363588376 6.56169466085638 5.999790609346598
5.793030107161914 6.008677532670656 6.168536214342964 7.247798437063526 7.265292105404014 7.356402838656812 7.395397051349239 7.4343912640416665 7.4733854767340935 7.5123796894265205 7.551373902118948 7.7120313086105305 7.461239709563046 7.792862286108826 7.8360543383371075 7.802505721402413 9.073678069322789 10.475160495052354 9.301491346679425 8.127822198306497 6.961459094470027 6.686068515444564 6.410677936419103 6.373326123894295 6.722471040683919 7.0716159574735435 6.943329783654661 6.691803802629075 6.7343209922383584 7.517632497977169 7.897569434753816 9.437447998926835 8.719160712971473 8.33684879580651 8.17103306477841 7.9470284715260515 8.431491208883223 7.578751060552761 6.619528231442773 5.498484476134219 6.013855388281991 7.685397895733107 9.153879965811642 8.74748573403786 8.061564532554259 7.341424750366967 6.61278427430784 5.902344392669499
5.736586838496148 5.965551066085785 6.125409747758094 7.465243533145704 7.03719868411855 7.120555561865938 7.177775515820752 7.216769728513179 7.255763941205607 7.294758153898032 7.33375236659046 7.38433974397327 7.075840837260895 7.1654209767989645 7.219835172947414 7.186286556012719 7.35690116240254 9.570504687002863 8.728698753754802 7.555029605381874 7.036474576381893 6.7610839973564305 6.485693418330968 6.298676014903149 6.647820931692774 6.913614233957441 6.662088252931856 6.4105622719062705 6.159036290880686 6.7637277352017 7.936264195738893 9.233709732078108 9.262947306288169 9.104402662760151 9.106967051762297 9.109531440764442 8.960736759498193 8.042649419968456 6.9216056646599 5.8005619093513445 5.4286642960551035 6.96327740130476 8.140698971303632 8.149657194173603 7.804941924886207 7.429457322503173 6.7472020884029735 6.025310185027305
