Examples/results/velocity1/asciifiles/KR2_140509_120000.JPG_interpmap.txt
ncols 297
nrows 493
xllcorner 446910.0
yllcorner 8753800.0
cellsize 10.0
NODATA_value -999.999
[rows 105 to 125 of 493, columns 240 to 287 of 297]
7.076926339119199 6.604655955641739 6.132385572164279 5.9989765945792115 6.093401838361254 6.904744430202578 7.788958372394736 8.691357512348931 9.593756652303128 8.965220123915532 8.803950028431753 8.86413433803384 8.924318647635928 8.924304594252572 8.501214752521392 8.078124910790212 8.278555344187218 8.587469861746964 8.880689246811276 9.147850055782298 8.829858452200632 8.368523242246507 7.919000225169576 7.626724950164466 7.385907225586048 7.1450895010076305 6.8568275564605585 6.5406254171315 6.224423277802444 5.908221138473387 5.592018999144329 4.787167205262573 5.37690714075242 5.202939886165517 4.6608974020132115 4.3254257332634385 8.579728733233104 7.733387396916253 -999.999 -999.999 -999.999 -999.999 -999.999 -999.999 -999.999 -999.999 -999.999 -999.999
7.804114084262175 7.331843700784717 6.859573317307256 6.387302933829797 5.574363443373083 6.104785685014636 6.9025075124949105 7.700229339975182 8.497951167455456 8.691101721965772 8.751286031567858 8.811470341169946 8.871654650772033 8.93183896037412 8.55420902533808 8.349201114050953 9.01910373699121 9.689006359931469 10.10464607607341 10.0135423644223 9.552207154468174 9.090871944514047 8.63578265029744 8.390623744985893 8.08031031028174 7.764108170952683 7.447906031623626 7.131703892294569 6.8155017529655115 6.499299613636455 6.183097474307397 5.866895334978341 5.622125449477417 5.080082965325113 4.538040481172808 5.873549016491944 9.661725784537495 5.578296730565539 -999.999 -999.999 -999.999 -999.999 -999.999 -999.999 -999.999 -999.999 -999.999 -999.999
8.531301829405153 8.059031445927694 7.361253332219903 6.41704128450585 5.833745816885115 6.852825805667559 7.0232181999771 7.674931892662676 8.472653720142949 8.638632138192929 8.698699759055813 8.758806344306052 8.818990653908138 8.879174963510225 8.607203298154769 8.927661676731805 9.597564299672065 10.256635821363153 9.66728784775324 9.134432607798814 8.68961109954285 8.634334785511044 8.684154451046075 8.959001992567707 8.64121288288131 8.323423773194913 8.005634663508514 7.687845553822118 7.37005644413572 7.052267334449322 6.734478224762926 6.416689115076528 5.965633497770144 5.339003772415179 4.712374047060217 7.547609226837998 10.705077181563267 5.223954662071481 -999.999 -999.999 -999.999 -999.999 -999.999 -999.999 -999.999 -999.999 -999.999 -999.999
9.148143221066723 8.20393117335267 7.259719125638618 6.315507077924567 6.221693074382225 7.431865411113742 7.851787308112067 8.022179702421605 8.447356272830444 8.586208140446306 8.646275761309191 8.706343382172077 8.76641100303496 8.826510966646328 8.8362196164724 9.071820273491547 8.589218753805563 8.328884882018688 8.068551010231813 7.808217138444937 7.746477749592363 7.716970958351246 7.848000040912214 8.196586807536715 8.545173574161216 8.859003928576827 8.541214818890431 8.223425709204033 7.905636599517635 7.587847489831239 7.270058380144841 6.952269270458443 6.505875198131861 5.879245472776897 5.837056196971434 9.221669437184055 9.045623333786057 -999.999 -999.999 -999.999 -999.999 -999.999 -999.999 -999.999 -999.999 -999.999 -999.999 -999.999
9.18715414311598 8.15048400541727 7.158184919057334 6.213972871343281 6.609640331879334 7.819812668610854 8.680356416247033 8.850748810556572 8.897046958808712 8.931317117238663 8.982952785410149 9.034588453581632 9.086224121753116 9.20598056942016 9.431608541011023 8.01801863147851 7.757684759691635 7.497350887904759 7.237017016117884 6.976683144331008 6.829113922432564 6.799607131191447 7.011845630778351 7.360432397402853 7.709019164027355 8.057605930651857 8.40619269727636 8.75477946390086 8.44121675489955 8.123427645213154 7.8056385355267555 7.487849425840357 7.046116898493577 6.458670099866516 7.180028080436616 10.895729647530107 6.890532667435341 -999.999 -999.999 -999.999 -999.999 -999.999 -999.999 -999.999 -999.999 -999.999 -999.999 -999.999
9.059831507704898 8.212737262526998 7.176067124828286 6.139396987129575 7.029313199929482 8.237027892324345 9.444742584719211 9.505930135117056 9.50422608982037 9.518927097526776 9.57056276569826 9.622198433869745 10.057691989687232 11.724037194468123 11.766925498104793 9.84045200114497 7.913978504185142 6.665816893790829 6.4054830220039545 6.145149150217079 5.911750095272765 5.882243304031649 6.17569122064449 6.524277987268992 6.872864753893493 7.221451520517995 7.570038287142497 7.918625053766999 8.2672118203915 8.615798587016002 8.34121869090867 8.023429581222274 7.586358598855293 7.801641983331697 8.522999963901798 11.94260817254748 5.046429710031178 -999.999 -999.999 -999.999 -999.999 -999.999 -999.999 -999.999 -999.999 -999.999 -999.999 -999.999
8.72041864868513 8.274990519636724 7.403987678595156 7.29041647996596 7.896991944688198 9.104706637083064 10.206119454336747 10.154077254551222 10.11140522083203 10.109701175535346 10.15817274598637 10.9094034099543 12.575748614735192 14.242093819516082 14.102242455198567 12.175768958238741 10.249295461278914 8.322821964319088 6.39634846735926 5.3136151561031495 5.053281284316274 4.990950043886126 5.339536810510628 5.68812357713513 6.036710343759632 6.385297110384133 6.733883877008635 7.082470643633138 7.431057410257639 7.77964417688214 8.128230943506642 8.476817710131144 8.423255886226778 9.144613866796877 9.865971847366978 10.357859270655856 5.188698442933341 -999.999 -999.999 -999.999 -999.999 -999.999 -999.999 -999.999 -999.999 -999.999 -999.999 -999.999
8.761669086777992 8.740869101772272 8.627297903143075 8.513726704513878 8.764670689446914 9.97238538184178 10.896748344478851 10.844706144693326 10.792663944907801 10.740621745122278 11.761114830221366 13.427460035002259 15.093805239783151 16.760150444564044 16.437559412292337 14.511085915332513 12.584612418372686 10.65813892141286 8.731665424453034 6.8051919274932064 4.878718430533381 4.154795633752264 4.503382400376767 4.886782117076226 5.308693282201207 5.730604447326188 6.152515612451169 6.574426777576148 6.996337942701128 7.41824910782611 7.84016027295109 8.772013115208578 9.720876333637394 10.48758575026206 11.53767035148106 8.202768604305142 -999.999 -999.999 -999.999 -999.999 -999.999 -999.999 -999.999 -999.999 -999.999 -999.999 -999.999 -999.999
9.37900471282917 9.586223335130427 9.850608127690995 9.737036929061798 9.63234943420563 10.840064126600495 11.587377234620957 11.535335034835434 11.483292835049909 12.35233230157555 14.226071857262387 15.94551666005022 17.611861864831113 19.278207069612 18.77287636938611 16.846402872426285 14.919929375466458 12.993455878506632 11.066982381546806 9.140508884586978 6.29636131147867 4.094113888572406 4.516025053697386 4.937936218822367 5.359847383947348 5.781758549072328 6.203669714197308 6.625580879322287 7.097075660609675 8.045938879038488 8.994802097467305 9.94366531589612 10.892528534324935 11.830557633727242 13.18013916353169 6.047677937954425 -999.999 -999.999 -999.999 -999.999 -999.999 -999.999 -999.999 -999.999 -999.999 -999.999 -999.999 -999.999
9.841560622697415 9.797668677488952 10.765813858822856 10.960347153609717 10.846775954980519 11.707742871359214 12.278006124763063 12.225963924977538 12.827811274897249 14.701550830584079 16.57529038627091 18.449029941957743 20.129918489879074 21.796263694659967 21.108193326479885 19.181719829520055 17.25524633256023 15.328772835600404 12.900033606094029 9.718819037132576 6.537604468171126 4.145267990318546 4.567179155443526 4.989090320568506 5.411001485693486 5.832912650818468 6.371001424439585 7.319864642868401 8.268727861297217 9.21759107972603 10.166454298154846 11.115317516583662 12.064180735012476 13.013043953441292 11.67009520752566 5.231002395371091 -999.999 -999.999 -999.999 -999.999 -999.999 -999.999 -999.999 -999.999 -999.999 -999.999 -999.999 -999.999
10.304116532565661 10.260224587357195 10.560998014507412 11.945404382515287 12.07008617952844 12.575421616117929 12.968635014905168 13.303290248218946 15.177029803905782 17.050769359592614 18.924508915279443 20.798248470966275 22.647975114927032 24.314320319707925 23.443510283573655 21.51703678661383 19.503705900709388 16.322491331747937 13.141276762786484 9.960062193825035 6.778847624863582 4.196422092064686 4.618333257189666 5.040244422314647 5.644927188269497 6.593790406698313 7.5426536251271274 8.491516843555942 9.440380061984758 10.242716354192929 11.002369910394773 11.762023466596617 12.521677022798462 13.281330579000304 9.515004541174942 5.020896761644693 -999.999 -999.999 -999.999 -999.999 -999.999 -999.999 -999.999 -999.999 -999.999 -999.999 -999.999 -999.999
10.961908767357407 10.722780497225443 10.678888552016979 11.740588538199841 13.124994906207714 13.443100360876645 13.778769221540648 15.652508777227478 17.526248332914314 19.399987888601142 21.27372744428797 23.14746699997481 25.021206555661635 26.83237694475588 25.77882724066743 22.926163626363294 19.744949057401847 16.563734488440396 13.382519919478941 10.20130535051749 7.020090781556039 4.247576193810826 4.91885295209941 5.785423362897491 6.545076919099335 7.304730475301179 8.064384031503021 8.824037587704867 9.583691143906709 10.343344700108553 11.102998256310395 11.86265181251224 12.622305368714084 13.056681450161433 7.359913874824228 -999.999 -999.999 -999.999 -999.999 -999.999 -999.999 -999.999 -999.999 -999.999 -999.999 -999.999 -999.999 -999.999
12.03647902042571 11.67172159398411 11.306964167542507 11.535772693884399 12.92017906189227 14.304585429900143 16.055165066178155 17.837711638772507 19.620258211366863 21.40280478396122 23.185351356555575 24.96789792914993 26.750444501744287 28.122468633199748 25.93691722297038 22.71128038824615 19.48564355352192 16.260006718797698 13.03436988407347 9.808733049349243 6.583096214625017 4.512296927685379 5.12639815261127 5.886051708813114 6.645705265014958 7.405358821216802 8.165012377418645 8.924665933620489 9.684319489822332 10.443973046024176 11.20362660222602 11.963280158427864 12.722933714629708 12.982331144395463 5.2048232084735115 -999.999 -999.999 -999.999 -999.999 -999.999 -999.999 -999.999 -999.999 -999.999 -999.999 -999.999 -999.999 -999.999
13.111049273494016 12.746291847052417 11.780686808684841 12.125576141535335 13.341560829041043 14.759591465266205 16.4319441524035 18.21449072499785 19.997037297592207 21.779583870186563 23.562130442780916 25.34467701537527 26.139124654634642 26.104478254913456 25.16102745997575 21.935390625251525 18.709753790527298 15.484116955803072 12.258480121078845 9.03284328635462 5.807206451630391 4.851173037839421 5.4045305939225035 6.011420230691028 6.746333610930582 7.505987167132425 8.265640723334268 9.025294279536112 9.784947835737956 10.5446013919398 11.304254948141644 12.063908504343487 12.803197301534086 10.827240478044745 5.415575080711001 -999.999 -999.999 -999.999 -999.999 -999.999 -999.999 -999.999 -999.999 -999.999 -999.999 -999.999 -999.999 -999.999
13.667682642863873 12.631393737253818 11.986434438450624 12.947356108628775 13.908277778806925 15.221004241115324 16.808723238628843 18.591269811223196 20.37381638381755 22.156362956411904 23.509635644534033 24.145627569732714 24.561875088565685 24.08648787662716 24.385137696981122 21.1595008622569 17.933864027532668 14.708227192808446 11.482590358084218 8.256953523359993 5.031316688635766 5.190049147993463 5.717897233790716 6.31438481616504 6.921274452933564 7.606615513048048 8.366269069249892 9.125922625451736 9.88557618165358 10.645229737855423 11.404883294057266 12.164536850259111 11.849316186200472 8.67214981169403 4.853095080356043 -999.999 -999.999 -999.999 -999.999 -999.999 -999.999 -999.999 -999.999 -999.999 -999.999 -999.999 -999.999 -999.999
13.482100665822795 12.44581176021274 12.808214405544065 13.769136075722216 14.730057745900366 15.690979416078516 17.185502324854184 18.96804889744854 20.750595470042896 21.5161385596321 22.15213048483079 22.788122410029477 22.543884710279396 22.070801646037754 23.069601427476186 20.383611099262268 17.157974264538044 13.932337429813817 10.706700595089591 7.481063760365366 5.001077172350249 5.528925258147504 6.056773343944758 6.617349401639052 7.2242390384075765 7.831128675176102 8.466897415165516 9.22655097136736 9.986204527569203 10.745858083771045 11.50551163997289 12.265165196174733 11.060699516294733 6.517059145343313 -999.999 -999.999 -999.999 -999.999 -999.999 -999.999 -999.999 -999.999 -999.999 -999.999 -999.999 -999.999 -999.999 -999.999
13.296518688781717 12.669072702459358 13.629994372637508 14.590916042815657 15.551837712993805 16.512759383171957 17.562281411079525 18.886649549531487 19.52264147473017 20.15863339992886 20.794625325127548 21.00128154393163 20.5258943319931 20.145759142588858 21.144558924027283 19.607721336267645 16.382084501543417 13.156447666819194 9.930810832094966 6.705173997370741 5.3399532825042915 5.867801368301546 6.395649454098799 6.9234975398960525 7.527203623881588 8.134093260650113 8.740982897418636 9.347872534187163 10.086832873484827 10.84648642968667 11.606139985888513 11.595832037573123 12.139476414914547 5.238050128670702 -999.999 -999.999 -999.999 -999.999 -999.999 -999.999 -999.999 -999.999 -999.999 -999.999 -999.999 -999.999 -999.999 -999.999
13.110936711740639 13.490852669552797 14.45177433973095 15.412696009909098 16.373617680087246 17.3345393502654 17.187818769303146 17.529144389828247 18.165136315026935 18.801128240225623 19.437120165424304 18.983291165645337 18.50790395370681 18.220716639139958 19.219516420578387 18.83183157327302 15.606194738548794 12.380557903824569 9.154921069100341 5.929284234376116 5.678829392658333 6.206677478455586 6.7345255642528405 7.262373650050095 7.8301682093556 8.437057846124125 9.04394748289265 9.650837119661174 10.257726756429697 10.947114775602293 11.706768331804136 10.64195092223951 9.98438574856383 5.600147766050917 -999.999 -999.999 -999.999 -999.999 -999.999 -999.999 -999.999 -999.999 -999.999 -999.999 -999.999 -999.999 -999.999 -999.999
13.351710966468088 14.312632636646239 15.273554306824389 16.23447597700254 17.195397647180688 16.73712434244523 16.211041428630402 16.274103054056344 16.80763115532369 17.44362308052238 17.440687999297573 16.965300787359045 16.489913575420516 16.295674135691055 17.294473917129483 18.055941810278394 14.830304975554167 11.604668140829942 8.379031306105714 5.489857417015119 6.017705502812373 6.5455535886096285 7.073401674406883 7.601249760204135 8.133132794829612 8.740022431598135 9.346912068366661 9.953801705135184 10.560691341903711 11.167580978672236 11.342347888945774 9.688069806905894 7.829295082213114 4.685293399067394 -999.999 -999.999 -999.999 -999.999 -999.999 -999.999 -999.999 -999.999 -999.999 -999.999 -999.999 -999.999 -999.999 -999.999
14.17349093356153 15.134412603739678 16.095334273917832 16.897144826208134 16.28745947083055 15.677774115452971 15.234264087957657 15.297325713383596 15.45012599562045 15.898084832949806 15.422697621011281 14.947310409072752 14.471923197134224 14.370631632242157 15.369431413680584 16.368231195119016 14.054415212559542 10.828778377835317 7.603141543111089 5.8287335271691605 6.356581612966415 6.88442969876367 7.412277784560923 7.940125870358178 8.467973956155433 9.042987017072148 9.649876653840671 10.256766290609196 10.863655927377723 11.025357370112676 10.388466773612159 10.613823107370145 5.674204415862397 -999.999 -999.999 -999.999 -999.999 -999.999 -999.999 -999.999 -999.999 -999.999 -999.999 -999.999 -999.999 -999.999 -999.999 -999.999
14.99527090065497 15.956192570833121 16.447479954593454 15.837794599215876 15.228109243838295 14.618423888460715 14.257486747284911 14.320548372710853 14.383609998136793 13.880094454663515 13.404707242724989 12.929320030786458 12.453932818847932 12.445589128793255 13.444388910231684 14.443188691670116 13.278525449564915 10.052888614840693 6.827251780116465 6.167609637323203 6.695457723120457 7.223305808917711 7.751153894714966 8.27900198051222 8.806850066309474 9.345951602546158 9.952841239314685 10.41876791947511 10.389785032907467 10.360802146339823 9.434585658278543 11.296621685433632 5.422622814010616 -999.999 -999.999 -999.999 -999.999 -999.999 -999.999 -999.999 -999.999 -999.999 -999.999 -999.999 -999.999 -999.999 -999.999 -999.999
