Examples/results/velocity1/asciifiles/KR2_140509_120000.JPG_interpmap.txt
ncols 297
nrows 493
xllcorner 446910.0
yllcorner 8753800.0
cellsize 10.0
NODATA_value -999.999
[rows 336 to 356 of 493, columns 192 to 239 of 297]
2.810059290679104 2.645758684456142 2.139691341374016 2.608195073962165 2.7846266178339194 2.9610581617056737 3.1255895521672943 3.1245290466148883 3.1416549111743315 3.1193816901171747 3.1409086789228486 3.2430358584358 3.714805470862366 4.2613306276239875 4.761148885951697 4.38077931938506 4.0859562720213685 3.7910476457498774 3.4961390194783863 3.5618145829978727 3.947898447750328 4.103240014339438 3.9997731545989437 4.236746645205638 2.7028255490966493 2.9885454406448613 3.7117221787384262 -999.999 -999.999 -999.999 -999.999 -999.999 -999.999 -999.999 -999.999 -999.999 -999.999 -999.999 -999.999 -999.999 -999.999 -999.999 -999.999 -999.999 -999.999 -999.999 -999.999 -999.999
2.82940307698302 2.7743567335831094 2.4483239432916784 2.1135308007806017 3.3081620253518538 3.2718747352693556 3.235262727797248 3.170870237631431 3.1204139576634993 3.0535286548396314 3.04055235773662 3.407114106326354 3.8990697719196232 4.398888030247334 4.754487525392912 4.682312655543495 4.4017739797304465 4.069641078911982 3.8124565533493935 4.198540418101849 4.566181507467524 4.858424587938472 4.362405596445139 4.0578965036160195 2.6625484755139204 3.0601799464468806 3.8831474243383326 -999.999 -999.999 -999.999 -999.999 -999.999 -999.999 -999.999 -999.999 -999.999 -999.999 -999.999 -999.999 -999.999 -999.999 -999.999 -999.999 -999.999 -999.999 -999.999 -999.999 -999.999
2.6725670375681405 2.831204449896157 2.8407899159505847 2.6056357201480673 3.1159669851931366 3.0785492504326992 2.99526171331804 3.123506368659485 3.2071212599480807 2.6366493947064598 3.3489388826353137 3.481333193418139 3.689412983712889 4.424439669282977 4.798634530978614 4.636432662650975 3.87364851052856 3.468198449562538 4.1468624156523965 4.611452294572883 4.938395116313044 5.221057029784667 4.781758898302078 3.6565029867510725 2.7341829813159406 3.131814452248901 -999.999 -999.999 -999.999 -999.999 -999.999 -999.999 -999.999 -999.999 -999.999 -999.999 -999.999 -999.999 -999.999 -999.999 -999.999 -999.999 -999.999 -999.999 -999.999 -999.999 -999.999 -999.999
2.485353367768412 2.774583157819231 3.1267052182666886 3.2263468579786934 3.2898841428615366 2.55435962126941 2.3715915381523267 2.9601781344475153 2.8838151174039632 3.766218049138493 3.9324090753475565 4.064803386130382 4.197197696913207 4.210429410841517 4.092899802121301 4.121611800390126 2.9164606733023786 3.139179979114475 4.197236460443364 4.670189164017817 5.143141867592271 5.505621292988136 4.60290875671246 3.094715509235589 2.8058174871179604 3.203448958050921 -999.999 -999.999 -999.999 -999.999 -999.999 -999.999 -999.999 -999.999 -999.999 -999.999 -999.999 -999.999 -999.999 -999.999 -999.999 -999.999 -999.999 -999.999 -999.999 -999.999 -999.999 -999.999
2.382767586928283 2.7711310509182505 3.211105906141301 3.202816094764718 3.0829431812532926 2.413689099919963 2.085511519014722 2.8959653401076006 2.4878676925600693 3.2122521545318277 4.054267173926577 3.954506259040679 3.8440039645155855 3.733501669990492 3.6229993754653975 3.5771152612087995 2.7280779305802056 3.4620825026875157 4.247610505234331 4.559976302829228 4.863674500350564 5.096053298942608 4.424058615122842 2.705532431391945 2.8774519929199807 3.7273482974037817 -999.999 -999.999 -999.999 -999.999 -999.999 -999.999 -999.999 -999.999 -999.999 -999.999 -999.999 -999.999 -999.999 -999.999 -999.999 -999.999 -999.999 -999.999 -999.999 -999.999 -999.999 -999.999
2.55067499249553 3.407917948354699 3.1973532355273013 3.1223808282420853 2.8590236928715846 2.287011632461058 1.8465311582228838 2.8048850539293744 2.3412962269871374 2.6160890071322247 3.3641410099601163 3.443350196738073 3.35718573641367 3.256573929139466 3.1460716346143727 2.632020628195612 2.8510102470391634 3.2271862011901256 3.861149024355812 4.164847221877149 4.4432616734889585 4.642004695514764 4.187146954210325 2.6181247337226705 2.949086498722 3.7153457430497014 -999.999 -999.999 -999.999 -999.999 -999.999 -999.999 -999.999 -999.999 -999.999 -999.999 -999.999 -999.999 -999.999 -999.999 -999.999 -999.999 -999.999 -999.999 -999.999 -999.999 -999.999 -999.999
3.4716465978650013 3.3941652777407 3.1836005649133026 3.0419455617194524 2.635104204489877 2.064626250891879 2.0038059610367167 2.7224624995689592 2.4937791184554636 2.2138279925534663 2.551676628803288 2.918597679873973 2.8324332195495687 2.746268759225165 2.7274462346619295 2.3363620293502843 3.1417447670543646 3.307874168306137 3.623669193719351 3.769718140925068 3.9892130700611146 4.186672045001187 3.612843907001351 2.6230895335910596 3.0207210045240203 -999.999 -999.999 -999.999 -999.999 -999.999 -999.999 -999.999 -999.999 -999.999 -999.999 -999.999 -999.999 -999.999 -999.999 -999.999 -999.999 -999.999 -999.999 -999.999 -999.999 -999.999 -999.999 -999.999
3.5092438186590735 3.1696513009545457 3.0711616905151304 2.9615102951968195 2.5159684900990147 2.071719713136039 2.6100991052808586 3.19270878660531 2.9326863924175406 2.652735266515543 2.3727841406135446 2.3938451630098725 2.333707481286856 2.563977122082641 2.9495034004347715 2.4391135143904 3.0556586442752476 4.415522722875887 6.251988476327312 6.485673473963219 3.9878160894943804 3.414047075106475 3.038540859792377 2.694724039393079 3.0923555103260396 -999.999 -999.999 -999.999 -999.999 -999.999 -999.999 -999.999 -999.999 -999.999 -999.999 -999.999 -999.999 -999.999 -999.999 -999.999 -999.999 -999.999 -999.999 -999.999 -999.999 -999.999 -999.999 -999.999
3.515579128327893 3.2351646560447396 2.954750183761585 2.821980963654157 2.7190219468456847 2.455240755822896 2.9524675676072465 3.2954787915933155 3.1155804788048 2.8609975097577944 2.6064145407107895 2.223326557887952 2.3968552408656083 2.824614630816394 3.1247888538480737 2.886607367214854 3.686705523994214 5.357546456299812 7.131927443068397 6.356279927125936 5.134044563552232 3.911809199978528 2.7082393136872414 2.7663585451950983 3.74297441606915 -999.999 -999.999 -999.999 -999.999 -999.999 -999.999 -999.999 -999.999 -999.999 -999.999 -999.999 -999.999 -999.999 -999.999 -999.999 -999.999 -999.999 -999.999 -999.999 -999.999 -999.999 -999.999 -999.999
2.9610938680374472 3.3151648989138596 2.7793868443134295 2.6252026202767853 2.6266273793645776 2.9277758008564585 3.2576590403030536 3.2527629403599563 3.2930351400512956 3.03845217100429 2.674964102782952 2.2848358260202826 2.6042964807326183 3.016603916521634 3.2189548266555 3.0246519647359373 3.947214688456674 5.911576497306503 4.689341133732798 3.467105770159094 2.8598073759350973 2.8395444766627023 2.6208316160179663 2.837993050997119 -999.999 -999.999 -999.999 -999.999 -999.999 -999.999 -999.999 -999.999 -999.999 -999.999 -999.999 -999.999 -999.999 -999.999 -999.999 -999.999 -999.999 -999.999 -999.999 -999.999 -999.999 -999.999 -999.999 -999.999
1.870589816494848 2.1868565845370003 2.496607270996355 2.640828357777655 2.785049444558955 3.2481046655923205 3.3146662160838227 3.371747611870446 3.470489801297791 3.12501448952769 2.6426429974235086 2.5508780888748324 2.8645935841679746 3.039475259434188 3.1622808129036897 3.0173996284175217 4.244637703913364 3.02240234033966 2.971404531764432 2.951141632492037 2.930878733219642 2.910615833947247 2.5334239183486913 2.9096275567991388 -999.999 -999.999 -999.999 -999.999 -999.999 -999.999 -999.999 -999.999 -999.999 -999.999 -999.999 -999.999 -999.999 -999.999 -999.999 -999.999 -999.999 -999.999 -999.999 -999.999 -999.999 -999.999 -999.999 -999.999
1.7190409204155837 2.0837613716552186 2.4619544725818887 2.7992504229720323 3.0560887822612255 3.278111657950067 3.373034673434046 3.493282958090327 3.5204268452286502 3.0926933841682467 2.6103218920640656 2.8169203517293826 3.065478473706984 2.9287877243781946 3.0636297881717676 3.1032645868661626 3.083001687593767 3.062738788321372 3.042475889048977 3.022212989776582 3.001950090504187 2.857817790497027 2.583630591668198 2.981262062601159 -999.999 -999.999 -999.999 -999.999 -999.999 -999.999 -999.999 -999.999 -999.999 -999.999 -999.999 -999.999 -999.999 -999.999 -999.999 -999.999 -999.999 -999.999 -999.999 -999.999 -999.999 -999.999 -999.999 -999.999
1.807388276483639 2.0877639747698002 2.4415878191687987 2.8154120026347917 3.0414463077636897 3.2674917531000753 3.473175839054618 3.4922004904658275 3.345086234481013 2.9313605377845846 3.0519548141862995 2.3676266588405577 2.7348912090518724 2.456907243911461 2.636809381153904 3.174335944150707 3.154073044878312 3.133810145605917 3.113547246333522 3.093284347061127 3.073021447788732 2.74721160593302 2.655265097470217 3.758600534734513 -999.999 -999.999 -999.999 -999.999 -999.999 -999.999 -999.999 -999.999 -999.999 -999.999 -999.999 -999.999 -999.999 -999.999 -999.999 -999.999 -999.999 -999.999 -999.999 -999.999 -999.999 -999.999 -999.999 -999.999
2.172181566409698 2.455931112532364 2.736306810818525 2.992631147729512 3.1131625059120624 3.315834446662011 3.5744038146958164 3.352046968902503 3.1697456237333768 3.3221077913962214 3.652061981796767 2.487612022772514 1.7774344621345242 1.7650938400455234 2.4500516692602377 3.1350094984749517 3.225144402162857 3.2048815028904625 3.1846186036180675 3.1643557043456725 3.1376199497248463 2.6235384983132626 2.726899603272237 -999.999 -999.999 -999.999 -999.999 -999.999 -999.999 -999.999 -999.999 -999.999 -999.999 -999.999 -999.999 -999.999 -999.999 -999.999 -999.999 -999.999 -999.999 -999.999 -999.999 -999.999 -999.999 -999.999 -999.999 -999.999
2.520237915982781 2.8240982502949272 3.056723867513476 3.0195419678242157 3.168027409025398 3.4390789512665703 3.6259338504884124 3.3495166291569682 3.288948965509303 3.6515322008536946 3.9813989032630177 3.0873153182039523 2.2356401427806336 1.8732356772852932 2.263293957366572 2.948251786581286 3.2962157594474024 3.2759528601750074 3.2556899609026124 3.235427061630217 3.027013765160839 2.5361308006439875 2.7985341090742573 -999.999 -999.999 -999.999 -999.999 -999.999 -999.999 -999.999 -999.999 -999.999 -999.999 -999.999 -999.999 -999.999 -999.999 -999.999 -999.999 -999.999 -999.999 -999.999 -999.999 -999.999 -999.999 -999.999 -999.999 -999.999
2.8682942655558645 3.08765126953387 2.6437581878237255 2.1998651061135814 2.954610040588112 3.5695435769189365 3.677463886281008 3.553228363441386 3.439424943483605 3.587321716925262 4.0045317696375005 3.383675767122467 2.858761608831836 2.4963571433364953 2.133952677841155 2.7614940746876195 3.3672871167319474 3.3470242174595524 3.326761318187158 3.306498418914763 2.9164075805968315 2.472537143943317 2.8701686148762775 -999.999 -999.999 -999.999 -999.999 -999.999 -999.999 -999.999 -999.999 -999.999 -999.999 -999.999 -999.999 -999.999 -999.999 -999.999 -999.999 -999.999 -999.999 -999.999 -999.999 -999.999 -999.999 -999.999 -999.999 -999.999
2.621216328997814 2.7652182851476677 2.152294383862036 1.5954979822952804 2.3121401773663033 3.4140741792547664 3.840817667080388 3.9735980032517646 4.0572483605929754 2.9430901441222996 3.8021580867317497 3.8442875403783785 3.4818830748830374 3.119478609387697 2.757074143892357 2.5747363627939537 3.2596941920086677 3.4180955747440973 3.3978326754717028 3.3068159243886583 2.805801396032824 2.544171649745336 3.774226653399876 -999.999 -999.999 -999.999 -999.999 -999.999 -999.999 -999.999 -999.999 -999.999 -999.999 -999.999 -999.999 -999.999 -999.999 -999.999 -999.999 -999.999 -999.999 -999.999 -999.999 -999.999 -999.999 -999.999 -999.999 -999.999
2.2508380163771293 2.5314253412758583 1.970567958326755 1.9846927868203186 2.2243493172228366 3.155742421207578 4.053667751242134 4.393967643062142 4.5267479792335195 3.4519446052863145 3.178776826520417 4.052858380914657 4.034993913021726 3.742600075438899 3.3801956099435593 3.0177911444482186 3.072936480115002 3.4891669320286427 3.4689040327562477 3.196209739824651 2.709912801719192 2.6158061555473555 -999.999 -999.999 -999.999 -999.999 -999.999 -999.999 -999.999 -999.999 -999.999 -999.999 -999.999 -999.999 -999.999 -999.999 -999.999 -999.999 -999.999 -999.999 -999.999 -999.999 -999.999 -999.999 -999.999 -999.999 -999.999 -999.999
1.7979988046054667 2.1610470286551737 2.1342310609428394 2.3738875913453574 2.613544121747875 2.946646004353717 3.9068674308676474 4.452376452658239 4.8743433573616155 4.178265616498241 3.101705333096514 3.7208040739190715 3.922679020123294 3.9048145522303637 3.886950084337433 3.640912610499421 3.2785081450040803 3.5602382893131876 3.5399753900407926 3.0856035552606436 2.538837682939284 2.6874406613493758 -999.999 -999.999 -999.999 -999.999 -999.999 -999.999 -999.999 -999.999 -999.999 -999.999 -999.999 -999.999 -999.999 -999.999 -999.999 -999.999 -999.999 -999.999 -999.999 -999.999 -999.999 -999.999 -999.999 -999.999 -999.999 -999.999
1.7482263186982843 1.9405413415296466 2.6133506105650977 2.811771345015103 3.0101920794651096 3.225479431664998 3.674074144107035 3.4531577617274953 3.869974216084173 4.340231382626123 3.9839804936258307 3.2336086699291267 3.810364127224862 3.7924996593319316 3.7746351914390015 3.7567707235460706 3.7389062556531396 3.539225145559942 3.47601189905247 2.9749973706966357 2.4514299852700088 2.759075167151396 -999.999 -999.999 -999.999 -999.999 -999.999 -999.999 -999.999 -999.999 -999.999 -999.999 -999.999 -999.999 -999.999 -999.999 -999.999 -999.999 -999.999 -999.999 -999.999 -999.999 -999.999 -999.999 -999.999 -999.999 -999.999 -999.999
2.1514980367608896 1.9427788292404482 3.126088221689741 3.386281764938173 3.4479366042424955 3.129902667454023 3.2988708925561516 3.272730790728824 2.861903721521974 3.3369235523308722 3.8191274948046186 3.789695370753421 3.6980492343264304 3.6801847664334995 3.662320298540569 3.6444558306476385 3.6265913627547075 3.4996024854356738 3.3654057144884626 2.864391186132628 2.4330782020204555 3.7898527720652373 -999.999 -999.999 -999.999 -999.999 -999.999 -999.999 -999.999 -999.999 -999.999 -999.999 -999.999 -999.999 -999.999 -999.999 -999.999 -999.999 -999.999 -999.999 -999.999 -999.999 -999.999 -999.999 -999.999 -999.999 -999.999 -999.999
