Examples/results/velocity1/asciifiles/KR2_140509_120000.JPG_interpmap.txt
ncols 297
nrows 493
xllcorner 446910.0
yllcorner 8753800.0
cellsize 10.0
NODATA_value -999.999
[rows 42 to 62 of 493, columns 192 to 239 of 297]
4.60662254618032 4.6860958404949535 4.717591591024258 4.715118495523051 4.712645400021845 4.710172304520638 4.707699209019432 4.705226113518226 4.7027530180170185 5.094540461900083 6.044679085915315 6.994817709930545 7.072437196937906 7.046490075821419 6.794941124767601 6.106105955029514 5.012989073078175 4.327585917632183 4.431673694740025 4.643204941928423 4.190887452751107 3.7172587385724194 4.3567768773599145 4.717090472445149 4.926391280870004 5.13569208929486 4.964120748219104 4.676894306967616 4.3497847297523595 4.005972418899018 3.7692039464501557 3.4370323218400047 3.5151834479915265 3.692732645562152 3.9438749315757065 4.353215691837141 4.682410155850618 4.611962331530918 4.541514507211219 4.47106668289152 4.40061885857182 4.33017103425212 4.259723209932422 4.1892753856127225 4.118827561293022 4.008592323774321 3.8860306337446318 3.763468943714942
4.6142816550107915 4.611808559509585 4.609335464008378 4.606862368507172 4.604389273005965 4.6019161775047595 4.599443082003552 4.596969986502345 5.502109441835181 6.452248065850411 6.497359768237178 6.471412647120691 6.445465526004205 6.275475109039702 6.017101781268072 5.404586633490696 4.6442265889303345 4.841945246554608 5.3043551794291774 4.896556106784995 4.4240134342665325 3.9503847200878455 3.476756005909158 4.168864972644165 5.027755790595665 5.1748172070404 4.887590765788911 4.600364324537422 4.291920184094215 3.9481078732408728 3.6264663425051498 3.2549666893896663 3.4325158869602914 3.6734319845607972 4.082772744822232 4.422400107413031 4.590111631085896 4.494196391950021 4.4795725767389145 4.464948761527808 4.450324946316701 4.435701131105595 4.39594294591024 4.32549512159054 4.25504729727084 4.184599472951141 4.114151648631442 4.006074833720276
4.506025527994912 4.503552432493706 4.501079336992499 4.498606241491292 4.496133145990085 4.49366005048888 4.959539797755047 5.909678421770278 5.92228233953645 5.8963352184199636 5.870388097303477 5.844440976186991 5.7560090933118 5.497635765540171 5.239262437768541 4.703067311951877 4.537974729644249 5.965505416929933 5.55770634428575 5.130768129960645 4.657139415781958 4.183510701603271 3.7098819874245836 3.236253273245896 3.9811134962096983 5.05523872521712 4.811060783358718 4.523834342107228 4.23405563843607 3.8159003631702944 3.2935469631079943 3.1722991283584308 3.402989037545889 3.8123297978073234 4.081049904086619 4.349615345375212 4.505358445090365 4.268886245453446 4.25426243024234 4.239638615031232 4.225014799820126 4.2103909846090195 4.1957671693979135 4.181143354186806 4.1665195389757 4.151895723764593 4.137271908553486 4.12264809334238
4.397769400979033 4.395296305477826 4.392823209976619 4.390350114475413 4.416970153674914 5.367108777690144 5.347204910835721 5.321257789719236 5.295310668602749 5.269363547486263 5.243416426369777 5.232765393318536 4.9781697498122695 4.719796422040639 4.46142309426901 4.001547990413059 4.755383856710482 5.05590875852084 5.32387865783349 5.091890711982439 4.428650063390528 3.7654094147986163 3.1021687662067046 3.085951766242375 3.4893855211752554 4.805843126458981 4.448062824702351 4.206582276017539 3.9647261289195606 3.482980983773139 2.9606275837108385 3.1325460905309805 3.4711342594716146 3.739699700760207 4.008265142048799 4.276830583337393 4.420605259094835 4.150778916330559 4.028952283745765 4.014328468534657 3.9997046533235516 3.985080838112445 3.9704570229013383 3.9558332076902314 3.9412093924791245 3.9265855772680185 3.9119617620569116 3.961786549984853
4.289513273963154 4.287040178461947 4.2845670829607405 4.7980746032514805 4.772127482134994 4.746180361018507 4.7205616589868615 4.765489601266717 4.810417543546574 4.8553454858264296 4.900273428106285 4.744513238147323 4.461324891585667 4.178136545024012 3.886541305655796 3.6955090361177634 3.527008976231752 3.5667469790692135 3.7627167239715114 3.9586864688738084 3.30572241045229 2.8393690648915744 3.082794451896121 3.2908803639702358 3.4627596363562994 4.59849030546384 4.170825407824957 3.840886924187582 3.5772615431306036 3.12176702521111 2.8612186148566088 3.1297840561452017 3.398349497433794 3.666914938722387 3.93548038001098 4.204045821299572 4.3358520730993035 4.066025730335028 3.8036421372491898 3.789018322038083 3.774394506826977 3.7597706916158695 3.745146876404763 3.730523061193656 3.71589924598255 3.7705261386199838 3.900989872045463 3.8400429128825158
4.183497286752614 4.222997174550752 4.253285866935043 4.298213809214899 4.3431417514947555 4.388069693774611 4.432997636054466 4.4779255783343235 4.522853520614179 4.567781462894034 4.513505337799782 4.3444785771111025 4.245856756087631 4.147234935064159 4.094082281701534 3.841271419233355 3.5884605567651757 3.3356496942969964 3.082838831828817 2.8300279693606374 2.8362117505453197 3.0796371375498666 3.318855305466971 3.4907345778530345 3.662613850239098 4.391137484468698 3.963472586829815 3.5358076891909325 3.1897969573416463 2.850458097412401 2.8237789202131025 3.0693378102676716 3.3255647353959743 3.5941301766845672 3.86269561797316 4.131261059261753 4.2510988871037725 3.9812725443394967 3.7114462015752214 3.5637081755415085 3.5490843603304016 3.5344605451192947 3.519836729908188 3.579265727255115 3.7097294606805944 3.840193194106073 3.7570175588014623 3.609007111603238
4.353322950655994 4.386452772883248 4.549654476009539 4.587346752436191 4.625039028862844 4.662731305289496 4.700423581716148 4.7381158581428 4.775808134569452 4.812250238810172 4.70679521090507 4.608036475852916 4.5094146548294445 4.4107928338059725 4.406613788653283 4.153802926185104 3.9009920637169246 3.6481812012487453 3.336551957169783 3.1519082026124274 3.3035855553712095 3.4552629081299915 3.416998658266732 3.5549647985549893 3.8624680641218974 4.034347336507961 3.7652323837986845 3.390114474775541 3.0334130729170243 2.80452478905693 2.809345097042958 3.054903987097527 3.3004628771520954 3.546021767206664 3.7915806572612336 4.058476297223933 4.166345701108242 3.8965193583439666 3.6266930155796904 3.3568666728154146 3.3237742138338264 3.388005315890246 3.5184690493157253 3.6489327827412046 3.7793965161666843 3.673992204720408 3.494882662269469 3.503261189270489
4.560247581455652 4.612433932249828 4.822041877369479 4.9564330175101965 4.994125293936849 5.0318175703635 5.069509846790153 5.107202123216806 5.144894399643457 5.079678170987194 4.974223143082091 4.871594374594731 4.772972553571258 4.944933154309854 4.719145295605032 4.466334433136852 4.213523570668674 3.752658977162482 3.4873484531947416 3.6390258059535237 3.7313760800508073 3.622284401229753 3.460012323172876 3.5063911715466167 3.6112260517279307 3.716060931909245 3.7713500676803484 3.3956868167293117 3.0304285124175196 2.758591480701458 2.7949112738728132 3.040470163927382 3.286029053981951 3.5315879440365197 3.777146834091088 4.02736261182045 4.098668345896331 3.8301021085219205 3.5615358711475094 3.2929696337730983 3.1972237797229894 3.442968298802816 3.588136104801815 3.7185998382272945 3.590966850639354 3.4118573081884147 3.282536797367203 3.39751526693774
4.786228740822231 4.838415091616406 4.9401839563371155 5.2807812472726745 5.363211559010853 5.400903835437505 5.4385961118641575 5.476288388290809 5.4525611310693165 5.347106103164215 5.241651075259114 5.1361960473540105 5.036530452313073 5.284487665024961 5.031676802556781 4.740404837112024 4.168765997155179 3.8227887037770545 3.974466056535837 3.977733717009097 3.8686420381880415 3.7595503593669872 3.588370234343436 3.511441352661535 3.5957836848265003 3.700618565007815 3.805453445189129 3.4322716467475267 3.036092121281066 2.712658172345986 2.780477450702669 3.026036340757237 3.271595230811806 3.530347471641835 3.8155151021340163 4.100682732626199 4.090552240093855 3.7912639384090507 3.52269770103464 3.254131463660229 3.164541488976991 3.1102837013942763 3.3213702629522874 3.5082841803326117 3.3288319541073608 3.1497224116564215 3.1767908750344542 3.291769344604992
5.012209900188809 5.064396250982985 5.116582601777161 5.39892332624031 5.732297824084857 5.76999010051151 5.807682376938162 5.82544409115144 5.719989063246338 5.6145340353412365 5.509079007436135 5.39694733487475 5.595300164473461 5.597019171976709 5.1565118571047215 4.584873017147878 4.158228954359368 4.309906307118149 4.2240913539673866 4.114999675146331 4.005907996325276 3.896816317504221 3.7292667981065346 3.5787891109421524 3.58034131792507 3.685176198106384 3.790011078287699 3.5425949861608172 3.093193225814705 2.6764974258328205 2.7660436275325235 3.0333323314632192 3.3184999619554008 3.6036675924475823 3.888835222939764 4.174002853431945 4.093802723766159 3.752425768296182 3.4838595309217704 3.2152932935473593 3.1553456534603006 3.1010878658775862 3.0468300782948714 3.1997722271017595 3.066715027775418 2.9560664831311687 3.071044952701706 3.186023422272243
5.238191059555389 5.2903774103495635 5.342563761143739 5.517065405207946 5.857662696143505 6.139076365585515 6.176768642012167 6.092872023328462 5.987416995423359 5.674568477959605 5.346585957922358 5.048962979421414 6.108474876256815 5.57261887709742 5.000980037140575 4.493669204941681 4.57954066974673 4.470448990925675 4.361357312104621 4.2522656332835655 4.143173954462511 4.034082275641456 3.8701633618696327 3.646136869222769 3.630218140430812 3.6697338312049546 3.7745687113862685 3.6529183255741073 3.203516565227995 2.754114804881883 2.8519059328014507 3.106652452268966 3.3918200827611487 3.6769877132533297 3.9621553437455113 4.247322974237693 4.097053207438464 3.7432152700740646 3.4450213608089006 3.200407605526326 3.146149817943611 3.0918920303608965 3.0376342427781817 2.983376455195467 2.929484415298387 2.901135121082462 2.965299030368957 3.080277499939495
5.464172218921967 5.516358569716143 5.568544920510318 5.635207484175581 5.97580477511114 6.3164020660467 6.280172141081707 5.952189621044459 5.624207101007212 5.296224580969964 4.968242060932717 5.386407093751344 5.584306097658933 5.417087057133274 4.84544821717643 4.825898306705019 4.716806627883964 4.60771494906291 4.498623270241856 4.3895315914208 4.280439912599745 4.17134823377869 4.011059925632731 3.7389674643958193 3.697565898711429 3.681647169919472 3.759126344484838 3.7632416649873974 3.3138399046412856 3.006945290570474 3.1912404678704975 3.346992289970262 3.5027441120700264 3.750307834059077 4.035475464551259 4.32064309504344 4.100303691110768 3.746465753746368 3.406183190696032 3.1912117700096365 3.1369539824269213 3.0826961948442064 3.0661559624681187 3.059305272114287 3.052454581760455 2.98924640505365 3.0396136523328465 3.0899808996120433
5.391412920865417 5.652048691853976 5.7945260798768965 5.846712430671071 6.093946854078775 6.571179110710867 6.154256407904541 5.591178926018648 5.245863204017572 4.917880683980324 4.644238503123836 5.068054178485961 5.060137319061053 5.080489358982386 5.072255943663309 4.963164264842254 4.854072586021199 4.744980907200144 4.635889228379089 4.526797549558034 4.417705870736979 4.308614191915924 4.151956489395829 3.8798640281589174 3.7649136569920456 3.748994928200089 3.743683977583408 3.8485188577647227 3.4241632440545757 3.3332825198545315 3.523704939366709 3.6863268250393086 3.842078647139073 3.9978304692388376 4.153582291338603 4.393963215849188 4.103554174783072 3.7497162374186734 3.3958783000542736 3.1820159344929464 3.1581172313082133 3.151266540954381 3.1444158506005495 3.1375651602467176 3.1307144698928857 3.0953863561031505 3.1277249363040345 3.033867837159545
5.0599959629466245 5.3206317339351825 5.581267504923741 5.841903275912299 6.342686535687088 6.661666879632632 6.098589397746741 5.535511915860848 4.972434433974956 4.539536786990683 4.551802259312989 4.689358980049043 4.959408543823221 5.1255289434002975 5.042808213746446 5.100430222979488 4.991338544158433 4.882246865337378 4.773155186516323 4.6640635076952695 4.554971828874214 4.445880150053159 4.292853053158927 4.0207605919220155 3.832261415272663 3.8163426864807053 3.800423957688748 3.8330764908632924 3.5344865834678663 3.6596197491385887 3.8347413856460024 3.9288362908695063 4.070274119103929 4.211711947338351 4.353149775572774 4.259775617408197 3.987286719327364 3.6383839455800917 3.2894811718328203 3.2436967985612375 3.2366984583918543 3.229700118222471 3.2227017780530876 3.2158250483791484 3.208974358025317 3.2021236676714846 3.1793564983962286 3.0071709716647357
4.728579005027832 4.989214776016391 5.258204818299861 5.666909338559002 6.695503211016676 6.605999869474832 6.04292238758894 5.4798449057030485 4.584147424969782 4.366809452062933 4.568278164889878 4.838327728664056 5.108377292438233 5.080764260237732 4.909096621177009 5.0158576216200315 5.1286045022956674 5.019512823474614 4.910421144653558 4.801329465832504 4.6922377870114484 4.583146108190393 4.433749616922025 4.161657155685114 3.8996091735532796 3.8836904447613225 3.867771715969366 3.851852987177408 3.795534558910469 3.9121229462144163 3.992876163096307 4.076714887098439 4.171993522685607 4.3134313509200295 4.143620233689097 3.9720951908399993 3.8001586653506383 3.451255891603367 3.276437411206529 3.3211466460258223 3.315911388116949 3.3089130479475655 3.301914707778182 3.2949163676087987 3.287918027439415 3.260283304462468 3.159804919908873 2.9954452518656645
4.397162047109039 4.710582586766757 5.068323696247629 5.890059876602873 6.576084372967619 5.694914960966526 4.712928381051322 3.895519759480006 4.306886194843173 4.71825263020634 5.041594382934252 4.987296477279068 5.207667216135891 5.0359995770751675 4.864331938014444 4.855141120208508 4.988907029493618 5.122672938778728 5.047687102790793 4.938595423969738 4.829503745148683 4.720412066327627 4.574646180685124 4.302553719448212 4.0304612582113 3.9510382030419398 3.935119474249982 3.919200745458025 3.9000328336058088 4.070257723664722 4.1510109405466125 4.235055413553258 4.306475521827249 4.147221318991219 3.9175236786125476 3.687826038233877 3.5128897214227046 3.2949445426075554 3.3396537774268493 3.384363012246143 3.3951243178420443 3.38812597767266 3.3724074762098812 3.340152262068825 3.2738300400789955 3.075431327505498 3.130139238097183 2.983719532066593
4.162960355233654 4.520701464714525 5.065166916798535 5.245644066660672 4.535933330892105 3.8262225951235385 3.8355965022602456 4.226644747215319 4.614920443292214 5.003196139369109 5.38759027695954 5.2884326930359356 5.162902532973327 4.991234893912603 4.819567254851879 4.694424618796983 4.828190528082093 4.9619564373672045 5.095722346652314 5.0758613821069725 4.966769703285918 4.857678024464862 4.715542744448221 4.44345028321131 4.171357821974398 4.018385961322556 3.9985209989856094 3.405061482398973 3.5092732614145845 4.100736580126086 4.309145717996917 4.393395940008078 4.258400921362087 4.10729997312726 3.9561990248924337 3.72817994296968 3.498482302591009 3.2344236942181435 3.3112879308116776 3.3881521674052117 3.4495220266616293 3.417266812520573 3.3850115983795175 3.287376775695524 3.088978063122026 2.961624865697046 3.0341938185068362 2.971993812267521
3.9689525285663505 4.330820342662293 4.118228102841644 3.867158946192313 3.6160897895429827 3.6459215487985333 3.925102592888856 4.313378288965751 4.701653985042646 5.089929681119541 5.222839921279875 5.141979815068162 5.102103809210443 4.9464702107500385 4.774802571689314 4.603134932628589 4.667474026670568 4.801239935955679 4.93500584524079 5.0687717545259 5.1040356614231515 4.994943982602097 4.85643930821132 4.584346846974408 4.312254385737496 4.041476009438047 3.5098925446781966 2.9817482401873745 3.1185136892233603 3.709977007934863 4.3118953386213175 4.3614272691317515 4.210326320896926 4.059225372662099 3.908124424427272 3.7570234761924453 3.503499305929875 3.1094345576982585 3.186298794291792 3.322521010763196 3.381823895406881 3.4059015850509966 3.3009235113120514 3.1025247987385534 2.904126086165056 2.8656794461066992 2.938248398916489 2.9602680924684495
3.7672330286451543 4.109606988822289 3.8894652880578646 3.6421182088312376 3.715117194022368 3.788116179213499 4.011836134639288 4.400111830716183 4.788387526793078 5.157247149523815 5.059260110869549 5.021564341967832 4.983868573066116 4.885249639650304 4.7300378885267484 4.558370249466026 4.506757525259045 4.640523434544155 4.774289343829266 4.908055253114377 5.041821162399486 5.132209940739331 4.9973358719744185 4.725243410737507 4.2018865285868365 3.9924293582176844 3.4433982961833824 2.9089234211884722 3.0511380284738716 3.60843817235846 4.173845657262373 4.281220681036623 4.1206890468331 3.974453373797129 3.828217700761156 3.681982027725185 3.2403546338635696 2.9973811826532204 3.137000275394753 3.276619368136285 3.309189793903477 3.423857600074394 3.4021799156052497 3.179379836386374 2.956579757167497 2.871884339547324 2.923327166742061 2.9886459223408903
3.861500461817993 3.8804361224189146 3.7113138540550734 3.784312839246204 3.8573118244373346 3.9303108096284647 4.098569676389719 4.486845372466615 4.875121068543509 4.99249679384415 4.938844637769218 4.901148868867502 4.863453099965786 4.81310335992274 4.668395470090167 4.513605566303461 4.346041023847519 4.47980693313263 4.6135728424177405 4.747338751702852 4.881104660987962 5.014870570273073 5.084040157601973 4.674004080129278 4.2442190914247035 3.9719544740094266 3.4234531316077086 3.345731580525329 3.4879461878107287 3.617895172789035 4.009389414007602 4.3672336980976265 4.0256539735382635 3.8794183005022917 3.73318262746632 3.2964295591322728 3.070152635716425 2.9971959535697037 3.0910986327678414 3.212478002755958 3.3216444866991317 3.5110076369149947 3.4879284818169074 3.2939287285594325 3.0711286493405563 2.927799618323263 2.9792424455179995 3.079969569367586
3.840599985542335 3.782162185299013 3.853508484470039 3.9265074696611695 3.9995064548523 4.072505440043431 4.185303218140151 4.5735789142170455 4.92690402208809 4.856124933570604 4.8184291646688875 4.780733395767172 4.743037626865455 4.705341857963738 4.596249190362602 4.451541300530029 4.297173244080172 4.319090431721106 4.452856341006216 4.586622250291327 4.5577401984327555 4.454266540310555 4.81931832588946 4.59904621548381 4.303553790279882 3.9223544758664604 3.6403251325767867 3.7734109219404717 3.8935133412708742 4.013615760601278 4.133718179931682 4.349986381021859 4.067529028899962 3.7843832272074556 3.5383738062410464 3.4028263353832457 3.267278864525445 3.1536993742014663 3.1574975747527176 3.2194313733238697 3.408794523539733 3.598157673755596 3.566716358103913 3.4084776207324916 3.1856775415136154 3.031919910332798 3.0351577242939385 3.1712932163942824
