Examples/results/velocity/asciifiles/KR2_140510_120000.JPG_interpmap.txt
ncols 286
nrows 445
xllcorner 446880.0
yllcorner 8754270.0
cellsize 10.0
NODATA_value -999.999
[rows 192 to 215 of 445, columns 53 to 105 of 286]
11.249405315 13.7141903961 8.20511328513 7.1702709604 6.5572138911 6.36960366269 6.22564697662 6.36807697048 6.72432460912 7.08057224777 7.43681988642 7.79306752507 8.14931516371 8.52734771812 8.94182195377 9.27429709985 8.4713002657 7.93511933549 6.56273708149 7.08504759298 7.6977593357 8.31047107842 8.92318282113 8.86650915183 8.34693489534 7.82736063884 7.30778638235 6.85338379124 6.68329354623 6.50887489014 6.33445623405 6.16003757797 5.98561892188 5.81120026579 6.21638767012 7.34354723736 8.59760929466 8.46584122545 7.83196089395 7.22565844291 6.65351985767 7.60519092373 8.50430179703 9.40341267032 8.05312488838 6.50345252018 6.47300080748 6.44254909478 6.41209738209 6.15768537628 5.66533198984 5.18846521229 5.13348107911
12.0267184105 13.3628538864 7.62281906618 7.45524618815 7.06935800824 6.9039162879 6.83636415431 6.59191051114 6.87648581126 7.31471854334 7.75295127542 8.1911840075 8.62941673959 9.00896117221 8.27744147014 7.47444463598 6.67144780183 7.16460185716 6.88602209386 7.49873383658 8.09428330708 8.62340344842 8.99399560416 9.04255802102 9.24643686501 8.71556649399 8.18469612296 7.6320718927 6.8289264636 6.60499725481 6.43057859872 6.25615994263 6.08174128655 5.96695970006 6.97719978133 8.10843043767 7.69324358302 7.27805672838 6.55657835839 5.71399239796 6.39680568498 7.27934858324 8.17845945653 7.72905840607 6.60974544757 6.57929373487 6.54884202217 6.51839030948 6.48564875855 6.43116705835 5.73847805482 5.37816798656 5.41009582006
12.804031506 12.7100906762 7.28553441066 7.80621956205 7.80128581017 7.79635205829 7.56941618115 7.32496253798 7.08050889481 7.17139564303 7.60962837511 8.04786110719 8.48609383927 8.54431129849 8.21257725047 7.55092336948 6.72107964916 6.70445760867 7.23927753199 7.77829515008 8.14888730582 8.51947946156 8.8900716173 8.87301403378 8.81830662478 9.78215020585 9.25127983482 8.7204094638 7.92417461702 7.12102918793 6.52670096339 6.3522823073 6.17786365121 6.61085232531 7.21294748563 6.79776063099 6.38257377634 6.67553369072 6.61182301432 6.01432004302 5.71468039606 6.77491530151 7.29978993503 6.5631345687 6.39902157221 6.38325696806 6.35828593421 6.30380423401 6.24932253381 6.19484083361 5.35329526457 5.40985658159 5.73112710174
13.5813446014 12.057327466 7.29469215873 8.69865533244 8.69372158056 8.54692185116 8.30246820799 8.05801456482 7.81356092165 7.56910727848 7.4663054748 7.90453820688 8.34277093896 8.07610704113 7.74437299311 7.41263894509 7.15561071581 7.04782252934 7.30377900748 7.67437116322 8.04496331896 8.4155554747 8.75817745553 8.70347004653 8.64876263754 8.59405522854 9.60863288111 9.78699317566 9.01942277044 8.21627734135 7.41313191226 6.60998648317 6.28187577578 6.36102664061 6.72378837969 7.08655011877 7.44931185786 7.66946281361 7.45379095481 7.0243446795 6.24023821922 5.91844636671 6.13427492318 6.04029048731 6.02452588315 6.008761279 5.99299667485 5.9772320707 5.96146746655 5.94969272133 5.72175208305 5.45623508315 5.87068082297
14.3586576969 11.4045642558 7.3038499068 9.44223590797 9.52442752118 9.279973878 9.03552023483 8.79106659166 8.54661294849 8.30215930532 8.05770566215 7.81325201898 7.93963683179 7.73975620759 7.73005103264 7.7203458577 7.60951587164 7.38021674305 7.19985502062 7.57044717636 7.9410393321 8.31163148784 8.58863346828 8.53392605929 8.47921865029 8.4245112413 8.36980383231 9.24216686255 9.37717745073 8.42163365032 7.4992578327 6.57688201509 6.90007961808 7.49756654683 7.86032828591 8.223090025 8.58585176408 8.47422828511 8.25855642631 8.04288456751 7.43686634467 7.00137202193 6.66082048625 5.95397926714 5.92508108212 5.91202975459 5.91103286613 5.91003597767 5.90903908921 5.84346950604 5.57133695699 5.58650252737 5.97226246048
15.1359707924 10.7537766783 7.58578270859 10.1817304361 10.172545584 9.87710850395 9.58167142393 9.2862343439 8.99079726387 8.69536018384 8.39992310382 8.10448602379 8.13028135056 8.27673970239 8.26703452745 8.25732935251 8.06342102748 7.70282487298 7.28232611008 7.4665231895 7.83711534524 8.20770750098 8.41908948104 8.36438207204 8.30967466305 8.25496725406 8.20025984506 8.67398904804 8.75816346369 7.78912674254 6.80271726583 6.34076260732 7.49108820382 8.34155308614 8.99686819214 9.35962993122 9.4946656154 9.2789937566 9.06332189781 8.84765003901 8.63197818022 7.52518344123 6.06077909038 5.97478052184 5.94588233683 5.91698415182 5.8880859668 5.8683854571 5.86738856864 5.64962915845 5.34279095658 5.7263862803 5.9245742565
15.9095416469 10.1720570367 8.37985774105 10.1118868634 9.89408462066 9.76668994729 9.60125532366 9.30581824363 9.0103811636 8.71494408357 8.41950700355 8.12406992352 8.04005260329 8.55976833062 8.80401802225 8.75726280464 8.4459317658 8.0254330029 7.60493424001 7.36259920264 7.73319135838 8.10378351412 8.24954549379 8.1948380848 8.14013067581 8.08542326681 7.67698132368 8.62643719585 8.07578710758 7.08937763087 6.70512145718 6.3962317721 7.23933455532 8.38966015182 9.53998574831 10.4961698374 10.2122753325 9.75018421864 9.28809310482 8.826001991 8.22087353216 6.73124500841 6.08087712273 5.99558177655 5.96668359154 5.93778540652 5.90888722151 5.8799890365 5.84356632929 5.52924819571 5.27819062056 5.43224520418 5.49534647708
15.2567784367 9.59033739498 9.17393277352 9.78399923706 9.56619699432 9.34839475157 9.22114941314 9.11203684397 9.0029242748 8.7345279833 8.43909090328 8.14365382325 7.94982385602 8.46953958335 8.98925531068 8.91624194843 8.51139052076 8.34804113283 7.92754236994 7.50704360704 7.62926737152 7.99985952726 8.08000150655 8.02529409756 7.96250196775 7.53387072831 7.10523948888 7.43714568526 7.15852670417 6.87734550175 6.91308348105 6.4850627143 6.98758090682 8.03939623574 8.93784744239 9.62476301936 9.54873923807 9.14857209788 8.68648098406 8.22438987024 7.29670617803 6.20424503038 6.10097515507 6.01638303126 5.98748484625 5.95858666123 5.92004858604 5.8788861696 5.82505698941 5.58550255974 5.39257087611 5.40812829068 5.29482622827
14.6040152264 9.00861775329 9.67391385347 9.45611161072 9.23830936797 9.02050712522 8.80270488247 8.675608879 8.56649630983 8.45738374065 8.34827117148 8.16323772298 7.86780064295 8.37715413205 8.37270376787 8.36825340369 8.26124221721 8.23315698176 8.20507174632 7.82965173697 7.52534338466 7.8959355404 7.91045751931 7.81939137238 7.39076013294 6.96212889351 6.53349765407 7.70607971834 8.30815759851 7.63864695819 6.83516578712 6.35868798905 6.29813892491 7.11387756833 8.01232877497 8.49864014991 8.42261636862 8.34659258733 8.0848688633 7.5860205824 6.77096218051 6.54547431271 6.21950316393 6.03718428597 5.99653084279 5.95536842635 5.9142060099 5.87304359346 5.80549171662 5.64175692378 5.50695113167 5.42278043726 5.30947837484
13.9512520162 8.56290010559 9.34602622712 9.12822398438 8.91042174163 8.69261949888 8.47481725613 8.25701501338 8.13006834485 8.02095577568 7.91184320651 7.80273063734 7.71707103499 7.79413816968 7.87120530437 8.00255719686 8.05056102325 8.00268526268 7.95492344277 7.92683820732 7.73176110401 7.79201155354 7.676280777 7.24764953757 7.15534715498 7.28292157026 7.45283650742 8.25085961125 7.87218604563 7.49351248002 6.65288314125 6.80259686244 6.52152911122 6.24046136001 7.08681010756 7.37251728047 7.29649349918 7.22046971789 7.1694272346 7.43566799434 7.36369218361 6.9773666195 6.28898907071 6.07273650326 5.99068826665 5.94952585021 5.90836343377 5.86720101733 5.78592644384 5.69801128781 5.55073464624 5.43743258383 5.32413052142
13.3030146488 8.96021014343 9.01813860078 8.80033635803 8.58253411528 8.36473187253 8.14692962979 7.92912738704 7.71132514429 7.58452781071 7.47541524153 7.36630267236 7.38579403462 7.47569972403 7.61168929279 7.74767886154 7.86449319658 7.81661743601 7.76874167545 7.72086591489 7.67299015432 7.69480534198 7.90831811257 8.03589252786 8.16346694314 8.29104135843 8.02550879033 8.27027959106 8.34556705031 7.96974634336 7.59392563641 6.53736772873 6.50378678777 6.36130405035 6.18278379511 6.41683274205 6.66101564566 6.87019620882 7.07937677198 7.28855733514 7.35569177071 6.66731422192 6.24094372099 6.13433973086 6.02773574073 5.94368327407 5.90252085763 5.85004591872 5.76636117105 5.68267642338 5.56538679282 5.46475266915 5.39493859177
12.7212950071 8.90805321719 8.69025097444 8.47244873169 8.25464648894 8.03684424619 7.81904200344 7.60123976069 7.38343751794 7.1656352752 7.03898727656 6.97744989956 7.08483181995 7.22082138871 7.35681095746 7.49280052622 7.62879009497 7.63054960934 7.58267384878 7.53479808822 7.48692232765 7.8708842369 8.07344196411 8.10896247684 8.39811452482 8.77360441759 8.3642565644 8.67250754401 8.98075852363 9.28900950324 8.66975859194 6.49511323802 6.35503212956 6.2149510211 6.19695552775 6.23374154643 6.27411912423 6.31449670203 6.35487427984 6.48263628809 6.69181685126 6.40915093872 6.30254694859 6.19594295846 6.08933896832 5.98273497819 5.89667828149 5.83048064593 5.76269938667 5.7367055343 5.6919321926 5.62211811522 5.55230403784
12.1395753655 8.42603444319 8.29786534715 8.1696962511 8.00959316941 7.77809889135 7.5466046133 7.31511033525 7.0836160572 6.85212177915 6.6206275011 6.69396391588 6.82995348463 6.96594305339 7.10193262214 7.2379221909 7.37391175965 7.44448178268 7.39660602211 7.34873026155 7.30085450098 7.98132759642 8.41655807351 8.45207858623 8.48759909896 8.52311961169 8.80335793705 9.12313389291 9.44290984876 9.13004590077 7.97708890505 6.36250119362 6.22242008516 6.2060059453 6.2300040596 6.26530065132 6.30567822912 6.34605580693 6.38643338473 6.42681096253 6.59185395572 6.31517062618 6.21363726653 6.11210390688 6.01057054723 5.90903718759 5.8713620217 5.90448734591 5.9031152107 5.87712135834 5.84929763867 5.77948356129 5.70966948391
11.5578557238 7.90863296272 7.78046386668 7.65229477064 7.5241256746 7.39595657856 7.26778748252 7.12043812535 6.8889438473 6.65744956925 6.60336269797 6.59372633486 6.57507514931 6.71106471807 6.84705428682 6.98304385557 7.11903342433 7.25502299308 7.21053819544 7.16266243488 7.34433264167 8.09177095594 8.75967418291 8.79519469563 8.83071520836 8.96199431159 9.30395029392 9.54329896604 8.83019904255 8.11709911905 7.28441921815 6.22988914922 6.21505636285 6.23905447715 6.26305259145 6.29685975621 6.33723733402 6.37761491182 6.41799248962 6.85550279877 7.33556190894 6.09878337722 5.99725001758 5.93143912332 5.89731952338 5.86230042413 5.82611907715 5.78993773016 5.83268030097 6.01440956124 5.99154333001 5.93684900736 5.84779699002
11.0218951878 7.39123148226 7.26306238622 7.13489329018 7.00672419414 6.8785550981 6.75038600206 6.62447366443 6.57851181151 6.53975131947 6.64023185497 6.63411964371 6.60465223732 6.57518483093 6.5921759515 6.72816552025 6.86415508901 7.00014465776 7.02447036877 6.97659460821 7.45477600119 8.20221431546 8.94965262973 9.13831080503 9.17383131776 9.45615282044 9.31718224775 8.57040319182 7.8236241359 7.10415233733 6.39105241383 6.22410678039 6.24810489469 6.27210300899 6.29610112329 6.32841886111 6.36879643891 6.63909253167 7.11915164183 7.59921075199 8.07926986216 6.30845145942 5.92267389809 5.88855429815 5.85323882656 5.81705747958 5.78087613259 5.74469478561 5.58103435415 5.76087325603 5.9426025163 6.07389148176 5.95746926109
10.7979387429 6.90769327337 6.86074018305 6.81477833014 6.76881647722 6.7228546243 6.67689277139 6.63093091847 6.58496906556 6.55166183594 6.64318385419 6.62185782416 6.60345847394 6.60003270507 6.58611073339 6.556643327 6.60927675368 6.74526632244 6.8384025421 6.81778104644 7.56521936071 8.31265767498 9.06009598925 9.48142691443 9.58455003807 9.59553158864 9.13778357985 8.40087112674 7.65409207081 6.90731301489 6.26152328338 6.32098677591 6.34123740793 6.33423369853 6.32914965514 6.42268226456 6.90274137472 7.38280048489 7.86285959505 8.34291870521 8.82297781537 6.66635176405 5.87978907292 5.84417722899 5.80799588201 5.77181453502 5.73563318804 5.69945184106 5.66327049408 5.50733695083 5.68906621109 5.84731310117 5.99022846631
10.573982298 6.9120150517 6.87078930117 6.82123558418 6.77527373126 6.72931187834 6.68335002543 6.63738817251 6.5914263196 6.56357235241 6.63223960986 6.61091357983 6.5895875498 6.56826151978 6.55958133669 6.55615556782 6.55272979895 6.53810182307 6.62637755587 6.92822440596 7.67566272023 8.4231010345 9.17053934877 9.82454302383 9.77204240458 9.31429439578 8.85654638699 8.23133906166 7.48456000573 6.7377809498 6.3310411019 6.39050459443 6.44996808696 6.45869476054 6.43466824023 6.27744874671 6.89376976277 7.3891688769 7.88456799102 8.43609441487 7.88565922569 6.21385208559 5.85170717546 5.79893428443 5.76275293745 5.72657159047 5.69039024349 5.65420889651 5.61802754952 5.47958163498 5.43552990589 5.58369096795 5.72660633309
10.350025853 6.91578253587 6.89978866103 6.83388532897 6.7817309853 6.73576913239 6.68980727947 6.64384542655 6.59788357364 6.57548286888 6.62129536553 6.5999693355 6.57864330548 6.55731727545 6.53599124542 6.51912996831 6.51570419944 6.51227843057 6.5088526617 6.74276021687 7.48918079443 8.235601372 8.98202194957 9.79780440863 9.49080521172 9.03305720292 8.57530919412 8.06180699657 7.31502794065 6.56824888472 6.40055892041 6.46002241294 6.56391706243 6.54387658992 6.44031264657 6.27277527872 6.37257071791 7.21077970151 7.70617881564 8.18452367886 6.76071883283 6.23545640971 5.77267665312 5.78580826778 5.87281117766 5.77595924479 5.67910731192 5.60896595195 5.57278460497 5.53660325799 5.33687492438 5.48692540074 5.6369758771
10.1260694081 6.91955002004 6.92878802088 6.86288468883 6.79698135677 6.74222638643 6.69626453351 6.65030268059 6.60434082768 6.58739338535 6.6103511212 6.58902509118 6.56769906115 6.54637303112 6.52504700109 6.50372097107 6.48239494104 6.47525283106 6.47448264508 6.52176647248 6.85273233169 7.60013089988 8.4775562578 9.35498161572 9.16566330493 8.75182001006 8.29407200126 7.83632399246 7.14549587556 6.4106132464 6.47007673893 6.56438786476 6.65308493961 6.60317654643 6.43563917859 6.26810181074 6.1005644429 6.6166386476 7.52778964025 7.32266304132 6.85988328473 6.39710352815 5.93432377156 5.47154401497 5.64083412124 5.86605134997 5.89391517986 5.79706324699 5.70021131412 5.60335938126 5.60649150675 5.74183668876 5.87718187077
9.38980512606 6.92331750421 6.95778738074 6.89188404868 6.82598071663 6.76007738457 6.70272178755 6.65675993464 6.61079808172 6.59930390182 6.59940687688 6.57808084685 6.55675481682 6.53542878679 6.51410275677 6.49277672674 6.47145069671 6.45012466669 6.45207529262 6.49781199148 6.56906875573 7.15730810698 8.0347334649 8.91215882282 8.81884149051 8.41241996143 8.00599843236 7.5550867996 6.97596381048 6.48013106492 6.5648586671 6.68167313863 6.73826676899 6.59850307845 6.43096571061 6.26342834276 6.09589097491 5.92835360707 6.86070657729 7.18231730017 7.02153040317 6.55875064658 6.09597088999 5.63319113341 5.27064274597 5.4958599747 5.72107720342 5.94629443215 5.91501918206 5.83078965061 5.83189447161 5.96723965361 6.10258483562
8.57441159708 6.92708498839 6.97579341356 6.92088340854 6.85498007649 6.78907674443 6.72317341238 6.66321718868 6.61725533576 6.60978866258 6.58846263255 6.56713660252 6.54581057249 6.52448454247 6.50315851244 6.47701537444 6.44836339101 6.41971140758 6.42068828756 6.46642498642 6.65159788531 6.86401485556 7.591910672 8.46933602992 8.47201967609 8.06559814701 7.65917661794 7.25275508886 6.8064317454 6.56532946944 6.68214394097 6.7989584125 6.76136697832 6.59382961047 6.42629224262 6.25875487478 6.09121750693 5.92368013909 6.13217601326 6.25165582293 6.23266792361 6.21368002429 6.19469212497 5.79483825184 5.33205849525 5.12566859943 5.35088582816 5.57610305688 5.86257230444 6.07108231539 6.05729743646 6.19264261847 5.97971249455
7.7590180681 6.93085247256 6.97956089773 6.9498827684 6.88397943634 6.81807610429 6.75217277223 6.68626944018 6.6237125898 6.59884441825 6.57751838822 6.55619235819 6.52804198695 6.49939000352 6.47073802009 6.44208603666 6.41343405323 6.3847820698 6.38930128249 6.50856057199 6.73412701489 6.95969345779 7.14908787909 8.02651323701 8.12519786167 7.71877633259 7.31235480352 6.90593327444 6.59724041614 6.89624460985 7.024505062 7.15276551415 6.71751969791 6.54998039283 6.38244108776 6.21490178269 6.04736247761 5.87982317254 5.77690023111 5.66500026165 5.52137066534 5.37774106903 5.26403064773 5.24504274841 5.22605484909 5.0309258571 4.98069445289 5.32024531288 5.72831738414 5.90269316098 6.26639980368 6.03798504953 5.80957029539
7.17846350066 6.93461995673 6.9833283819 6.97888212825 6.9129787962 6.84707546414 6.78117213209 6.71526880003 6.64936546798 6.6030299207 6.56240846514 6.5217646326 6.49311264917 6.46446066574 6.43580868231 6.40715669888 6.37850471545 6.34985273202 6.36552325868 6.59108970157 6.81665614447 7.04222258736 7.2536482083 7.58369044411 7.77837604725 7.37195451817 7.05465639854 6.83317693225 6.61169746596 6.97801826078 7.67847731088 7.81308136518 6.62384457049 6.45630526542 6.28876596034 6.12122665527 6.00073467904 5.90653231374 5.83650255092 5.78124684105 5.64791264118 5.50428304487 5.36065344856 5.21702385225 5.07339425594 4.92976465963 4.99560989705 5.35491928745 5.77766891928 5.95405354912 5.85879637327 5.72394172335 5.63942809623
7.18037022719 6.9383874409 6.98709586607 7.00788148811 6.94197815605 6.876074824 6.81017149195 6.74426815989 6.68268123125 6.6550046146 6.62906020434 6.59680612391 6.5551001781 6.51339423228 6.47168828646 6.42998234065 6.38827639483 6.34657044902 6.43319444846 6.67361883115 6.89918527405 7.12475171694 7.35031815984 7.52681542093 7.51207238094 7.29059291465 7.06911344836 6.84763398207 6.64941755236 6.96643395461 7.58914069099 8.28959974109 7.48759427405 6.362630138 6.23126766285 6.13706529755 6.04286293226 5.9513605806 5.89610487073 5.84084916086 5.77445461701 5.6308250207 5.48719542439 5.34356582808 5.19993623177 5.06358845614 5.33470676465 5.60582507316 5.92916157242 6.21448295815 6.06462594301 5.77762127948 5.49061661596
