Examples/results/velocity/asciifiles/KR2_140513_120000.JPG_interpmap.txt
ncols 297
nrows 493
xllcorner 446910.0
yllcorner 8753800.0
cellsize 10.0
NODATA_value -999.999
[rows 312 to 335 of 493, columns 0 to 52 of 297]
-999.999 -999.999 -999.999 -999.999 -999.999 -999.999 -999.999 -999.999 -999.999 -999.999 4.14014736131 4.31989211358 4.55580948006 4.86061921274 5.16542894543 5.47512175657 5.86316690875 6.18644782523 5.87647222108 5.56649661693 5.25652101278 5.24779163988 5.54211211469 5.98810461943 6.42163317764 6.38577016758 6.5375334121 7.19895676402 7.86038011595 8.52180346788 8.76842655298 9.04498694298 9.32191429532 9.59884164765 9.87576899999 10.1526963523 10.4296237047 10.706551057 10.9834784093 11.3690524138 11.2262203262 11.0626016746 10.898983023 10.7353643714 10.5717457198 10.813129414 11.1502965665 10.6056583442 9.42535253673 8.24504672922 7.06474092171 6.85426516309 6.41090826275
-999.999 -999.999 -999.999 -999.999 -999.999 -999.999 -999.999 -999.999 -999.999 -999.999 4.18723358787 4.37594866714 4.64309939329 4.94790912598 5.25271885866 5.62440725772 5.95651191663 5.99483122695 5.6848556228 5.37488001865 5.14048074314 5.34833958633 5.64118059969 5.953078841 6.40745722444 6.2759909566 6.39127155709 6.92263116681 7.58405451873 8.24547787066 7.96001983133 8.17964327074 8.39926671016 8.61889014958 8.838513589 9.10335453602 9.38028188835 9.65720924069 9.95739395921 10.4809983011 10.578369358 10.4147507064 10.2511320548 10.0875134032 10.0463238967 10.3834910492 10.7206582017 11.0578253542 9.9448075634 8.76450175589 7.58419594838 7.80397344675 7.36061654642
-999.999 -999.999 -999.999 -999.999 -999.999 -999.999 -999.999 -999.999 -999.999 4.04834624573 4.23431981442 4.43475678042 4.73038930653 5.03519903921 5.30698622613 5.7177522656 6.0498569245 5.80321462867 5.49323902452 5.19594151476 5.14374382663 5.44888753278 5.74024908468 6.01003993485 6.39328127124 6.05841101767 6.32312661406 6.64630556959 7.30772892151 7.96915227344 7.15161310967 7.37123654909 7.5908599885 7.81048342792 8.03010686734 8.24973030676 8.46935374618 8.81257205882 9.0693398465 9.59294418834 9.93051838986 9.76689973825 9.60328108665 9.43966243505 9.61668553188 9.95385268438 10.2910198369 10.6281869894 10.4642625901 9.28395678256 8.10365097505 8.75368173041 8.31032483008
-999.999 -999.999 -999.999 -999.999 -999.999 -999.999 -999.999 -999.999 -999.999 4.10166128871 4.28140604098 4.51286948708 4.81767921976 5.12248895245 5.43497394679 5.81109727348 5.92157363453 5.61159803038 5.30162242623 5.10269470121 5.24429177308 5.54943547923 5.83931756968 6.10910841985 6.37910531804 5.99026607464 6.25498167104 6.51969726743 7.0314033243 7.69282667622 6.63639687652 6.56282982743 6.78245326684 7.00207670626 7.48032253451 7.99430278932 8.50828304414 8.96852467591 8.56768303972 8.70489007563 9.22849441747 9.11904877006 8.95543011846 8.84988001458 9.18704716708 9.52421431958 9.86138147207 10.1985486246 10.5357157771 9.80341180924 8.62310600173 9.70339001407 9.26003311374
-999.999 -999.999 -999.999 -999.999 -999.999 -999.999 -999.999 -999.999 -999.999 4.14874751527 4.33456645481 4.60015940031 4.904969133 5.20977886568 5.57233762245 5.90444228136 5.72995703625 5.4199814321 5.15815547284 5.03969601337 5.34483971953 5.64998342568 5.93838605468 6.20817690485 5.96292561824 5.92212113162 6.18683672801 6.4515523244 6.75507772708 7.2723705677 6.21364094561 6.13986174713 6.66205326502 7.17603351983 7.69001377465 8.20399402946 8.71797428428 8.83338694451 8.43254530832 8.03170367213 8.34044030476 8.47119780187 8.30757915027 8.42024164978 8.75740880227 9.09457595477 9.43174310727 9.76891025977 10.1060774123 10.3228668359 9.1425610284 10.5115072638 10.165715128
-999.999 -999.999 -999.999 -999.999 -999.999 -999.999 -999.999 -999.999 -999.999 4.19583374182 4.39337456809 4.68744931355 4.99225904623 5.27522124156 5.66568263033 5.84831604212 5.53834043797 5.22836483382 5.06490865929 5.14024395982 5.44538766598 5.75053137214 6.03745453968 6.2313571912 6.11369392407 6.12323130503 6.20988316255 6.38340738138 6.64812297777 6.84961463679 6.09044408223 6.17125608096 6.74642988957 7.32160369818 7.89677750679 8.4136852696 8.92766552442 8.69824921311 8.29740757692 7.89656594073 7.49572430454 7.82334683368 7.65972818207 7.99060328497 8.32777043747 8.66493758997 9.00210474247 9.33927189497 9.67643904746 10.0136062 9.66201605507 10.9113112569 11.4076718067
-999.999 -999.999 -999.999 -999.999 -999.999 -999.999 -999.999 -999.999 4.06317521611 4.24291996837 4.4699294941 4.77473922678 5.07954895947 5.39482613702 5.75902763821 5.65669944384 5.34672383969 5.12036943091 4.97166184573 5.24079190627 5.54593561243 5.85107931859 6.13652302468 6.06978028152 6.12043246689 6.17771558116 6.34805579283 6.51839600451 6.68873621618 6.67488538368 6.08784557789 6.20265041478 6.7778242234 7.35299803201 7.92817184062 8.50334564923 9.0421452427 8.75289061579 8.16226984552 7.76142820933 7.36058657314 7.08793642118 7.22379776767 7.56096492017 7.89813207267 8.23529922517 8.57246637766 8.90963353016 9.24680068266 9.58396783516 9.92113498766 10.6465556632 11.5321141238
-999.999 -999.999 -999.999 -999.999 -999.999 -999.999 -999.999 -999.999 4.11026144266 4.29318424248 4.55721940733 4.86202914002 5.1668388727 5.52026798718 5.77505844971 5.46508284556 5.17583020254 5.02712261736 5.03619614657 5.34133985272 5.64648355888 5.95162726504 6.10352664172 6.15442077997 6.20507296534 6.25572515072 6.38557836709 6.44377291634 6.42521316126 6.46385579049 6.08524707354 6.23404474861 6.80921855722 7.38439236584 8.00566094268 8.36177984973 8.90593849482 9.74278421661 9.14930211829 8.55582001996 7.96233792163 7.34802742143 6.99927034534 7.35754002352 7.71580970171 8.07407937989 8.43234905808 8.79061873626 9.14888841445 9.34161209706 9.50183823778 10.2043170972 11.1180484346
-999.999 -999.999 -999.999 -999.999 -999.999 -999.999 -999.999 -999.999 4.15734766922 4.35199235576 4.64450932057 4.94931905326 5.24345625699 5.61361299506 5.58344185143 5.27346624728 5.08258338899 4.93387580381 5.13674409302 5.44188779917 5.88030629103 6.03848481307 6.08030001658 6.12211522009 6.16393042361 6.20574562712 6.39411190051 6.14676894385 6.19022575404 6.24264089591 6.02811981421 6.26627510401 6.89231754456 7.41622128889 7.75978450464 8.10334772038 8.76973174693 9.73057952107 10.1391957191 9.53009392104 8.89294000576 8.25578609048 7.68435539674 7.37429186538 7.73256154356 8.09083122175 8.38825896722 8.54848510793 8.70871124865 8.86893738937 9.02916353009 9.71824253707 10.6319738745
-999.999 -999.999 -999.999 -999.999 -999.999 -999.999 -999.999 -999.999 4.20443389577 4.42698950112 4.73179923381 5.03660896649 5.35467832725 5.70180085729 5.39182525314 5.13804416062 4.98933657544 4.93214833331 5.30275707771 5.59548587963 5.73925663371 5.84809338284 5.88990858635 5.93172378986 5.97353899337 6.19818034158 6.30620456906 6.14341531739 6.08911652169 6.09235055133 5.91931734576 6.31620258397 6.8142259438 7.15778915955 7.50135237529 7.84491559104 8.63352499905 9.59437277318 10.2787797469 10.0779009993 9.8006986748 9.16354475952 8.55649514189 8.09267501138 7.6393135899 7.75535811881 7.91558425952 8.07581040024 8.23603654096 8.39626268167 8.55648882239 9.23216797693 10.1458993143
-999.999 -999.999 -999.999 -999.999 -999.999 -999.999 -999.999 4.07177537006 4.25180203015 4.51427941436 4.81908914704 5.12389887973 5.46819835191 5.51018425901 5.20020865486 5.04479734706 4.89608976188 5.55203416097 5.76783265112 5.46514625565 5.53425870099 5.64627770165 5.69951715611 5.74133235963 5.91934239633 6.07025789124 6.16547483125 6.1520994028 6.01464646416 5.94259011573 6.06301770008 6.27229461379 6.6151686543 6.8993570302 7.24292024594 7.58648346169 8.49731825117 9.27642128334 9.84115433872 9.64027559112 9.43939684353 9.23851809593 9.0757167242 9.51157565395 8.92152757338 8.26794308021 7.61435858705 7.60313569255 7.76336183326 7.92358797398 8.0838141147 8.74609341678 9.65982475416
-999.999 -999.999 -999.999 -999.999 -999.999 -999.999 -999.999 4.11886159662 4.31061014343 4.60156932759 4.90637906028 5.21118879296 5.56154335979 5.31856766073 5.10025811869 4.95155053351 5.89356698661 6.30505789278 5.98885655411 5.57305865512 5.39318497566 5.44127976893 5.50912572588 5.64050445107 5.79141994599 5.9423354409 6.02474509344 6.01136966499 5.94017640663 5.99744114069 6.20583162383 6.38538751477 6.59965007721 6.72414251046 6.9844881166 7.40026372915 8.19675306317 8.8556105025 9.4035289305 9.20265018291 8.98205129656 8.74565224143 8.71284073686 9.68431899692 9.42957069203 9.17482238713 8.89657257053 8.24298807736 7.58940358419 7.45091326629 7.611139407 8.26001885663 9.13882457081
-999.999 -999.999 -999.999 -999.999 -999.999 -999.999 -999.999 4.16594782317 4.38404950814 4.68885924083 4.99366897351 5.31453051748 5.4369266666 5.15571889032 5.00701130514 5.59444824714 6.84228313445 6.54763429066 6.13183639167 5.71603849267 5.36476978399 5.32122369567 5.36166650581 5.51258200073 5.66349749565 5.81441299056 5.88401535563 5.87063992718 5.89663488725 6.08621618952 6.26577208046 6.4453279714 6.6654574345 6.88868120909 6.99813477259 7.18066171878 7.83480534885 8.48894897892 8.9645808984 8.71209936083 8.4757003057 8.23930125057 8.34996474952 8.92279406 8.80900145703 8.55425315214 8.29950484725 8.04475654235 7.79000823746 7.53525993256 7.28337951338 7.69473364684 8.50049883429
-999.999 -999.999 -999.999 -999.999 -999.999 -999.999 -999.999 4.21303404973 4.47133942138 4.77614915406 5.08095888675 5.41612871664 5.24531006832 5.06247207677 5.29532950767 6.8079971329 6.96420962843 6.57966497134 6.19512031424 5.81057565715 5.42603100006 5.37497814176 5.66510615227 5.68615569978 5.65206093146 5.68649054022 5.75764165139 5.82713192597 5.89662220055 6.0242500187 6.26336202299 6.50247402728 6.72930303944 6.98429056262 7.17771234098 7.04101646369 7.69516009376 8.31435043604 8.78981216793 8.25692029308 7.96934931484 7.73295025971 7.98708876218 8.28298544009 8.18843222204 7.98634437049 7.82709496647 7.66784556245 7.50859615843 7.34934675442 7.21062979066 7.08159170433 7.8539501313
-999.999 -999.999 -999.999 -999.999 -999.999 -999.999 4.08037552402 4.2692279311 4.55862933461 4.8634390673 5.16824879998 5.36366907419 5.11793284839 4.99621076819 6.50887839343 6.67495980875 6.66412823703 6.27958357994 5.89503892285 5.51049426576 5.33300601397 5.26604862793 5.66201966927 5.80135541519 5.73004206898 5.65904719087 5.69757467412 5.81137659882 5.89660951384 5.96609978842 6.19119866706 6.47212947142 6.76100234588 7.0209062201 7.12889694967 6.97099552844 7.51255282051 8.08778603992 8.61504343745 8.0821515626 7.54925968775 7.32831609693 7.6118186717 7.88211945634 8.05231161152 7.8930622075 7.73381280348 7.57456339947 7.41531399545 7.27444469426 7.14763408167 7.01901756472 7.03795330708
-999.999 -999.999 -999.999 -999.999 -999.999 -999.999 4.12746175057 4.34110951516 4.64591924785 4.95072898053 5.27071407349 5.17339362002 4.98255477606 6.15610050154 6.22134141769 6.28658233384 6.35182324999 5.97950218854 5.59495753145 5.41707890456 5.31253135748 5.2079838104 5.46733745357 5.69571618922 5.6159343448 5.54435363516 5.57320326301 5.69681700857 5.81061893328 5.92442085798 6.17500845335 6.48248019738 6.78307368938 7.0199186461 6.90982622586 6.96288623142 7.30535316683 7.8612216438 8.43645486322 7.90738283213 7.40183165763 7.19030506291 7.20857237995 7.46386477601 7.73416556065 7.79978004452 7.6405306405 7.48128123648 7.33825959787 7.21144898527 7.08463837268 6.95644342511 6.82539323999
-999.999 -999.999 -999.999 -999.999 -999.999 -999.999 4.17454797713 4.4283994284 4.73320916109 5.03801889377 5.29041148177 5.08014680647 5.70248211049 5.76772302664 5.83296394279 5.89820485894 5.96344577509 5.67942079715 5.50115179516 5.39660424808 5.30084466655 5.21240020949 5.26080037505 5.51059880095 5.51029511883 5.43051327441 5.44659186597 5.57950994831 5.69605934302 5.91963567812 6.21194873325 6.50426178838 6.80030266738 6.88991603059 6.9486353028 7.00775477163 7.25196968053 7.69773875502 8.21133068901 7.81521480853 7.37181847106 7.31538194343 7.33364926047 7.35191657751 7.37018389455 7.58621166495 7.54724847751 7.40207450148 7.27526388888 7.14845327628 7.02164266369 6.8938692855 6.76281910038
-999.999 -999.999 -999.999 -999.999 -999.999 -999.999 4.22784571877 4.51568934164 4.82049907432 5.12530880701 5.1356075781 5.24886371943 5.31410463558 5.37934555173 5.44458646788 5.50982738403 5.59333556585 5.59589220089 5.50181954329 5.40774688569 5.3136742281 5.27181682756 5.32015351893 5.36849021029 5.40465589285 5.3467426509 5.40293130561 5.50496459615 5.63166623594 5.90031372666 6.16944878211 6.43858383757 6.70771889302 6.93438437417 6.99310364638 7.06581441496 7.31002932386 7.57653240921 7.71209739987 7.43973047268 7.2794764077 7.27816548346 7.31712066949 7.35607585552 7.39503104155 7.43398622758 7.61744902929 7.48721191614 7.35584416792 7.22447641971 7.09310867149 6.85322811315 6.70024496077
-999.999 -999.999 -999.999 -999.999 -999.999 4.08897567797 4.29816952219 4.60297925487 4.90778898756 5.21715388936 5.46002879774 4.96350836299 5.05727604649 5.15104372998 5.24481141348 5.33857909698 5.45060557242 5.60872176243 5.51464910484 5.42057644724 5.32650378964 5.33123344563 5.379570137 5.41766318708 5.40737100515 5.35662043472 5.44927512948 5.54192982425 5.54471797011 5.79515905873 6.04560014734 6.31210866853 6.58124372399 6.85037877944 7.03757198997 7.12387405829 7.36808896719 7.53938018293 7.50619403702 7.34593997204 7.18568590706 7.14460828729 7.18356347332 7.22251865935 7.26147384538 7.58376430858 7.91303681184 8.06556833772 7.9342005895 7.6809491854 7.31120791478 6.96235211665 6.74323771959
-999.999 -999.999 -999.999 -999.999 -999.999 4.13606190452 4.38545943542 4.69026916811 4.99507890079 5.77703010749 7.11995700812 6.4762718338 5.21756160186 4.99981164897 5.08382262811 5.1843105243 5.3206280389 5.54545187828 5.52747866638 5.43340600878 5.34231337234 5.3906500637 5.43898675506 5.30529609958 5.45351575239 5.39139440948 5.48404910424 5.41910479759 5.45776970428 5.70821079289 5.95865188151 6.20909297012 6.45953405873 6.72390361041 6.98002714826 7.18193370161 7.24755640786 7.30851482955 7.3475119411 7.2404762611 7.09189540641 7.01105109112 7.05000627715 7.22080708461 7.55007958787 7.87935209113 8.1947716679 8.38250189198 8.1609710294 7.79122975878 7.42148848816 7.07147612015 6.85236172309
-999.999 -999.999 -999.999 -999.999 -999.999 4.18646350644 4.47274934866 4.77755908134 5.08236881403 6.83430352284 8.77988521849 8.74917628885 7.27392149865 5.79866670845 5.33050480797 5.05433299079 5.19065050539 5.41203118445 5.54030822792 5.44623557033 5.4017299904 5.45006668177 5.34427763187 5.22758227719 5.49966049963 5.42616838424 5.50738317905 5.28409905905 5.37082143845 5.62126252706 5.87170361568 6.12214470429 6.3725857929 6.62302688152 6.84531761005 7.04745515688 7.00196068588 7.07134365956 7.11034077112 7.08296620422 6.96937495873 6.87749389496 7.13535726905 7.35590430937 7.57645134969 7.79699839002 8.01754543034 7.99738964102 8.03511002164 7.90151033216 7.53176906154 7.18060012365 6.96148572659
-999.999 -999.999 -999.999 -999.999 4.05048960537 4.25522952921 4.56003926189 4.86484899458 5.11030982738 6.86923572632 10.4398134289 11.0220807439 9.54682595369 8.05578835648 6.29329439922 5.16545005209 5.06067297188 5.27861049063 5.55313778947 5.45906513187 5.46114660847 5.38325916416 5.23191054437 5.25491008445 5.54580524687 5.46094235899 5.37237744051 5.14909332051 5.28387317262 5.53431426123 5.78475534984 6.03519643846 6.24998137677 6.43962574198 6.62927010718 6.88460529726 6.79111783312 6.83417248957 6.87316960113 6.91216671269 6.81186490185 6.80998444919 6.89380482549 7.17867807181 7.39922511213 7.61977215245 7.63357795678 7.61006558101 7.43204578087 7.77928165589 7.64204963492 7.28972412715 7.0706097301
-999.999 -999.999 -999.999 -999.999 4.09757583192 4.34251944244 4.64732917513 4.95213890781 5.07126613228 6.90416792981 10.6142010729 13.2949851989 11.7754917319 10.0129977747 8.2505038174 6.48800986014 4.99839741328 5.14518979681 5.43973922832 5.47222653518 5.42224069644 5.27089207666 5.11954345688 5.28223789171 5.59167187421 5.46500136248 5.23737170197 5.01408758197 5.19692490678 5.4473659954 5.65636820056 5.84601256577 6.03565693098 6.22530129619 6.4149456614 6.53049085288 6.68418807738 6.77339707578 6.76163252766 6.74986797954 6.74028888373 6.75898526879 6.76571772952 6.78238606195 7.2047029902 7.44254591489 7.37385039076 7.22274152099 7.01158600286 7.17621741513 7.52345329015 7.39884813065 7.1840651062
-999.999 -999.999 -999.999 -999.999 4.14508129411 4.42980935568 4.73461908837 5.07580228877 5.03222243718 6.93910013329 10.6491332764 13.8471595422 13.1374032538 11.3381890483 9.53897484277 7.73976063727 5.94054643177 5.02903122248 5.31462978795 5.47196138049 5.33349851691 5.19503565332 5.05657278974 5.27987304529 5.56000462157 5.38875454922 5.13177489864 4.87908184343 5.06275502436 5.26284328715 5.46459016958 5.666337052 5.86808393443 6.07497480749 6.29189275686 6.38942053752 6.58997564883 6.74479217965 6.77639090713 6.79414705919 6.85040791809 6.75272251109 6.72668247345 6.70411890633 6.67096729841 6.92438025363 7.12442248274 6.96634676967 6.78429160004 6.94450932366 7.29586258313 7.36581867041 7.32161804827
