Examples/results/velocity/asciifiles/KR2_140509_120000.JPG_interpmap.txt
ncols 300
nrows 500
xllcorner 446880.0
yllcorner 8753720.0
cellsize 10.0
NODATA_value -999.999
[rows 368 to 390 of 500, columns 53 to 105 of 300]
2.35623470561 2.46879732586 2.50450430207 2.54021127828 2.54967602546 2.53152005078 2.54814993743 2.62866276096 2.59475687077 2.5436827252 2.49585916168 2.46899666405 2.44213416641 2.41527166877 2.57712496213 2.99667524774 3.02492125918 2.92086153118 2.8352084221 2.75416923589 2.68922988075 2.62429052561 2.58739998696 2.63035107797 2.67297296321 2.65207278346 2.71385466886 2.783012992 2.72112994144 2.77103083123 2.78915526379 2.78884618303 2.75299297711 2.66854296099 2.651160165 2.6746347542 2.69810934339 2.79723282463 2.80109662054 2.72000337207 2.75635165022 2.79984861482 2.91938279649 2.95968146437 2.89132233979 2.8229632152 2.76214357636 2.75471278594 2.83495413926 2.86999801381 2.8960042232 2.90276368639 2.90952314958
2.32588290784 2.42322009898 2.45875188122 2.44059590654 2.42388787615 2.42046154224 2.47866212405 2.5797822087 2.54555654036 2.51140205183 2.49014932265 2.46362639359 2.43676389595 2.40990139831 2.55105785948 3.00306415223 3.11798920174 2.92344030421 2.80814417111 2.69518170139 2.63024234625 2.56530299111 2.58307775259 2.69491081048 2.69524281067 2.67434263091 2.65344245116 2.68788074038 2.67007138434 2.70421972755 2.7693890613 2.78460679472 2.73688088451 2.64042297227 2.58042419522 2.60389878441 2.70792611474 2.78497031699 2.76890013723 2.74761313204 2.71035591937 2.80429166563 2.92382584729 2.924258497 2.85589937242 2.80369025074 2.75639337707 2.72910587816 2.80442850975 2.8374292771 2.87043004446 2.90343081181 2.92143260283
2.31667299592 2.35159667545 2.34817034154 2.34474400762 2.34131767371 2.36166461506 2.47764346065 2.53522038772 2.50099471938 2.48644411549 2.47839712632 2.45181778357 2.42580497371 2.39979216384 2.51429798683 2.95759113134 3.0165705092 2.87953469216 2.78107992012 2.63619416689 2.57125481175 2.54283559333 2.64284970973 2.73841283787 2.71751265812 2.69661247837 2.67571229862 2.65481211886 2.65621370402 2.69905526841 2.7418968328 2.7803674064 2.72076879191 2.62431087967 2.52785296743 2.60075151351 2.70002103865 2.68308062964 2.66642414811 2.65241468433 2.67250491069 2.80873471643 2.9282688981 2.89253379877 2.84523692511 2.79794005145 2.75064317778 2.70349897039 2.77185977303 2.80486054039 2.83786130775 2.8708620751 2.90386284246
2.2573828512 2.26847391919 2.26560013909 2.26217380518 2.25874747127 2.36010315035 2.47161319204 2.49065856673 2.45643289839 2.46148617915 2.48294865944 2.43949905436 2.41348624449 2.42941848297 2.53867427305 2.89772457007 2.85049076566 2.77101184145 2.69732812456 2.60535893243 2.51226727725 2.59078860898 2.70740944224 2.76068268533 2.73978250557 2.71888232582 2.69798214607 2.72574212761 2.62361994448 2.66646150887 2.71118833304 2.78701835519 2.71701608189 2.62180538854 2.52895293979 2.61603198425 2.5981313513 2.58119094229 2.56425053329 2.61519047067 2.68158890317 2.66222984765 2.85951707775 2.88086965544 2.83948672582 2.79218985216 2.74489297849 2.69759610483 2.73929103632 2.77229180368 2.80529257104 2.83829333839 2.87129410575
2.16359264514 2.1836051931 2.1814531758 2.1793011585 2.24256284005 2.35407288174 2.45176107153 2.44609674575 2.41506576252 2.43652824281 2.4579907231 2.45198116795 2.40116751528 2.49718099746 2.60643678755 2.8378580088 2.73617270764 2.66248899075 2.58880527385 2.52638157414 2.53872750822 2.65534834149 2.77196917476 2.78295253278 2.76205235303 2.75996579923 2.78971457029 2.81946334136 2.67188864007 2.63398181571 2.7219286546 2.83649023817 2.75387038446 2.62922659135 2.59073182229 2.61036659882 2.62185186126 2.61447589786 2.64759184056 2.68296537721 2.70435044935 2.6211390927 2.70442826485 2.8125513803 2.78763732678 2.76272327327 2.73780921975 2.69184590554 2.70672229961 2.73972306697 2.77727576418 2.81518774614 2.8530997281
2.06980243908 2.09873646702 2.09754638602 2.17437937692 2.24259003978 2.34804261313 2.40747040187 2.40153492476 2.39010782618 2.41157030647 2.43303278676 2.45449526704 2.35452339681 2.41226180465 2.55300282583 2.76357947919 2.72293557087 2.68001681134 2.63709805181 2.56200292624 2.52571175373 2.719908074 2.82612255999 2.80522238023 2.82393824191 2.85368701297 2.88343578403 2.90904357133 2.72439901618 2.6446062737 2.77140053758 2.88596212115 2.79289812613 2.6805073396 2.58729968862 2.60660311796 2.61286205467 2.61016298292 2.64704454169 2.68392610046 2.6584762706 2.58873961044 2.66122732897 2.74423310516 2.72305181831 2.71257963501 2.70210745171 2.69163526841 2.68584886714 2.72430559716 2.76221757912 2.80012956108 2.83804154304
2.0390439145 2.04977009517 2.13090740509 2.20774039599 2.27928410478 2.34201234453 2.36317973221 2.35697310378 2.36514988984 2.38661237013 2.44365023556 2.50193590451 2.33353495207 2.21000324024 2.36623630115 2.69902233347 2.790733289 2.74781452947 2.67317414833 2.56821609326 2.4968393078 2.71751460124 2.85816191353 2.88791068459 2.91321572314 2.92949776293 2.94577980272 2.95755554157 2.82389737609 2.668821943 2.76055434015 2.93489286738 2.85562067571 2.75875738288 2.58647656666 2.59213881414 2.57869190921 2.56524500427 2.55690525776 2.6104651024 2.60382711652 2.62562741129 2.6939805683 2.74455485461 2.75469701818 2.74422483488 2.73375265158 2.63137036048 2.65517208731 2.7055411117 2.74715939406 2.78507137602 2.82298335797
2.02792089356 1.92832159263 1.98783935147 2.07158312582 2.26625752327 2.31231963015 2.31773733316 2.31662033849 2.38637888193 2.44466455088 2.50295021983 2.56123588877 2.38119543807 2.16552682859 2.30167915543 2.63446518775 2.85853100714 2.78434537042 2.67938731535 2.57442926028 2.46947120522 2.6718825665 2.80993990978 2.82622194957 2.84250398936 2.85878602915 2.89080884838 2.95623313724 2.83326233608 2.71029153493 2.68913292221 2.80171354497 2.86176981185 2.80398392084 2.57739781393 2.55796866868 2.54452176374 2.53107485881 2.50507219387 2.57009541127 2.59002749361 2.65130251646 2.70187680277 2.75245108908 2.78634221805 2.77587003475 2.70925207895 2.57412628307 2.62449530747 2.67486433187 2.72523335626 2.77001319095 2.80792517291
1.98677420296 1.88541108816 1.84216483342 1.97760478163 2.05479220421 2.13423085038 2.25294776037 2.228299221 2.24017682587 2.47319529918 2.56225020409 2.62053587304 2.42885592406 2.43234155711 2.3297311748 2.66971261783 2.86502720165 2.71942673704 2.62210607384 2.52478541064 2.47613732667 2.63444962886 2.78191951628 2.75551021579 2.77179225558 2.79242397387 2.88014974848 2.95491073291 2.83193993175 2.6348522449 2.70815891641 2.79417863582 2.8088294933 2.73080269119 2.6324205707 2.58053894482 2.56501623157 2.55013981681 2.53626490967 2.56421941951 2.60862446462 2.65919875094 2.70977303725 2.76034732356 2.80051715489 2.78713379742 2.64841357874 2.54344950323 2.59381852763 2.64418755203 2.69455657643 2.74492560083 2.79286698785
1.93397759113 1.834500876 1.72522699716 1.88957414445 2.0272912584 2.16500837236 2.25300204975 2.17513031988 2.09725859001 2.16373331326 2.39675178656 2.65449855723 2.42247592519 2.19233602388 2.30709530947 2.76294489608 2.81903804933 2.60923954062 2.43745534389 2.48716300097 2.54049489072 2.60721854099 2.76027849407 2.684798482 2.70108052179 2.78176487397 2.86949064858 2.95358832858 2.80850740811 2.60416400192 2.71188436917 2.83571163796 2.83784180978 2.71651676346 2.61515304974 2.59616805258 2.60113541517 2.59990526609 2.57389519692 2.54788512775 2.56945711018 2.63701657378 2.70457603738 2.76824355804 2.82606779903 2.74053088647 2.59772820781 2.51103617824 2.56232922893 2.6131505155 2.66387979659 2.71424882099 2.76461784539
1.87294053372 1.7734638186 1.69516414522 1.92035166642 2.05806878038 2.19578589433 2.2081062581 2.13023452822 2.05236279835 2.06392625612 2.32420598637 2.43794923449 2.16355049359 1.8891517527 2.28445944414 2.85617717433 2.77304889701 2.58874298051 2.49084832572 2.54624449236 2.60164065901 2.65703682565 2.73863747185 2.64963896259 2.68337999947 2.77110577407 2.85883154868 2.94655732328 2.69160576135 2.60292889713 2.72344225897 2.88051314357 2.86047213392 2.72984284981 2.61043049262 2.58327053387 2.63234154242 2.57338115772 2.54973563995 2.52372557078 2.53120808678 2.58525372721 2.6703523348 2.78091014802 2.86329462004 2.73981126631 2.61750579077 2.53341134333 2.52385229049 2.57634449543 2.62797320986 2.67879449644 2.72961578302
1.82847494499 1.71242676119 1.66974956841 1.9511291884 2.08884630235 2.21562881002 2.16321046644 2.08533873657 2.09314018284 2.22297900787 2.27119391016 2.21152472063 2.13007885714 2.0861471824 2.1500040203 2.83252095366 2.77943103312 2.6039633139 2.54637984335 2.60177600999 2.67256665692 2.65573851677 2.66348053586 2.72237332898 2.6452122377 2.65380603957 2.67353167301 2.69325730645 2.73228569205 2.73740142901 2.78702593404 2.91122121749 2.8509261354 2.7906310533 2.64227035513 2.59277983345 2.64993032968 2.55996642412 2.49720492211 2.49765797176 2.49921233835 2.53274931411 2.623633213 2.71451711189 2.88189432481 2.75841097107 2.65899345027 2.57489900282 2.49080455537 2.53666840275 2.58916060768 2.64165281262 2.69275889049
1.8087207691 1.63033501773 1.64433499161 1.98190671037 2.11962382432 2.19618640466 2.11831467479 2.12235410957 2.2312147213 2.26396782935 2.26265637429 2.33261723923 2.40015463618 2.35622296144 2.31229128671 2.65149687007 2.7851247769 2.61918364729 2.60191136098 2.60067498328 2.56640651032 2.53213803736 2.57759276151 2.63648555463 2.69537834775 2.65242288564 2.67214851908 2.69187415251 2.69196766967 2.78806842499 2.8841691803 2.9027563709 2.84803223411 2.79330809731 2.72123285641 2.61545032929 2.63311487674 2.60322744833 2.45775827564 2.45819161587 2.45163331566 2.48429326407 2.55724017687 2.71459170961 2.90049402957 2.78457555722 2.70048110977 2.61638666232 2.53229221487 2.49699231006 2.549484515 2.60193498538 2.63918306759
1.75119876752 1.5119072151 1.61892041481 1.97771679913 2.15040134629 2.151290613 2.15156803629 2.22398864048 2.22877571787 2.21808477922 2.22592887051 2.2835106973 2.40472003451 2.52592937173 2.58236706575 2.53843539101 2.78136338791 2.621177356 2.51134297682 2.47707450387 2.44280603091 2.43281219403 2.49170498715 2.55059778028 2.6094905734 2.66838336652 2.67076536515 2.66533734538 2.64172462292 2.73782537823 2.85107337573 2.99342114201 2.92875062786 2.8640801137 2.77588497733 2.68728756061 2.72560888703 2.66126099053 2.5382096527 2.45312624434 2.44872972075 2.41393375052 2.50677337971 2.73036057796 2.91909373434 2.82606321671 2.74196876926 2.65787432182 2.57377987437 2.48968542692 2.50980842232 2.54763786329 2.58603119697
1.73732179749 1.44528353683 1.593505838 1.95230222232 2.17830985966 2.18078196302 2.19529405399 2.18460311534 2.17391217669 2.17227466067 2.18920136672 2.23440415536 2.35561349258 2.4768228298 2.59803216701 2.71924150423 2.77682981874 2.60281461271 2.38774249741 2.35347402445 2.3192055515 2.34692441968 2.4058172128 2.46471000592 2.52360279905 2.58249559217 2.64140278124 2.63469377214 2.59148157616 2.68758233147 2.85963728334 3.03550015812 3.02530889986 2.94850882085 2.85993420806 2.84825982169 2.73700927838 2.63507645928 2.57086305856 2.48694695623 2.44582612585 2.4764047182 2.56692756416 2.72746058937 2.87829007772 2.82269690753 2.73790429518 2.65311168283 2.56831907048 2.50827418795 2.45921982671 2.49798888583 2.5848776065
1.72344482746 1.5678003809 1.81728585747 2.03445879546 2.16181239011 2.15112145146 2.14043051281 2.12973957416 2.11904863551 2.13554715689 2.15247386293 2.18529761343 2.30650695064 2.42771628786 2.54892562508 2.67013496229 2.73303141669 2.57458449419 2.32906607924 2.22987354504 2.2021438522 2.26103664533 2.31992943845 2.37882223157 2.43776922691 2.49678576028 2.55580229365 2.59338440266 2.55232495643 2.69233831616 2.86820119095 3.04406406573 3.12047362225 3.0325808555 2.97091075635 2.86916558867 2.71843249428 2.61685086391 2.5281966638 2.48046512659 2.47582109581 2.53297963881 2.57882295708 2.66529247129 2.73240999932 2.75195658088 2.68021483551 2.6275283527 2.5925782898 2.5576282269 2.49420729472 2.49024908428 2.62032897598
1.70956785743 1.77380151525 2.02328699182 2.16997923461 2.34797475802 2.09625791028 2.08556697163 2.07487603297 2.08189294705 2.0988196531 2.11574635915 2.13619107149 2.25740040871 2.37860974593 2.49981908314 2.58631437982 2.63393182277 2.54635437566 2.30083596071 2.10627306563 2.11625607785 2.17514887097 2.23413567259 2.29315220596 2.35216873932 2.41118527269 2.47508770342 2.54431747724 2.59587934361 2.71389528282 2.88917280241 3.05594728526 3.16864592454 3.11663008622 3.00132189896 2.818708348 2.70017439555 2.59862526853 2.50997106842 2.43303177009 2.45948175009 2.51112011115 2.56068753918 2.61950792483 2.67629028081 2.710987693 2.73024149336 2.68642731114 2.64261312893 2.60259896168 2.56602186445 2.52944476722 2.56520385902
1.73031717303 1.9798026496 1.94906440606 2.18152223008 2.34332781003 2.26043078991 2.10211880929 2.02823873722 2.04516544327 2.06209214931 2.07901885536 2.09594556141 2.20829386678 2.32950320399 2.43959734295 2.4872147859 2.58133163122 2.45384113336 2.23452704092 2.01521294849 2.04342103783 2.11066082869 2.17790061956 2.24514041042 2.31238020128 2.37961999215 2.44716962343 2.53089338923 2.63127418156 2.74098841002 2.88831493543 3.03439633806 3.1212251362 3.13550038167 2.95086465829 2.79211414795 2.68191629682 2.58039967316 2.49174547305 2.40353243881 2.40942720195 2.46202071213 2.51306916143 2.59336095585 2.69812171816 2.82210424319 2.81880190145 2.77498771923 2.66675179697 2.56488614198 2.51725284112 2.48018439176 2.49359839117
1.93631830738 1.93369575705 1.93759760317 2.12498087626 2.2398893034 2.26806959122 2.10975761059 2.03063975905 2.00843793948 2.02536464553 2.04229135157 2.05921805762 2.15918732484 2.28039666206 2.34049774903 2.44251764824 2.5611386364 2.35326165486 2.14871704632 2.07340038908 2.0489201685 2.08243290828 2.14967269914 2.21691249 2.28415228087 2.35139207173 2.43198932416 2.51827518402 2.61865597635 2.74378926377 2.87907765941 2.98629864786 3.05220294619 3.09943479308 2.90668444667 2.78277460626 2.66948633496 2.56812604245 2.48940165082 2.42085648545 2.42568462886 2.4553142019 2.48494377495 2.63222160027 2.7826932914 2.9316340647 2.85395779563 2.74251064963 2.63106350363 2.51961635764 2.46226327165 2.41326697165 2.44867105742
1.91832710805 1.78128612595 1.9066339425 2.02154236964 2.13645079678 2.25135922391 2.1173964119 2.07022062613 2.03663392946 2.0030472328 2.00556384779 2.02249055383 2.11008078291 2.19378071216 2.30370366527 2.42232465343 2.47199626881 2.28545376918 2.16965333525 2.14517311467 2.12069289409 2.09621267351 2.12144477873 2.18868456959 2.25592436045 2.33484147035 2.41680902488 2.50565697881 2.61661209893 2.75190049457 2.84739169645 2.91777648215 2.98207488608 3.04637329002 2.94231924048 2.82410552928 2.70589181807 2.59017034124 2.49654647121 2.45740129511 2.45654362245 2.47797957235 2.53609049964 2.68656219077 2.83374421994 2.94164567146 2.86258408192 2.74470079938 2.60782381895 2.4839280643 2.41479522411 2.36343995978 2.40107323234
1.86550970449 1.68828700873 1.80319543587 1.91810386301 2.03301229015 2.14792071729 2.14338818987 2.1098014932 2.07621479654 2.04262809988 2.00904140321 1.98576305005 2.04706367529 2.1648896823 2.28351067046 2.42757595872 2.42219049205 2.29188226693 2.24142606083 2.21694584025 2.19246561967 2.16798539909 2.14350517851 2.16045664918 2.23769361654 2.31966117107 2.4016287256 2.4930387736 2.62472332972 2.70451975293 2.78280227034 2.84925431643 2.91355272037 2.95147429535 2.9284484354 2.82261319594 2.71677795649 2.61094271703 2.50510747758 2.49394610477 2.4930884321 2.50064494281 2.59043109015 2.72878530301 2.8481502338 2.91895322286 2.8299921467 2.76469800101 2.6636003565 2.52672337607 2.38099376909 2.34552672113 2.39318710116
2.84865778159 2.54059029444 1.98905072263 2.03480431332 2.12580360304 2.21680289275 2.30780218247 2.29917507156 2.26968457493 2.24019407829 2.21070358166 2.18121308503 2.33941094761 2.55114092013 2.74816478273 2.78270264693 2.43125150715 2.337679007 2.31319878642 2.28871856584 2.25501075063 2.2044587925 2.15390683437 2.15784535323 2.21808387956 2.30417285475 2.38644842632 2.48336529198 2.5616478094 2.63993032681 2.71643374678 2.78073215072 2.82270602059 2.85522617205 2.8877463235 2.79872584888 2.69289060942 2.58705536997 2.51140858053 2.52769587298 2.53336654458 2.5287755691 2.62382638609 2.74319131687 2.86255624766 2.89626077426 2.79740021149 2.7321060658 2.66681192011 2.57833115196 2.42856372021 2.34310726278 2.38812677046
3.2283815205 3.38353730188 3.07546981474 2.7674023276 2.35911015226 2.45010944198 2.54110873169 2.63210802141 2.62279452743 2.5933040308 2.56381353416 2.53432303753 2.62166553432 3.04009638281 3.22294857457 2.87149743479 2.5105305734 2.33591116027 2.28535920214 2.23480724401 2.18425528588 2.13370332775 2.15511369638 2.17291422759 2.21065459618 2.27477788468 2.36086685987 2.4229365878 2.49705838329 2.5753409007 2.64791158107 2.69393774583 2.72645789729 2.75897804874 2.7914982002 2.81545960109 2.66900326235 2.5631680229 2.53179647216 2.54808376461 2.52268917664 2.63295808455 2.60292736313 2.74680140026 2.87696226152 2.87356832567 2.76510396288 2.69951413058 2.69035895491 2.65179750581 2.54133147311 2.43863323781 2.37224121355
