Examples/results/velocity/asciifiles/KR2_140508_120000.JPG_interpmap.txt
ncols 212
nrows 329
xllcorner 447110.0
yllcorner 8755460.0
cellsize 10.0
NODATA_value -999.999
[rows 253 to 275 of 329, columns 159 to 211 of 212]
6.29707181779 6.13829408268 5.97353911998 5.80534469754 5.6371502751 5.27882876222 5.08219672111 5.12423607372 5.16627542633 5.20831477894 5.25035413155 5.40328462608 5.65137552039 5.8994664147 6.17256595995 6.28408798749 5.86965054584 5.45521310419 5.01562436357 5.22385201093 5.58946670931 6.08799535752 6.58652400574 7.08505265395 7.32288088365 7.21128066962 7.00178919761 6.66537641339 6.32896362918 6.59498276011 6.91238125859 7.22977975707 6.48661643571 5.55552550038 5.53845172612 5.78750493607 5.88268190175 6.02344437979 6.68649034824 7.19994689504 6.77534552871 6.35074416237 5.79664992209 -999.999 -999.999 -999.999 -999.999 -999.999 -999.999 -999.999 -999.999 -999.999 -999.999
6.37962906187 6.21143463943 6.04324021699 5.87504579455 5.70685137211 5.46554435878 5.02200413765 4.71983203367 4.76187138628 4.80391073889 4.8459500915 5.08236301546 5.33045390977 5.62991400216 5.93963903395 5.73142315915 5.3169857175 4.90254827585 4.54349450302 4.64293927903 5.14146792725 5.63999657546 6.13852522368 6.63705387189 6.76383493788 6.64252834508 6.30611556086 5.96970277665 5.63328999244 5.29687720823 5.52425814131 5.73189758272 4.80080664738 4.93148374289 5.20810201304 5.48472028318 5.61336986444 5.86484181166 6.5278877801 7.19093374855 6.85459917367 6.42999780733 5.97619996 -999.999 -999.999 -999.999 -999.999 -999.999 -999.999 -999.999 -999.999 -999.999 -999.999
6.28733856495 6.25040698215 6.112941314 5.94474689156 5.77655246912 5.60835804668 5.20871973421 4.76517951308 4.35746734624 4.39950669885 4.51335051053 4.77753701259 5.08726204438 5.39698707616 5.59319577247 5.17875833082 4.7707560557 4.66748713644 4.57712940531 4.55695930393 4.69346914519 5.1919977934 5.69052644162 6.18905508983 6.20478899211 5.94685470833 5.61044192412 5.27402913991 4.93761635569 4.60120357148 4.26479078727 4.04789748951 4.32451575966 4.60113402981 4.87775229995 5.1543705701 5.34405782712 5.70623924352 6.36928521197 7.03233118042 6.93385281863 6.50925145229 6.08465008596 -999.999 -999.999 -999.999 -999.999 -999.999 -999.999 -999.999 -999.999 -999.999 -999.999
5.88472227771 5.76944873422 5.73251715142 5.69558556863 5.65865398584 5.62172240304 5.39543533077 4.95189510964 4.50835488851 4.06481466738 4.23488505481 4.54461008659 4.85433511837 5.16406015015 5.04053094414 4.89474868913 4.79147976987 4.69618371477 4.61432720028 4.57541110519 4.64088657694 4.74399901134 5.24252765955 5.74105630777 5.5875938558 5.25118107159 4.91476828738 4.57835550316 4.24194271895 4.06682071653 4.0151984082 4.02351611198 4.13809226745 4.27078431673 4.54740258687 4.82402085702 5.07474578981 5.54763667539 6.21068264384 6.87372861229 7.01310646359 6.58850509725 6.16390373092 -999.999 -999.999 -999.999 -999.999 -999.999 -999.999 -999.999 -999.999 -999.999 -999.999
5.78812984445 5.28849048628 5.25155890348 5.21462732069 5.1776957379 5.37069449078 5.50785621207 5.06479231052 4.62172840897 4.57981961071 4.78186213098 4.98390465125 5.15085691375 5.09361408726 5.01874132256 4.91547240329 4.81523802424 4.73338150975 4.65152499526 4.59386290645 4.6593383782 4.72481384995 4.79452887749 5.1982973146 4.89192021906 4.55550743485 4.49517428886 4.44355198053 4.39192967221 4.34030736388 4.32112554735 4.32199291209 4.39756562953 4.512141785 4.62671794047 4.74129409595 4.84458499569 5.38903410726 6.05208007571 6.71512604415 7.09236010855 6.66775874221 6.24315737588 5.0319830603 -999.999 -999.999 -999.999 -999.999 -999.999 -999.999 -999.999 -999.999 -999.999
5.6915374112 5.11349302056 4.77060065554 4.85740896881 5.07261546337 5.28782195794 5.42661482342 5.17382517768 5.06710699745 5.26914951772 5.24281642672 5.18557360023 5.12833077374 5.07108794724 5.01384512075 4.93619611746 4.85243581921 4.77057930472 4.68872279023 4.61231470771 4.67779017946 4.74326565121 4.80937343949 4.91940511893 4.87190555287 4.82028324454 4.76866093621 4.71703862789 4.66541631956 4.63245919885 4.63332656359 4.63419392834 4.6570389916 4.77161514708 4.80465948924 4.82180864815 4.84427996402 5.23043153913 5.89347750758 6.55652347602 7.17161375351 6.74701238717 6.32241102084 5.60146285666 -999.999 -999.999 -999.999 -999.999 -999.999 -999.999 -999.999 -999.999 -999.999
5.59494497795 5.01690058731 4.60019219331 4.77453643596 4.98974293053 5.20494942509 5.32574895235 5.42246700977 5.38129193043 5.34011685108 5.29894177174 5.25776669239 5.21659161305 5.1754165337 5.13424145436 5.07519033241 4.95852643559 4.84186253878 4.7259205852 4.64406407071 4.70971549874 4.81974717817 4.92977885761 5.03981053704 5.14539220022 5.09376989189 5.04214758357 4.99052527524 4.94379285036 4.9446602151 4.94552757984 4.91090232856 4.76473398278 4.7818831417 4.79903230062 4.81618145954 4.85697549306 5.071828971 5.73487493944 6.39792090789 7.06096687634 6.82626603213 6.4016646658 5.78101289458 -999.999 -999.999 -999.999 -999.999 -999.999 -999.999 -999.999 -999.999 -999.999
5.48254566208 4.78382638889 4.59816649045 4.76643213483 4.93469777922 5.11309060682 5.71651622237 5.50312632711 5.58615236121 5.54497728187 5.50380220252 5.46262712318 5.42145204383 5.38027696449 5.33910188514 5.27061140241 5.1539475056 5.03728360879 4.92061971197 4.68444703785 4.7233364496 4.89774783951 5.05018427572 5.16021595515 5.27024763459 5.36725653925 5.31563423092 5.26401192259 5.25599386661 5.2213111949 4.97583560509 4.73036001528 4.75910679416 4.77625595308 4.793405112 4.81055427092 4.8696710221 4.97987754808 5.57627237131 6.23931833976 6.90236430821 6.9055196771 6.48091831076 5.96056293249 -999.999 -999.999 -999.999 -999.999 -999.999 -999.999 -999.999 -999.999 -999.999
5.23475649275 4.53603721956 4.68487048078 5.01250984348 5.34014920619 5.72889538589 5.80318423414 5.55498054057 5.656622979 5.74983771265 5.7086626333 5.66748755396 5.62631247461 5.58513739527 5.54396231592 5.46603247242 5.34936857561 5.2327046788 4.8949658809 4.71843582778 4.62559639517 4.80000778508 4.97441917499 5.1488305649 5.32324195481 5.49765334472 5.58912087827 5.53172006123 5.28624447142 5.04076888161 4.7952932918 4.71385693851 4.75347960554 4.77062876446 4.78777792338 4.8049270823 4.88236655115 4.99257307712 5.41766980318 6.08071577163 6.74376174007 6.98477332206 6.56017195572 6.13557058939 -999.999 -999.999 -999.999 -999.999 -999.999 -999.999 -999.999 -999.999 -999.999
5.05828732373 4.78080410175 5.02844266336 5.50168770821 5.97493275306 6.24208467207 5.86757804447 5.60683475403 5.70847719247 5.8101196309 5.91176206933 5.87234798474 5.8311729054 5.78999782605 5.74882274671 5.66145354243 5.54478964562 5.34922386956 4.87998538663 4.7524246177 4.62486384878 4.70226773066 4.87667912057 5.05109051047 5.22550190038 5.39991329029 5.5743246802 5.35117774795 5.10570215814 4.86022656833 4.66798100557 4.70869066574 4.74785241693 4.76500157584 4.78215073476 4.79929989368 4.89506208019 5.00526860616 5.25906723505 5.92211320349 6.58515917194 7.06402696702 6.63942560068 6.21482423435 4.3763677766 -999.999 -999.999 -999.999 -999.999 -999.999 -999.999 -999.999 -999.999
5.12354478166 5.15002803972 5.20110089397 5.67434593882 6.14759098367 6.17520194077 5.93197185479 5.65868896749 5.76033140593 5.86197384436 5.96361628279 6.06525872123 6.03603333618 5.99485825683 5.95368317749 5.85687461244 5.74021071563 5.04153494548 4.91397417655 4.78641340763 4.6588526387 4.60452767623 4.77893906614 4.95335045605 5.12776184596 5.30217323587 5.41611102448 5.17063543467 4.92515984486 4.67968425505 4.66281473279 4.70352439296 4.74222522831 4.75937438723 4.77652354614 4.79755108326 4.90775760923 5.0179641352 5.12817066117 5.76351063536 6.42655660381 7.08960257226 6.71867924564 6.29407787931 5.40627579124 -999.999 -999.999 -999.999 -999.999 -999.999 -999.999 -999.999 -999.999
5.49276871963 5.5192519777 5.54573523576 5.84700416942 6.08299073696 5.99037126061 5.99636566512 5.71054318096 5.81218561939 5.91382805782 6.01547049625 6.11711293469 6.21875537312 6.19971868762 6.15854360827 6.05229568245 5.3911674473 5.0755237354 4.94796296648 4.82040219755 4.69284142863 4.5652806597 4.68119901171 4.85561040162 5.03002179153 5.20443318144 5.23556871119 4.99009312138 4.74461753157 4.61693879985 4.65764846002 4.69835812019 4.73659803969 4.75374719861 4.77089635753 4.8102466123 4.92045313827 5.03065966424 5.14086619021 5.60490806723 6.26795403568 6.93100000412 6.7979328906 6.37333152427 5.58582582915 -999.999 -999.999 -999.999 -999.999 -999.999 -999.999 -999.999 -999.999
5.6357037912 6.13763991511 6.12274189399 5.99077953315 5.8981600568 5.80554058045 5.76444822497 5.76239739442 5.86403983285 5.96568227128 6.06732470972 6.16896714815 6.27060958658 6.37225202501 6.36340403906 5.84542543597 5.23707329425 5.10951252532 4.9819517564 4.85439098747 4.72683021855 4.59926944963 4.58345895729 4.7578703472 4.93228173711 5.10669312702 5.05502639791 4.8095508081 4.57106286691 4.61177252708 4.65248218725 4.69319184742 4.73097085107 4.74812000999 4.76526916891 4.82294214134 4.93314866731 5.04335519328 5.15356171925 5.4463054991 6.10935146755 6.77239743599 6.87718653556 6.45258516923 5.76537586706 -999.999 -999.999 -999.999 -999.999 -999.999 -999.999 -999.999 -999.999
5.47228731517 5.97422343908 6.47615956299 6.79539021145 6.41168156907 6.02797292669 5.64426428431 5.47820960713 5.64284405426 5.8074785014 5.97211294853 6.13674739566 6.3013818428 6.46601628993 6.58811791993 5.43311102505 5.27106208417 5.14350131525 5.01594054632 4.8883797774 4.76081900847 4.63325823955 4.50569747063 4.66013029277 4.83454168268 5.00895307259 4.87448408462 4.62900849481 4.56589659414 4.60660625431 4.64731591447 4.68802557464 4.72534366245 4.74249282137 4.75964198029 4.83563767039 4.94584419636 5.05605072233 5.1662572483 5.28770293097 5.95074889941 6.61379486786 6.95644018052 6.53183881419 5.94492590498 -999.999 -999.999 -999.999 -999.999 -999.999 -999.999 -999.999 -999.999
5.48574318221 5.81080696305 6.30612848369 6.72868785485 6.75793935223 6.37423070985 5.99052206747 5.82357932419 5.98821377132 6.15284821846 6.31748266559 6.48211711272 6.64675155986 6.90219779382 7.17483434323 5.75469508951 5.3050508741 5.17749010517 5.04992933625 4.92236856732 4.7948077984 4.66724702947 4.53968626055 4.56239023835 4.73680162826 4.91121301817 4.69394177134 4.52002066119 4.56073032136 4.60143998153 4.6421496417 4.68285930187 4.71971647383 4.73686563275 4.75401479167 4.84833319943 4.9585397254 5.06874625137 5.17895277734 5.28915930331 5.79214633128 6.45519229973 7.03569382548 6.61109245915 6.12447594289 -999.999 -999.999 -999.999 -999.999 -999.999 -999.999 -999.999 -999.999
5.29463055138 5.64739048702 6.12885433329 6.55233050652 6.89134651397 6.72048849301 6.33677985063 6.16894904125 6.33358348838 6.49821793551 6.66285238265 6.84481029914 7.11744684855 7.39008339796 7.66271994737 6.54602222485 6.36292014734 6.17981806983 5.08391812617 4.95635735725 4.82879658832 4.7012358194 4.57367505047 4.46465018392 4.63906157383 4.75887504786 4.51339945805 4.51485438842 4.55556404859 4.59627370876 4.63698336893 4.6776930291 4.71408928522 4.73123844413 4.7508222025 4.86102872847 4.97123525444 5.08144178041 5.19164830638 5.30185483235 5.63354376315 6.2965897316 6.95963570004 6.69034610411 6.26574473778 4.93764884557 -999.999 -999.999 -999.999 -999.999 -999.999 -999.999 -999.999
4.96312054447 5.46814994125 5.95158018289 6.37597315819 6.71498916564 7.05400517309 6.6830376338 6.51431875831 6.67895320544 6.84358765257 7.06005935387 7.33269590328 7.60533245269 7.8779690021 8.15060555151 7.33734936019 7.15424728268 6.97114520517 6.78804312766 6.24895040113 4.86278537825 4.73522460932 4.6076638404 4.48010307147 4.5413215194 4.57833273458 4.46897845548 4.50968811565 4.55039777582 4.59110743599 4.63181709616 4.67252675632 4.7084620966 4.72561125552 4.76351773154 4.87372425751 4.98393078348 5.09413730945 5.20434383542 5.31455036139 5.47494119502 6.13798716346 6.80103313191 6.76959974907 6.34499838274 5.39063876372 -999.999 -999.999 -999.999 -999.999 -999.999 -999.999 -999.999
5.09306803647 5.27764190809 5.77430603249 6.19961580986 6.53863181731 6.87764782476 7.02929541696 6.85968847536 7.0243229225 7.2753084086 7.54794495801 7.82058150742 8.09321805683 8.36585460624 8.63849115565 8.12867649554 7.94557441803 7.76247234051 7.579370263 7.39626818549 7.21316610798 6.20126803745 4.69493505603 4.5140918614 4.44358146498 4.42310252253 4.4638121827 4.50452184287 4.54523150304 4.58594116321 4.62665082338 4.66736048355 4.70283490798 4.7199840669 4.77621326058 4.88641978655 4.99662631252 5.10683283849 5.21703936446 5.32724589043 5.4374524164 5.97938459533 6.64243056378 6.84885339403 6.4242520277 5.57018880164 -999.999 -999.999 -999.999 -999.999 -999.999 -999.999 -999.999
5.24484605997 5.33507252752 5.59216327171 6.02325846154 6.36227446899 6.70129047644 7.04030648389 7.21792091391 7.49055746333 7.76319401274 8.03583056215 8.30846711156 8.58110366097 8.85374021038 9.12637675979 8.92000363088 8.73690155337 8.55379947586 8.37069739835 8.18759532083 8.00449324332 7.82139116581 7.6382890883 6.15358567377 4.64725269235 4.41793624976 4.45864590993 4.4993555701 4.54006523027 4.58077489044 4.62148455061 4.66219421078 4.69720771936 4.71435687828 4.78890878962 4.89911531559 5.00932184156 5.11952836754 5.22973489351 5.33994141948 5.45014794545 5.8207820272 6.48382799565 6.92810703899 6.50350567266 5.74973883955 -999.999 -999.999 -999.999 -999.999 -999.999 -999.999 -999.999
5.39662408347 5.41455641568 5.63741296615 5.9398383331 6.32659340379 6.71334847449 7.10010354518 7.45563468791 7.74959963212 8.04356457633 8.33752952055 8.63149446476 8.92545940898 9.21942435319 9.50876607041 9.5048783239 9.33845778326 9.17203724262 9.00561670198 8.83919616134 8.6727756207 8.50635508006 8.33993453942 8.17351399878 7.03913475663 4.49410708525 4.45347963716 4.49418929733 4.5348989575 4.57560861767 4.61631827784 4.657027938 4.69158053074 4.70872968966 4.80160431867 4.91181084464 5.02201737061 5.13222389658 5.24243042255 5.35263694852 5.46284347449 5.66217945907 6.32522542752 6.98827139596 6.58275931762 5.92928887746 -999.999 -999.999 -999.999 -999.999 -999.999 -999.999 -999.999
5.56088847306 5.52505194166 5.72310281354 6.10257913698 6.4836540223 6.870409093 7.25716416369 7.61875836209 7.91272330631 8.20668825052 8.50065319473 8.79461813895 9.08858308316 9.28360822496 9.424608245 9.53178315942 9.36536261878 9.19894207814 9.0325215375 8.86610099686 8.69968045622 8.53325991558 8.36683937494 8.16631412114 7.83929389432 6.56294982312 4.44831336438 4.48902302455 4.52973268472 4.57044234489 4.61115200506 4.65186166523 4.68595334212 4.70409332174 4.81429984771 4.92450637368 5.03471289965 5.14491942562 5.25512595159 5.36533247756 5.47553900353 5.5857455295 6.16662285938 6.82966882783 6.66201296258 6.10883891538 4.28203356187 -999.999 -999.999 -999.999 -999.999 -999.999 -999.999
5.63408047297 5.65747427009 5.88705686913 6.26653319257 6.64600951601 7.02746971151 7.4142247822 7.78188203628 8.07584698049 8.36981192471 8.66377686892 8.91745035946 9.0584503795 9.19945039954 9.34045041958 9.48145043963 9.39226745431 9.22584691367 9.05942637303 8.89300583239 8.72658529175 8.56016475111 8.39374421047 8.09698008138 7.77131869993 7.41322798386 6.08676488961 4.48385675178 4.52456641195 4.56527607212 4.60598573229 4.64669539246 4.68032615351 4.71678885078 4.82699537675 4.93720190272 5.04740842869 5.15761495466 5.26782148063 5.3780280066 5.48823453257 5.59844105854 6.00802029125 6.6710662597 6.74126660754 6.28838895329 5.1954516983 -999.999 -999.999 -999.999 -999.999 -999.999 -999.999
5.62450098634 5.51158624354 5.44934069402 6.16763379611 6.8099635716 7.18943989504 7.57128540071 7.94500571046 8.23897065468 8.53293559889 8.69229251401 8.83329253405 8.97429255409 9.11529257413 9.25629259417 9.39729261421 9.41917228983 9.25275174919 9.08633120855 8.91991066791 8.75349012727 8.58706958663 8.32890988201 8.02764604161 7.70334350554 7.34525278947 6.98716207341 5.61057995609 4.51940013918 4.56010979935 4.60081945952 4.64152911969 4.67469896489 4.72948437982 4.83969090579 4.94989743176 5.06010395773 5.1703104837 5.28051700967 5.39072353564 5.50093006161 5.61113658758 5.84941772312 6.51246369157 6.8205202525 6.39591888617 5.37500173621 -999.999 -999.999 -999.999 -999.999 -999.999 -999.999
