Examples/results/velocity/asciifiles/KR2_140508_120000.JPG_interpmap.txt
ncols 287
nrows 454
xllcorner 446880.0
yllcorner 8754180.0
cellsize 10.0
NODATA_value -999.999
[rows 288 to 311 of 454, columns 159 to 211 of 287]
4.67138366822 3.88622019803 3.85463000375 4.10659111467 4.26021617403 4.07331799845 3.9347913735 4.30185989272 4.66538001802 5.01687436655 5.36836871509 5.61316469416 5.99890537006 6.38282744914 5.7876982389 4.49764239173 4.51343124148 6.08887061008 6.52784420087 6.96681779167 7.40579138246 7.59699074689 7.22203946118 7.20032254259 7.2703393018 7.36728340821 7.46422751461 7.56117162102 7.65811572742 7.75505983383 7.85200394023 7.94894804664 7.70761565925 7.39304026775 7.07846487624 6.79029853047 5.89319178429 6.00577533779 6.09660673818 6.23652047297 6.40973937648 6.4780847257 6.48226375094 6.71130414027 7.2043490374 7.88954276626 8.66997930815 9.87516631331 11.0803533185 12.051878024 12.5513329596 12.0576797282 11.3693423283
4.29445936642 4.64186975861 4.06841984352 3.76797506602 4.01993617695 3.92343944105 4.083302534 4.45037105322 4.81557484953 5.16706919807 5.5185635466 5.84589466135 6.1986198259 6.65076720127 6.36320205666 5.37576622889 4.67637861741 6.32510402718 6.76407761798 7.20305120878 7.40630427261 7.05154945335 7.31610763778 7.58066582221 7.72362054534 7.75874955536 7.79387856539 7.82900757541 7.899831444 7.99677555041 8.09371965681 8.19066376322 7.96057436591 7.64599897441 7.3314235829 7.01684819139 5.93230380474 6.04655962547 6.21977852897 6.39299743248 6.53465307631 6.51264406946 6.49065013891 6.71969052825 6.94873091758 7.4964533405 8.18164706936 8.86684079822 9.59605253698 10.8012395421 12.0749881267 11.8056935734 11.167100552
4.84889900722 4.71757601051 4.44840855161 4.20860386941 3.96879918721 3.86474517528 4.2318136945 4.59888221372 4.96576968104 5.31726402958 5.65495923443 5.81240090945 6.16196283708 6.55902655055 6.75514121262 6.45287208123 5.46543625346 6.56133744429 7.00031103509 7.21561779834 7.11751773316 7.38207591759 7.64663410201 7.91119228644 8.17575047087 8.24691854808 8.28204755811 8.31717656813 8.35230557816 8.38743458818 8.42256359821 8.45769260823 8.09544416085 7.60662786679 7.11781157274 6.62899527868 6.14017898462 6.20303658497 6.37625548848 6.54947439199 6.56921242007 6.54720341322 6.52519440637 6.72807691622 6.95711730556 7.18615769489 7.7885576436 8.47375137246 9.15894510132 9.61276441542 10.6958722336 10.8796252126 10.5120193704
5.19901348656 4.74641689751 4.44428420159 4.20447951939 3.96467483719 4.05436062572 4.3922262099 4.74739337421 5.11446189343 5.46402380751 5.62146548252 5.77890715754 6.12530584826 6.37648623448 6.57260089655 6.76871555863 6.54254210581 6.7975708614 7.02493132407 7.18348601296 7.44804419739 7.71260238182 7.97716056625 8.24171875068 8.50627693511 8.7350875408 8.77021655083 8.80534556085 8.6846985621 8.32692918291 7.96915980372 7.76191729187 7.8280872402 7.89425718853 7.72519917304 7.23638287898 6.74756658492 6.53540636349 6.53273244799 6.62578077067 6.60377176382 6.58176275697 6.55975375012 6.73646330419 6.96550369353 7.19454408287 7.42358447221 8.0806619467 8.48163109686 8.77991416492 9.31675634047 9.95355685182 9.58595100956
5.22785437356 4.77525778452 4.44015985156 4.20035516936 3.96055048717 4.26475413269 4.60261971686 4.94048530103 5.2783508852 5.4305300556 5.58797173062 5.74541340563 5.99783125635 6.19394591842 6.39006058049 6.58617524256 6.78228990463 6.98489610834 7.2243600082 7.45397031027 7.68358061233 7.9131909144 8.14280121647 8.37241151854 8.60202182061 8.83163212267 8.52396619043 8.16619681124 7.80842743205 7.45065805286 7.09288867368 7.12364259907 7.1898125474 7.25598249573 7.32215244406 7.38832239239 7.35495418523 6.98612548771 6.97754877954 7.01714274491 7.11095819843 7.13703019158 6.99492583479 6.95917734635 6.92342885791 7.12303909078 7.25391153435 7.49918619728 7.64878084636 7.94706391442 8.24534698248 9.02748849101 8.65988264875
5.25669526056 4.80409867152 4.43603550154 4.19623081934 4.14746580836 4.47514763965 4.81301322382 5.150878808 5.49078405514 5.83261994394 5.88419568794 5.80154018344 6.16476412406 6.411896462 6.65902879994 6.90616113788 7.15329347582 6.49298794635 6.72259824842 6.95220855049 7.18181885256 7.41142915463 7.6410394567 7.87064975876 8.10026006083 8.47850737833 8.76617102677 7.47252394453 6.93215630201 6.57438692282 6.41919795795 6.48536790628 6.5515378546 6.61770780293 6.68387775126 6.92102251969 7.28930148493 7.34436670031 7.08854992364 7.19495072337 7.30135152311 7.26875314219 6.86732754163 6.66927854372 6.4942995752 6.5451007948 7.40777289326 7.45703375854 7.34359186941 7.23014998028 7.41249673198 7.88132162808 7.73381428794
5.28553614756 4.83293955852 4.43191115152 4.19210646932 4.3577428305 4.68554114661 5.02340673079 5.36174074086 5.70357662967 5.85477710196 5.85006537361 5.79510938859 6.41544358199 6.8342144866 7.08134682454 7.32847916248 7.57561150042 6.20892584528 6.22083648865 6.45044679072 6.68005709278 6.90966739485 7.13927769692 7.36888799899 7.71470848137 8.12950119623 8.54429391109 7.92314367627 6.62949659403 5.71475331682 5.87307242766 6.2413513929 6.60963035814 6.97790932338 7.34618828861 7.71446725385 8.08274621909 7.68809239153 7.27712746522 6.86616253891 6.84706358575 6.95346438548 6.85817440034 6.18179470911 5.93266639018 6.79533848865 7.52832320892 7.41488131979 7.30143943067 7.18799754154 7.07455565241 6.96111376328 6.88569549921
5.31437703457 4.86178044552 4.42778680149 4.2446586726 4.56801985263 4.89593465358 5.23380023775 5.57453331539 5.73000157855 5.80900419917 5.81593505929 5.9518481953 6.5721823887 7.19251658211 7.50366484915 7.75079718709 7.99792952503 6.15967572188 5.71907472887 5.94868503094 6.17829533301 6.40790563508 6.63751593714 6.95090958441 7.36570229927 7.78049501413 8.19528772899 8.373763408 7.49811024684 6.71150632147 6.66651716182 7.03479612706 7.4030750923 7.77135405754 8.13963302278 8.50791198802 8.44278300906 8.03181808275 7.62085315644 7.20988823013 6.79892330382 6.49917644812 6.60557724785 6.26901524956 6.16272776321 7.0455761825 7.48617077018 7.37272888105 7.25928699193 7.1458451028 7.05446070273 6.97948697029 6.62796809221
5.34321792157 4.89062133252 4.43802474347 4.45493569473 4.77829687476 5.10632816054 5.44549000111 5.60522605513 5.68422867575 5.76323129637 5.78180474496 6.10858700201 6.72892119541 7.34925538882 7.92598287375 8.17311521169 8.40713656146 6.11042559847 5.2173129691 5.44692327117 5.67653357323 5.9061438753 6.18711068745 6.60190340231 7.01669611717 7.43148883203 8.1201833075 8.20699644796 8.98617035355 8.19956642817 7.45996189599 7.82824086123 8.19651982647 8.56479879171 8.93307775695 9.19747362659 8.78650870028 8.37554377397 7.96457884766 7.55361392135 7.14264899504 6.73168406872 6.32071914241 6.24398698179 6.27285905726 7.29581387635 7.44401833144 7.33057644231 7.2497061496 7.17473241716 7.09975868472 7.02478495228 6.36424035868
4.47652220898 4.34091819886 4.32031693931 4.66521271687 4.9885738969 5.3167216675 5.48045053171 5.55945315233 5.63845577295 5.71745839357 5.74767443064 6.26532580872 6.88566000213 7.50599419553 8.12632838894 8.59543323629 8.35788643806 6.06117547507 4.71555120932 4.94516151139 5.17477181346 5.42331179049 5.83810450535 6.25289722021 6.79416146795 7.69432768947 8.21974515462 7.74397974767 8.73085232354 9.68762653487 8.9010226095 8.6216855954 8.98996456064 9.35824352588 9.72652249111 9.54119931781 9.1302343915 8.71926946519 8.30830453888 7.89733961257 7.48637468625 7.07540975994 6.66444483363 6.25347990732 6.4843202387 7.5558688061 7.44495159647 7.36997786403 7.29500413159 7.22003039916 7.14505666672 6.95039498204 6.15894266605
3.73569629846 4.07466176131 4.41362722417 4.77350454345 5.13535872554 5.14937266463 5.30590775159 5.48128553835 5.59268287015 5.67168549077 5.80173042203 6.42206461543 7.04239880884 7.66273300224 8.28306719565 8.90340138905 8.30863631466 6.01192535167 4.21378944955 4.44339975161 4.67301005368 5.07430560839 5.48909832325 6.36830584991 7.26847207144 8.16863829296 7.38810458183 7.28096304738 8.26783562325 9.25470819912 10.241580775 9.60247879082 9.7834092948 10.15168826 10.2958899353 9.88492500903 9.47396008272 9.06299515641 8.6520302301 8.24106530378 7.85075459734 7.52252845426 7.19430231119 6.86607616811 7.41336316545 8.50976526112 7.84109500334 7.41527584603 7.34030211359 7.26532838115 7.19035464871 6.84721775676 6.05576544077
3.82900658332 4.16797204617 4.50716735492 4.86902153701 5.05622065759 4.80963918124 4.56305770488 4.68747921315 5.00740997403 5.32734073491 5.54028028116 5.77341347742 6.40403110763 7.03464873784 7.74795220123 8.49354347539 7.76655627078 5.96267522826 3.71202768977 3.94163799184 4.31050671143 5.04228401035 5.94245023188 6.8426164534 7.74278267493 7.91042253888 6.55646400903 6.8179463471 7.80481892296 8.79169149883 9.7785640747 10.7654366506 10.576854029 10.9451329942 10.6396156266 10.2286507002 9.81768577394 9.45778525479 9.12955911172 8.80133296864 8.47310682557 8.14488068249 7.81665453942 7.76155483225 8.41387398755 9.43880818787 9.01542160127 8.12632120058 7.38560009558 7.31062636314 7.2356526307 6.74404053148 5.95258821549
3.92231686817 4.26128233103 4.60268434848 4.96306865055 4.7164871742 4.51669677975 4.48825950419 4.48698938587 4.80692014675 5.12685090762 5.2943999373 5.23082543931 5.63959576637 6.37331601644 7.11995514876 7.42975481853 6.21468082841 4.99960683828 3.61671414187 3.7162621708 4.61642839232 5.51659461384 6.41676083537 7.31692705689 8.21709327842 7.07878196609 5.72482343624 6.35492964681 7.34180222268 8.32867479854 9.31554737441 10.3024199503 11.2892925261 11.3943062441 11.0648159122 10.7365897692 10.4083636261 10.080137483 9.75191133994 9.42368519687 9.09545905379 8.76723291072 8.43900676765 8.79933912446 9.45165827976 10.3678511146 10.1897481992 9.30064779851 8.41154739782 7.52244699713 7.2809506127 6.6408633062 5.84941099021
4.03305475362 4.35459261588 4.69820134203 4.62333516716 4.58010928974 4.55167201417 4.5232347386 4.49479746304 4.60643031946 4.92636108034 5.04851959343 4.66057241379 4.99867983165 5.74636682214 6.60818216006 5.87787937615 4.66280538603 3.4477313959 3.25579224167 3.75515419125 5.04519485902 5.99090521733 6.89107143886 7.79123766038 7.60109992314 6.2471413933 4.90504037066 5.89191294653 6.87878552239 7.86565809826 8.85253067412 9.87942647207 11.1704188904 11.8675952788 11.6871681405 11.3589419974 11.0307158543 10.7024897112 10.3742635682 10.0460374251 9.71781128202 9.38958513895 9.18480426137 9.83712341667 10.489442572 11.2968940414 11.3640747971 10.4749743964 9.58587399575 8.69677359506 7.8790316592 7.34274228813 6.66786192468
4.15337316015 4.46992049382 4.63571886624 4.64352179972 4.61508452415 4.58664724859 4.55820997302 4.52977269745 4.50133542189 4.72587125306 4.73067183564 4.09031938828 4.37277849551 5.23459383344 5.5410779239 4.32600393377 3.6320837298 3.51001309897 3.46385433097 3.58344462208 4.51206483812 5.8021055059 7.09214617367 8.1234178802 6.76945935035 5.4155008205 4.44202367037 5.42889624624 6.41576882211 7.41461433314 8.70560675144 9.99659916974 11.120439751 11.7188506184 12.3095203687 11.9812942256 11.6530680826 11.3248419395 10.9966157964 10.6683896533 10.3401635103 10.0119373672 10.2225885536 10.8749077089 11.5272268642 12.2259369681 12.5384013951 11.6493009944 10.7602005937 9.87110019298 9.38705436308 9.13363786881 8.45875750537
4.22007568062 5.12481585875 4.65615283707 4.46118327414 4.47975222061 4.49832116707 4.51689011353 4.53545906 4.5363106563 4.52538142577 4.16041881013 3.99020837568 3.86100550681 4.72282084474 4.01176916282 3.88969853199 3.76762790116 3.64555727033 3.67191642028 3.79150671139 3.97893481722 5.268975485 5.98848291307 5.77259790138 5.5567128897 4.58386024771 3.97900697009 4.96587954595 6.24079461251 7.5317870308 8.8227794491 10.1137718674 10.9716950906 11.570105958 12.1685168253 12.6036464539 12.2754203108 11.9471941677 11.6189680246 11.2907418816 10.9625157385 10.6342895954 11.2603728458 11.9126920011 12.5650111564 13.2173303117 13.712727993 12.8236275923 11.9345271916 11.1424044096 10.8950770669 10.6477497243 10.2496530861
5.18439704759 5.21881311581 4.75015009413 4.28148707245 4.28664768205 4.30521662851 4.32378557497 4.34235452143 4.3609234679 4.31224159584 4.256708052 4.22031893919 4.18392982639 4.24553977074 4.14731333418 4.02524270335 3.90317207252 3.78110144169 3.87997850958 3.99956880069 4.1191590918 4.02889664711 3.83871324461 3.64852984211 3.45834643961 3.26816303711 3.77598247358 5.06697489187 6.35796731017 7.64895972846 8.93995214676 10.2245395628 10.8229504302 11.4213612975 12.0197721649 12.6181830322 12.897772539 12.5695463959 12.2413202529 11.9130941098 11.5848679667 11.6458379827 12.298157138 12.9504762933 13.6027954486 14.2551146039 14.8870545909 13.9979541902 13.1088537895 12.6504271135 12.4030997708 12.1557724281 11.9084450855
5.78147339456 5.31281037287 4.84414735119 4.3754843295 4.09354314348 4.11211208995 4.13068103641 4.14924998287 4.10711467854 3.98719788254 3.92373918899 3.88735007618 3.85096096338 4.18900152692 4.27677079225 4.16078687471 4.03871624388 3.96845030778 4.08804059889 4.20703572773 4.15473322429 3.95570651744 3.76552311494 3.57533971244 3.38515630994 3.32247386375 4.04833452478 5.25479628029 6.47514000783 7.76613242612 9.05712484442 10.0757949024 10.6742057698 11.2726166371 11.8710275045 12.4694383718 13.0678492392 13.1918986242 12.8636724811 12.535446338 12.2072201949 12.6836222749 13.3359414302 13.9882605855 14.6405797408 15.2928988961 16.0613811888 15.1722807882 14.40577716 14.1584498174 13.9111224747 13.663795132 13.4164677893
5.87547065162 5.40680762993 4.93814460825 4.46948158656 4.00081856488 3.91900755139 3.93757649785 3.90198776124 3.78207096524 3.66215416924 3.59077032597 3.55438121317 3.69826168186 4.10401118655 4.2452200639 4.29633104607 4.17426041523 4.17651239709 4.24959141777 4.19728891433 4.1075200275 3.88251638778 3.69233298527 3.50214958277 3.35304528714 3.51566953114 4.32400316797 5.53046492347 6.73692667898 7.94338843448 9.17429754208 9.927050242 10.5254611093 11.1238719767 11.722282844 12.3206937114 12.9191045787 13.5175154461 13.4860247093 13.1577985662 13.0690874118 13.7214065671 14.3737257224 15.0260448777 15.678364033 16.3306831883 17.0385107708 16.3466073861 15.9137998639 15.6664725212 15.4191451786 15.1718178359 14.9244904932
5.96946790868 5.50080488699 5.03214186531 4.56347884362 4.09481582194 3.72590301282 3.69686084394 3.57694404794 3.45702725194 3.33711045595 3.25780146296 3.22141235016 3.61327134149 4.01902084618 4.21366933554 4.2764510854 4.30980458659 4.29214710781 4.23984460437 4.18754210093 4.03864053073 3.80932625811 3.61914285561 3.42895945311 3.54624095453 3.70886519854 4.59967181116 5.80613356666 7.01259532217 8.21905707767 7.53287424101 8.13236241523 9.26028363413 10.388204853 11.5161260719 12.171949051 12.7703599183 13.3687707857 13.967181653 13.7801507945 14.106871704 14.7591908593 15.4115100146 16.0638291699 16.7161483252 17.3684674805 18.0207866358 17.6691499105 17.4218225678 17.1744952251 16.9271678824 16.6798405398 16.4325131971
6.06346516574 5.59480214405 5.12613912237 4.47703711829 3.81701662477 3.22712341953 3.31335478055 3.25190033465 3.13198353865 3.01206674265 2.92483259995 3.12253149643 3.52828100111 3.9340305058 4.18211860718 4.24490035705 4.27395999678 4.28240029441 4.23009779097 4.17779528753 3.96976103396 3.73613612844 3.54595272594 3.57681237792 3.73943662192 3.90206086593 4.87534045435 6.08180220985 7.28826396536 6.40019476329 4.88271589782 5.26347703512 6.39139825403 7.51931947293 8.64724069184 9.77516191074 10.9030831296 12.0310043485 13.1802704909 14.2945974531 14.9074840146 15.5203705762 16.1332571377 16.7461436993 17.3590302608 17.9719168224 18.584803384 18.8862056284 18.9298452717 18.682517929 18.4351905863 18.1878632436 17.940535901
5.88147544642 5.31570167132 4.74992789621 4.18415412111 3.61838034601 3.116390998 2.97927721845 2.84216343889 2.70504965934 2.68702302935 2.63179165136 3.03754115605 3.44329066074 3.84904016543 4.13655681184 4.16334914198 4.19014147212 4.21693380227 4.22035097758 4.14513664317 3.90088153719 3.66294599878 3.60738380131 3.77000804531 3.93263228932 4.09525653333 5.15100909754 6.35747085304 5.26751528557 3.7500364201 3.77384626109 3.69603267332 4.45899008647 5.64676642584 6.83454276522 8.02231910459 9.21009544397 10.3978717833 11.5856481227 12.2479761319 12.7265368055 13.339423367 13.9523099286 14.5651964901 15.1780830517 15.7909696132 16.858130516 16.9684847533 17.0588476 17.1492104468 17.2395732935 17.3299361403 17.4202989871
5.99098804784 5.42521427274 4.85944049764 4.29366672254 3.72789294744 3.21038774698 3.07327396742 2.93616018787 2.79904640832 2.66087692591 2.57273396503 2.64167848018 2.87064653787 3.22584531346 3.58104408904 3.86295206182 3.94586285496 4.02877364811 4.11168444126 4.12135407754 3.8956324965 3.61589866482 3.8005794687 3.96320371271 4.12582795671 4.28845220072 5.42667774073 4.13483580785 4.14139650061 4.17614532636 4.21089415212 4.18060929586 4.00679001883 4.05214405764 5.23992039701 6.42769673639 7.61547307576 8.80324941514 9.76185047834 10.2281510603 10.518188766 11.1584761579 11.7713627194 12.384249281 12.9971358425 13.6100224041 14.929704243 15.0434633648 15.1411267249 15.2314895716 15.3218524184 15.4122152652 15.5025781119
5.96221893592 5.53472687417 4.96895309907 4.40317932397 3.83740554887 3.30438449595 3.1672707164 3.03015693684 2.88816148625 2.71818658159 2.65649947351 2.72544398866 2.79438850381 2.86333301896 2.95198119972 3.3071799753 3.58646881096 3.66937960411 3.88574184571 4.63041126456 3.85714042062 3.60089506203 3.82247992515 4.04406478828 4.26564965141 4.49588462842 4.50894674013 4.54369556588 4.57844439164 4.61319321739 4.64794204315 4.6651859184 4.49136664137 4.31754736434 4.14372808732 4.83307436818 6.02085070756 7.04538319164 7.90913206314 8.2083259886 8.30136574339 8.95790038227 9.59041551024 10.2033020718 10.8161886334 12.2221997016 13.0012779699 13.1150370917 13.2234058497 13.3137686965 13.4041315433 13.49449439 13.5848572368
