Examples/results/velocity/asciifiles/KR2_140513_120000.JPG_interpmap.txt
ncols 222
nrows 349
xllcorner 447130.0
yllcorner 8755260.0
cellsize 10.0
NODATA_value -999.999
[rows 253 to 275 of 349, columns 0 to 52 of 222]
-999.999 -999.999 -999.999 -999.999 3.4986314401 4.33646403538 4.14820400724 4.30502091227 7.02097483696 7.20458342175 6.04481466417 4.80573322326 4.07961369159 4.29748829555 4.46856242785 4.63767046092 4.82920352086 5.0207365808 5.1782988857 5.33154243245 4.93080226295 4.28421738027 3.93242861796 3.96660400635 4.0144895122 4.06237501805 4.1102605239 4.15814602974 4.15348634081 4.13273152366 4.11197670652 4.09122188937 4.07046707222 4.05102905072 4.01049622697 4.36898040966 4.84685398861 5.32472756757 5.55273133175 5.45934303191 5.30229257331 4.93944003741 4.67183088356 4.72330450154 5.10239109755 5.07066986801 5.60033448093 8.23552354539 4.8105606859 5.04630275654 4.90055858403 4.76340352502 4.89059569583
-999.999 -999.999 -999.999 -999.999 3.73296432509 4.36419778696 4.07723575433 4.24526337358 7.22254192506 9.08809602548 7.82994530565 6.51091414355 5.19188298144 3.92943409778 4.315611119 4.59769720066 4.78923026059 4.95168622402 5.0659180793 5.06207250068 4.71726405545 4.27580180636 3.87114901264 3.91385095973 3.95655290682 4.0155374956 4.08674368601 4.15794987641 4.22179436708 4.23247601936 4.21164806825 4.19082011715 4.16999216604 4.14916421493 4.20220809139 4.46527728189 5.03948228718 5.61368729246 5.80141748491 5.438564949 5.0757124131 4.73255168416 4.58195329309 4.50839500784 4.95424109471 5.29423850114 7.6997279209 8.50355635428 6.6586039086 5.86844377185 5.43919814747 5.00995252309 5.04780464901
-999.999 -999.999 -999.999 3.36040296896 3.98672618499 4.25349352772 4.03433148223 4.18550583488 7.16278438636 8.97802038695 8.51484859023 7.17730286062 5.77974872879 4.38219459696 4.0871296323 4.2882318477 4.48224409274 4.60343164501 4.70537873418 4.76761466328 4.37905938781 4.0586543359 3.81009831603 3.87831935872 3.94952554912 4.02073173952 4.09193792992 4.16216053384 4.22559293347 4.2890253331 4.31151943638 4.29069148528 4.26986353417 4.24903558306 4.32531378018 4.44519015518 5.01939516046 5.13904406199 5.52178608396 5.21198478878 4.84913225288 4.64267409369 4.49207570263 4.34147731156 4.73933160101 5.15811343266 9.91069056912 9.83409473605 7.42459243507 5.5920439741 5.39227562085 5.1925072676 5.14744289258
-999.999 -999.999 -999.999 3.43316279776 4.24048804489 4.18458924141 3.99142721012 4.12574829619 6.7976415858 7.2864633264 7.23416171613 6.60513377909 5.97610584204 4.60414031165 4.02318912969 3.80579519886 4.12831150476 4.24825053509 4.32958541876 4.38199988933 4.14087279594 3.92407276829 3.99469386961 3.91291530736 3.96638437173 4.02592598344 4.09713217384 4.16595910023 4.22939149986 4.29282389949 4.35625629912 4.39056285341 4.3697349023 4.34890695119 4.43087823199 4.53184729374 4.34167560077 4.23266290644 4.78780102342 4.98540462856 4.70339489429 4.55279650322 4.40219811216 4.25159972109 4.52442210731 5.99161677249 7.78383456556 8.05515226284 7.86608828769 5.45658598672 4.87346898658 4.7267047989 4.90534472887
-999.999 -999.999 -999.999 3.6369883346 4.3587830482 4.1416849693 3.8506164291 3.70996777668 5.21876741568 5.59490626586 5.95347484204 5.32444690499 4.69541896795 4.0663910309 4.00820496787 3.79999119257 3.61856104776 3.82615424775 3.87820641823 3.93025858872 4.01868413528 4.09478238804 4.16540348936 4.19798390214 4.0157322987 4.06920136307 4.12625470081 4.14627000437 4.23319006625 4.29662246588 4.36005486551 4.42348726514 4.46960627043 4.44877831932 4.5364426838 4.39284738727 4.20424378415 4.55933814048 4.71733631892 4.81131005737 4.66857053304 4.46291891275 4.31232052169 4.16172213062 4.27300457948 4.56024563359 4.56732715617 4.83864485344 5.10996255072 5.38128024799 4.35466235232 5.07003815608 6.2453941863
-999.999 -999.999 -999.999 3.8907501945 4.29194272848 3.85970021095 3.48388189447 3.54021782049 3.69718366035 3.90334920531 4.27948805548 4.05076648843 3.92938845788 3.85920217756 4.10359964479 4.07146246303 3.84634375359 3.79867811936 4.03313850623 4.12487345829 4.0328356342 4.03706372763 4.12853546131 4.3125233389 4.08541879615 4.14355272127 4.13981649191 3.98615045267 4.08426088313 4.18237131358 4.28048174403 4.37859217448 4.47670260494 4.54864968745 4.42677765435 4.2538474808 4.40851305067 5.06044838919 5.25901297441 5.05642614406 4.82246667821 7.40184143542 9.76330777097 8.68429583486 8.87717292986 9.1988849375 8.68468918088 8.17049342426 6.76002724292 4.76895433811 4.00598340208 6.87684802468 5.83436537755
-999.999 -999.999 3.36769415542 4.1445120544 3.96010551161 3.51988397149 3.44547244174 3.51811524272 3.5907580437 3.77543724393 3.92657112161 3.77473043387 3.65165979021 3.84132166926 4.09129651543 4.24027497605 4.13471995819 4.10457437216 4.23367845694 4.21104139299 4.14651637224 3.88508334772 3.97583353236 4.41426092519 4.16085074173 4.21898466684 4.06692151664 3.90670207567 3.92414133143 4.02225176188 4.12036219233 4.21847262279 4.35987004648 4.51668770594 4.4477196252 5.24440109277 5.1359126777 5.60559772188 5.53550169661 5.30154223076 5.0675827649 5.16774554928 7.81902128898 10.4702970287 12.9316550857 10.9432103608 8.952137456 6.96106455119 4.96999164638 3.91149991395 3.77276376638 5.43077508066 4.38829243353
-999.999 -999.999 3.54101234411 4.0193529182 3.61149166524 3.34979708532 3.42336986396 3.49601266494 3.56865546592 3.64129826691 3.77218677051 3.69325011423 3.74402060565 3.8390595698 4.07899338608 4.22797184669 4.37695030731 4.38321802719 4.13005905514 4.2035563881 4.29554753852 3.80489682228 4.03705205672 4.49747673997 4.23628268731 4.15424598234 3.99402654137 3.8338071004 3.76402177973 3.86213221019 3.99675981914 4.17652324495 4.35628667075 4.4046111197 4.24558864888 4.31103511783 4.9158284996 5.34861500243 5.34876873339 5.42556633624 5.3126988516 5.07873938574 5.58492540284 8.23620114253 10.3150965203 9.15317476427 7.16210185946 5.17102895465 3.81701642583 3.67828027826 3.53954413069 3.98470213664 3.48781419906
-999.999 -999.999 3.794774204 3.66748805202 3.3293115153 3.34459330014 3.37495273903 3.44959180344 3.52423086785 3.59886993226 3.66412364869 3.68861421443 3.80898123537 3.92934825632 4.05174328939 4.17891109142 4.30607889344 4.46174298977 4.11159416884 3.85843519679 4.06759109997 3.71883081481 3.9537073233 4.49685970189 4.24157044804 4.08043202577 3.91902781655 3.75762360732 3.64018650539 3.81341301761 3.99317644341 4.17293986921 4.35270329501 4.25116802836 4.04345767255 4.2060901608 4.23944888264 4.90631759277 4.87328479006 5.00276719233 5.07956479519 5.15636239805 5.08989600658 6.00210525639 7.69853795492 7.36313916773 5.37206626291 3.72253293771 3.58379679013 3.44506064256 3.39043937944 3.56991289622 3.62260625893
-999.999 -999.999 3.72348443881 3.32052222923 3.33980107546 3.35371100254 3.36351619897 3.40010839275 3.47474745716 3.54938652157 3.59522550163 3.61115551587 3.62708553012 3.72571804648 3.84711954386 3.97062918671 4.09424212201 4.24980080165 4.15950587995 3.90791594641 3.77192095809 3.56312026849 4.21235351063 4.17356183978 4.05340148005 3.97936879744 3.81796458822 3.7479286458 3.69001703679 3.84215092261 3.99428480844 4.16935649347 4.34911991927 4.09772493702 3.8629249198 4.47142574554 4.20032845837 3.9292311712 4.13212300753 4.57996804842 4.65676565128 4.73356325413 4.81036085699 4.95340147327 5.08197938954 5.57310357118 3.62804944958 3.48931330201 3.54099564061 3.72194906397 3.90290248733 4.07003895445 4.14575993822
-999.999 3.44503635361 3.37161957263 3.33101178939 3.35029063562 3.36282870494 3.37263390137 3.3824390978 3.42526404646 3.49990311087 3.52632735457 3.54225736881 3.55818738306 3.5741173973 3.64344650917 3.74300222308 3.83525370997 3.92750519685 3.9696390307 3.87314030543 3.87851423962 3.91174500102 4.09622522441 4.02446500887 4.00885282035 4.28978997858 4.51373790129 3.59143746949 3.59497536213 3.78382189719 3.97266843225 4.16151496731 4.34838311148 3.80176103722 4.44521573154 4.43230532126 4.16120803409 3.89011074692 3.61901345975 4.15716890451 4.28602692851 4.68263808622 5.07924924393 5.4340000514 4.9678610182 3.7961324183 3.69155190177 3.87250532513 4.05345874849 4.23441217186 4.41536559522 4.57016501267 4.66891361752
-999.999 3.42761595942 3.32222250331 3.34150134955 3.36078019578 3.37194640735 3.38175160377 3.3915568002 3.40136199663 3.44149919326 3.4574292075 3.4681962201 3.47752210808 3.48684799605 3.494900859 3.49533195331 3.51435515142 3.6066066383 3.66413156122 3.66475375046 3.83733620162 3.99588469668 4.05090628182 3.93126465623 4.01171268685 4.2192097974 4.19977149691 4.22165166455 3.40244339142 3.46195432482 3.65080085988 3.83964739494 4.18355296822 4.30188722123 4.73482079267 4.27731112673 4.00402561085 3.73074009498 3.6751261625 4.07034608645 4.80848585687 5.20509701458 5.60170817229 5.69234844192 5.22620940872 4.92280917084 4.96224221566 4.97410037843 4.74577447321 4.74687527974 4.9278287031 5.0702910709 5.17423322577
-999.999 3.31343321724 3.33271206347 3.3519909097 3.37125891332 3.38106410975 3.39086930618 3.40067450261 3.38158984134 3.36452903195 3.36315433688 3.37248022486 3.38180611283 3.3911320008 3.40045788878 3.40139100535 3.40182209967 3.40225319398 3.41385603415 3.52059431065 3.65432817845 3.78806204625 3.88567057903 3.79126097577 3.69920558333 3.85854219821 3.88580509254 3.8996375155 3.85844967946 3.27890602439 3.3289332875 3.53325226052 4.10718314701 4.82345919451 4.74427887522 4.20185809592 3.82370474831 3.55041923244 3.86701727803 4.11642830913 3.7977977456 5.72755594295 6.12416710066 5.95069683245 5.6086996468 5.28970216705 5.25784956903 5.29728261385 5.33671565867 5.37614870348 5.78034534007 5.39340496669 5.674359284
-999.999 3.19510862833 3.22039339562 3.36248046986 3.38037661573 3.38421046993 3.35697581437 3.3297411588 3.30250650323 3.29066135245 3.28224979128 3.27676422961 3.28609011758 3.29541600556 3.30474189353 3.30745005739 3.3078811517 3.30831224602 3.32642403175 3.41942937348 3.52475532665 3.63008127982 3.74931887551 3.81817422184 3.71494100378 3.52042479558 3.57183868816 3.57762336645 3.61615686317 3.41418933567 3.15536865737 3.62050328728 4.47744556784 5.29615773707 4.75373695777 4.21131617847 3.66889539917 3.66368846961 3.91309950071 4.16251053182 3.7975781236 4.59925574045 6.64662602903 6.34655511574 6.03114748538 5.71211383319 5.55345692241 5.59288996723 5.63232301204 7.15349776448 5.31413960672 4.92316285028 5.33865655818
-999.999 3.20158910979 3.07435728756 2.97607238823 3.32720844984 3.30512713183 3.27789247626 3.2506578207 3.22342316513 3.21679367296 3.21470022402 3.19932467317 3.19037412233 3.19970001031 3.20902589828 3.21350910942 3.21394020374 3.22007370015 3.24531269294 3.31967675963 3.4250027128 3.54317937781 3.68617155842 3.82063203634 3.67855294944 3.486653921 3.18214946744 3.2556092174 3.29414271413 3.37795298398 3.79275775461 4.17117492674 4.02831367047 4.34074538864 4.15087230666 3.75984627381 3.69232973926 3.73527602507 3.9591817234 4.2085927545 3.95088400852 3.28854472838 5.12809925394 6.42725132982 6.45355915152 6.13452549932 5.84906427578 6.3247818738 8.51106271285 6.63776951593 4.76447631901 4.45292073388 6.62952439798
-999.999 3.20879139819 3.09498854529 3.01108768154 3.23876759756 3.21445567867 3.19880913816 3.17157448259 3.1450194424 3.14292599347 3.14083254453 3.1325548834 3.11639955507 3.10398401506 3.11330990304 3.11956816146 3.11999925577 3.13896236134 3.16420135412 3.21992414578 3.3370398801 3.45582572653 3.57643001672 3.64604724395 3.40922565151 3.31183919866 3.21445274581 3.11918002903 3.28547373212 3.45176743521 3.79611038411 4.36617071882 4.26773474889 4.07648000965 4.2131386467 4.1006558469 3.85061260926 3.93742908602 4.06629667626 4.25467497719 4.10418989344 3.4418506133 3.99961532159 5.16669275516 5.21834157929 5.40758990718 6.18321543756 9.82722960045 7.96139942514 6.08810622823 4.21481303131 4.97793624374 8.65381876499
-999.999 3.22273946744 3.13197676308 3.11092917429 3.15032674528 3.12349225943 3.10433770407 3.09249114449 3.07115176291 3.06905831397 3.06696486503 3.0648714161 3.04962976529 3.03347443696 3.01759390779 3.0256272135 3.03310608195 3.05785102252 3.08309001531 3.11210834735 3.20679249115 3.3322279971 3.49678691231 3.46627150056 3.21774923842 3.04251190072 3.07249398927 3.41991272196 3.50165887796 3.52558188644 3.76616235763 4.07722987375 4.29490185701 4.1245227577 4.16047201766 4.25893871689 4.01071455672 4.13958214696 4.2684497372 4.39731732744 4.31511971012 3.76427829744 3.8630854482 4.31609360172 4.81682218772 5.31755077372 7.07445234479 8.63699199984 4.56991397438 3.43378852751 4.91315373513 7.00223061075 10.678113132
-999.999 3.29519856218 3.18713524879 3.08872037885 3.061885893 3.03505140714 3.00821692129 2.99421972947 3.02654427541 2.99519063448 2.99309718554 2.9910037366 2.98285997552 2.96670464718 2.95054931885 2.92750783 2.94603492909 2.95886074577 2.97150119891 2.98414165204 3.08802597749 3.25258489269 3.4171438079 3.28649575718 3.03797349503 2.78945123288 3.02077550467 3.52527894098 3.60702509698 3.68877125297 3.77051740897 3.87859494503 4.01503242936 4.12359755945 3.84997407733 4.13202564138 4.21286761767 4.30294358713 4.2766077766 4.25027196607 4.23311215261 4.11505901392 3.82270835878 4.20744863713 4.72678305426 5.22751164027 7.21302834805 7.44675439923 4.49802383595 6.5256020979 8.55318035985 10.5807586218 12.4853644108
-999.999 3.26830537146 3.36387195924 3.31672303159 3.23206898305 3.16464343931 3.12349221846 3.09401071329 3.05705323999 3.00890553107 2.96075782215 2.91713605711 2.91504260817 2.89993485741 2.83028128405 2.7226173013 2.67635667437 2.69408486718 2.77537500631 2.87655950185 3.00202561569 3.17294178828 3.33750070349 3.10672001379 2.85819775164 2.6305900152 2.99109496894 3.62712040394 3.66459915585 3.73011759847 3.81004028417 3.95501580952 4.02504863099 3.99868411406 3.97231959713 3.94193798742 4.06696509153 4.09493216473 4.0685963542 3.88964427171 3.91795687078 4.09151095976 3.65840514535 4.01331118488 4.62012427455 5.17871316839 6.02279074744 6.25651679862 6.52749972307 8.25609579982 9.6534049112 11.0507140226 11.5357271794
-999.999 3.1626976381 3.25826422588 3.35383081366 3.44631081439 3.22775597325 2.96660905671 2.96283249325 2.95459862387 2.92589511679 2.89719160971 2.86848810263 2.83978459554 2.83781161699 2.73666317951 2.63551474202 2.59441151372 2.67447918631 2.75454685891 2.8346145315 2.91468220409 3.08486277628 3.17546653255 2.8554854976 2.64806036816 2.83128543971 3.0124653739 3.74588011978 3.74020931298 3.75229070002 3.85227906094 3.85207918251 3.84166019142 3.86075853707 3.87985688272 3.91481994807 3.71194682263 3.83740184682 3.8605849318 3.45352519909 3.35170901044 3.35712096298 3.36253291552 3.73951431403 4.28101010577 4.79375228267 5.10105925484 5.50478893634 6.32272327083 7.72003238221 9.11734149358 10.4931986414 10.0379433415
-999.999 3.1040302977 3.15265649252 3.2482230803 3.31206440507 2.99712478474 2.84431337902 2.83001688942 2.83120630664 2.81518653444 2.78648302736 2.7668183221 2.80179944154 2.83678056099 2.83367623509 2.73252779761 2.75704177759 2.83710945018 2.90659921985 2.95579914037 3.0049990609 3.14952450732 3.69344923716 2.69416135429 2.87825853056 3.20443006667 3.60710447375 3.79958954142 3.74362262509 3.68765570876 3.80248429621 3.82158264186 3.84068098751 3.87534820871 3.96104305061 3.93605065821 3.55127230279 3.48607670879 3.7190272954 3.52147324228 3.3979657581 3.40337771064 3.47105416375 3.41417002074 3.87359183472 4.10677975528 4.57915736646 5.09560322119 5.78665985321 7.18396896459 8.58127807597 8.99541480355 8.54015950368
-999.999 3.04595282204 3.04704875916 3.14261534694 3.13918178891 2.90639270794 2.80347247953 2.7366248197 2.71577022764 2.69958012003 2.69522788053 2.73020899998 2.76519011942 2.80017123887 2.83515235831 2.83960436886 2.89818982675 2.94738974727 2.99658966779 3.04578958831 3.09498950884 3.24722046034 2.89860129331 3.16133608264 3.15459092122 3.0195990941 3.27880615455 3.77375755366 3.57911055708 3.62054329097 3.8015050923 3.82060343795 3.90654241326 4.00726615315 3.98227376075 3.95728136835 3.42381936934 3.46765465477 3.64534708998 3.62084637127 3.44422250575 3.60021015564 3.56292051411 3.5060363711 3.44673171962 3.65352579657 4.16997165131 4.68641750605 5.2505964356 6.64790554698 7.95288626557 7.4976309657 7.04237566583
-999.999 -999.999 2.94943159825 3.03700761358 2.96629917276 2.79109892444 2.80335756706 2.67322987407 2.62893626038 2.63030424184 2.70954459059 2.7553890232 2.79183926816 2.82828951311 2.86473975807 2.70635359327 2.85119518482 2.99603677637 3.08658011573 3.13578003625 3.18497995678 3.08988061534 3.34866420324 3.38356275484 3.32634972323 2.9163680963 3.21985799913 3.54912078144 3.53919526528 3.15518817494 3.76312642417 3.93773661781 4.05348925569 4.02849686329 4.00350447089 3.97851207848 3.56355621034 3.39355285642 3.57166688456 3.69963238259 3.63355796309 3.68587562164 3.60420713647 3.4192357477 3.78546668611 3.59025946917 3.76078593617 4.27723179091 4.79367764565 6.11184212937 6.45510242772 5.99984712785 5.54459182797
