Examples/results/velocity/asciifiles/KR2_140508_120000.JPG_interpmap.txt
ncols 212
nrows 329
xllcorner 447110.0
yllcorner 8755460.0
cellsize 10.0
NODATA_value -999.999
[rows 207 to 229 of 329, columns 106 to 158 of 212]
2.86135170003 3.05450464651 3.49175678898 3.7904522636 3.42486839379 3.29150282516 3.15813725653 3.0247716879 2.70886880428 2.52431909191 2.33976937955 2.17273582699 2.57991434994 3.30626176447 3.06783257515 2.7726609654 3.06652577773 2.85297203655 2.76842035359 2.68167670443 2.44102031568 2.30380071671 2.69021132357 2.80309018482 2.71460707162 2.7005229782 3.11501032519 3.52200580356 3.90045371405 4.27890162453 4.49006211982 3.8841920735 3.35694759695 3.11063991444 2.86433223193 2.60294213679 2.58661388326 2.74049163143 2.83405628636 2.92064132444 2.99554822452 3.04050566034 3.0840224257 3.2447630257 2.99948374143 2.95298063262 3.37266491489 3.1128480196 2.74746003363 2.81137701471 2.91847921125 3.01208008041 2.98605349557
3.72545561019 3.89037273159 4.23415681538 4.31684223981 3.64876890393 3.5154033353 3.38203776667 3.11998987584 2.75267212789 2.56812241553 2.41488488777 2.43353047637 2.77477715232 3.10073436631 2.95707295855 2.89374892298 2.94774904402 2.4232303118 2.38969244919 2.35615458658 2.32261672397 2.3099116124 2.68076548268 2.82042865353 2.74406104247 2.57930810246 2.80705445755 3.18550236803 3.5517639227 3.81737147355 3.94431871718 3.34356935106 3.22284653683 3.23731944328 2.99101176077 2.70250196961 2.51260769082 2.60617234576 2.69973700069 2.79330165563 2.87539317535 2.91990217693 3.11924787259 3.32426942963 3.35710962052 3.40005872812 3.31293529033 3.05013056246 2.73069117626 3.22587639557 3.09495545476 2.89855796269 2.7658648999
4.24378672812 4.75529443887 4.97655684178 4.84323221602 4.11813320285 3.73930384544 3.60593827681 3.19272851784 2.79647545151 2.65703394854 2.5988533416 2.7125385066 2.79491411672 2.78063675205 2.76635938737 2.80949298564 3.01560293253 2.73504855735 2.73303680873 2.69949894612 2.66596108351 2.38836033912 2.67131964178 2.83776712223 2.67200900278 2.4359818059 2.59904292651 2.82228013769 3.1280791576 3.27162807091 3.39857531454 2.90221490849 3.01313337241 3.12405183633 3.11267830624 2.66648091786 2.50511566086 2.49416122321 2.58198770679 2.66981419038 2.75679397181 2.93116111429 3.10740795223 3.28365479016 3.46576450476 3.29337491306 3.20330370805 3.11618027026 2.76061019327 3.07424441486 2.87784692279 2.651621808 2.57682976981
3.80008944059 4.75657952613 5.71306961167 5.36962219223 4.64452317906 3.96320435558 3.69281663556 3.31328782346 2.9967446074 2.78930048178 2.85537784662 2.8990387325 2.91856940153 2.90293467097 2.9163324792 2.96960467864 3.08345682105 2.99386089132 3.07182152069 3.04284330567 3.00930544306 2.63448398344 2.25236778434 2.7647099031 2.50518420471 2.30734912776 2.68930898051 2.94993023035 2.67018920316 2.72588466827 2.85283191191 2.69250174407 2.81074421961 3.04284099579 3.00264464999 2.62816173284 2.58086912626 2.39947965398 2.47802335406 2.56584983765 2.64653051434 2.82117951585 2.99742635378 3.32713879222 3.51304482205 3.34065523035 3.16826563864 3.00654868797 2.86521279471 2.85713588288 2.62959738038 2.40620154404 2.38779463972
3.35639215306 4.3128822386 5.56601456918 5.02329236907 4.48057016896 4.06565859976 3.96621243441 3.65121279412 3.33621315383 3.02121351354 2.9905537998 3.03421468568 3.04284106402 2.98547397453 3.08083094091 3.13697591822 3.17471259592 3.25267322529 3.33063385466 3.38618766521 3.26272382686 2.87792475223 2.45968156194 2.13647431109 2.16882777549 2.47946810383 3.00854170463 3.19834313942 2.50491995408 2.31738597128 2.41465199223 2.67252507353 2.90509190138 3.13672297499 2.89438182369 2.69629608346 2.65662259165 2.47523311937 2.37405900134 2.45794260854 2.53626705688 2.7111979174 3.01768700475 3.37906819686 3.56032513934 3.38793554763 3.21554595593 3.04315636423 2.87076677253 2.60757295275 2.3687068816 2.21716641395 2.2161964438
2.99217074044 3.86918495106 4.94738847639 4.42052832411 4.17409064559 3.96183357776 3.90106146252 3.84028934729 3.68905815821 3.37405851792 3.07973678522 3.16939063885 3.08169284512 2.74668415723 2.49950821797 2.86622799182 3.10702420476 3.14609999552 3.34875814973 3.55141630394 3.47072754797 3.0439244651 2.61712138224 2.18430885013 2.02232653161 2.75505299179 3.32777442874 3.04513154379 2.33965070499 1.97915250786 2.61367843225 2.70617745546 2.79867647868 2.8911755019 2.5765848572 2.62349204765 2.64756488649 2.44625357344 2.35605068851 2.34767915107 2.42600359941 2.70823521727 3.06961640939 3.4309976015 3.60760545663 3.43521586492 3.26282627322 3.02719615778 2.75161594613 2.38349890719 2.10781638282 2.05037635963 2.29679946869
2.71282696877 4.87148458372 4.52896036994 4.28252269142 4.03608501289 3.87834412353 3.81757200829 3.75679989306 3.69602777783 3.63525566259 3.411903882 3.24884861761 2.87195177572 2.7964851411 2.8546177204 2.86923220403 2.96467192349 3.06821526722 3.06829883024 3.22213133482 3.49099134062 3.12183185972 2.69502877685 2.17470083404 2.09004108236 2.88900149435 3.64700715285 2.83732175609 2.30560164569 2.17514257462 2.47403991466 2.46062998238 2.5531290056 2.64562802882 2.42075998035 2.50555385914 2.45368776768 2.46486426238 2.47349958639 2.45585315251 2.39724016948 2.69450270545 3.11515323417 3.48292700614 3.65488577392 3.4301726652 3.17572833096 2.92128399672 2.58785763411 2.21974059517 1.92671327369 2.15027848969 2.41194884687
2.93679959431 4.57298949885 4.39095473724 4.14451705872 3.8980793802 3.7948546693 3.73408255406 3.67331043883 3.6125383236 3.55176620836 3.49099409313 3.4302219779 3.26973047433 3.04674241703 2.76983921563 2.85194813835 2.92829313516 3.00463813198 3.02130093906 2.98303198975 3.18975516473 3.19973925434 2.70948725658 2.16509281795 2.21491884158 2.93206486148 2.87405262915 2.3546498455 2.46583464207 2.42678665074 2.34779683609 2.31675516202 2.30758153252 2.40008055574 2.30272094924 2.38952890008 2.32740974167 2.51968281644 2.59094848426 2.56702405143 2.43769584035 2.51350559312 2.93153142173 3.35218195045 3.66285402724 3.32426050415 3.06981616991 2.79221636104 2.4240993221 2.50964449949 2.28604834077 2.66150917329 2.71430356348
3.3844494132 4.27136369064 4.25294910455 4.00651142603 3.7721373303 3.71136521507 3.65059309983 3.5898209846 3.52904886937 3.46827675413 3.41661552368 3.36815208091 3.25317070444 2.92452593752 2.59588117061 2.83466407268 2.91100906949 2.86657084585 2.81304326482 2.81378115995 3.0082056445 3.14975122064 2.66019628071 2.13399590847 1.95836840688 2.04446247111 2.27180980087 2.42495903993 2.57412908866 2.550054011 2.2357339152 2.19854856433 2.16136321345 2.15453308265 2.18599181686 2.27350394102 2.36958533283 2.5618584076 2.70750293844 2.6074797223 2.47815151122 2.43037684606 2.74790960928 3.16856013801 3.60717437391 3.37463008841 2.96437348788 2.96457376632 3.12123627749 2.89764011877 2.67404396005 3.34299178073 3.39578617092
3.9848600423 3.96973788243 3.95461572255 3.86850579334 3.68864787607 3.62787576084 3.5671036456 3.51578672374 3.46732328098 3.41885983821 3.37039639544 3.32193295267 3.2734695099 2.97149184992 2.8463765383 2.8829097789 2.72769355394 2.65831317161 2.60478559057 2.64453033014 2.72906560955 2.83251766468 2.48616293825 2.09048168865 1.97053505825 2.08969144719 2.30807036463 2.47435787153 2.64064537843 2.49928400868 2.15308960766 2.09941666652 2.12240795539 2.12623308753 2.15887565202 2.2287272931 2.33528577623 2.51825056736 2.69681259027 2.64793539317 2.51860718209 2.38927897101 2.61556177833 2.98493832556 3.42846572196 3.57425385851 3.55139002706 3.66187078673 3.50923189677 3.28563573805 3.06203957934 4.02447438817 4.07726877836
3.90436166458 3.94542021028 3.82462983919 3.7038394681 3.62514022281 3.56649448104 3.51803103827 3.4695675955 3.42110415273 3.37264070997 3.3241772672 3.27571382443 3.22725038166 3.07606952105 3.43020561345 3.26088777893 3.05433066485 2.86677716287 2.72853182842 2.58832329082 2.44745270237 2.51528410871 2.33401544858 2.21151463818 2.08901382777 2.16211396939 2.33035028701 2.41146689063 2.57000197707 2.43172802149 2.20497477344 2.24476730929 2.25232383278 2.22053010141 2.22919974847 2.30229783923 2.39504689262 2.487795946 2.58046211658 2.54106881632 2.50678264379 2.42973464188 2.53243303126 2.80131651311 2.97390962106 3.14538560398 3.31686158691 3.51714313717 3.71959541149 3.67363135734 3.45003519862 4.50682555132 4.7587513858
3.84981031342 4.16797911996 4.01795058742 3.66004588052 4.13671044921 4.05813187886 3.97955330852 3.90097473817 3.82239616783 3.74381759749 3.66523902714 3.5866604568 3.50808188645 2.92238242028 3.71960661676 3.43080766406 3.14200871137 2.85320975868 2.90129718091 2.70966717595 2.49069040382 2.44172504549 2.40230095239 2.28140850129 2.18096329465 2.22176703818 2.13031401309 2.27608767527 2.52396327965 2.36363579358 2.33199249858 2.25558403899 2.34217410173 2.3148271153 2.29952384492 2.37586838536 2.46861743874 2.5607322262 2.64881989036 2.6175205922 2.54020285239 2.46288511257 2.5746094033 2.63487663728 2.8063526202 2.97782860313 3.1699632133 3.37241548761 3.57486776193 3.77732003625 3.8380308179 4.8487438163 5.23710852875
4.71489699178 4.31652745707 3.90565507007 3.54775036316 3.9630722078 4.56970210526 4.49112353492 4.41254496458 4.33396639423 4.25538782389 4.17680925354 4.0982306832 3.64972670426 2.97568260346 2.45033376358 2.71459197555 2.97885018752 3.24310839949 2.9880047038 2.707580679 2.48860390687 2.44008786436 2.36878513529 2.29748240623 2.21678045875 2.23317940801 2.16128874392 2.23004897784 2.47792458222 2.41921768787 2.30129795037 2.26662543297 2.42192021229 2.4056902084 2.37733039782 2.44943893148 2.54100233582 2.62908999998 2.71717766414 2.72257066122 2.6452529214 2.57955023956 2.64624429285 2.46731963642 2.63879561935 2.82278328942 3.02523556374 3.22768783806 3.43014011237 3.68369674907 3.99256873896 4.65883257951 5.1561772415
4.94058034883 4.31836570855 3.79335955271 3.43545484581 3.74649666331 4.93903097915 5.00269376132 4.92411519098 4.84553662063 4.76695805029 4.68837947995 4.37707098824 3.70302688744 3.03233748848 2.3653401581 3.1251554899 3.38941370187 3.65367191384 3.09714442216 2.45819416912 2.48651740992 2.39123878484 2.27703149081 2.16282419678 2.07650243253 2.2378984047 2.42700192245 2.41243559101 2.50537141852 2.34701186175 2.17050684588 2.3332401919 2.50166632286 2.48543631897 2.46920631508 2.52127244544 2.60936010959 2.69744777375 2.78553543791 2.82895795079 2.7257933372 2.58741259007 2.47535992634 2.29976263557 2.47560336555 2.67805563986 2.88050791418 3.2030784804 3.53204542423 3.86101236805 4.11449492722 4.35334415687 5.39220800954
4.87551423685 4.32020396003 3.76489368321 3.32315932845 3.52992111883 4.72245543466 5.51426398772 5.43568541738 5.35710684703 5.27852827669 5.10441527222 4.43037117142 3.76135320307 3.09435587269 2.42735854231 3.51044322603 3.79997721622 3.93464588993 3.20628414051 2.47792239108 2.1569041039 2.09412446698 2.03134483005 2.02439891512 2.02391715779 2.24261740138 2.45887693396 2.56237737326 2.57157768302 2.3854845378 2.19627429943 2.35169100735 2.53840265576 2.50395760675 2.47004424681 2.50605330632 2.59152456162 2.67699581692 2.6568733575 2.57686866557 2.41256080546 2.29166049038 2.21946613815 2.13220563471 2.39349326791 2.72246021174 3.05142715556 3.38039409939 3.70936104322 3.99757188582 4.23642111547 4.47527034512 5.03929457916
4.91588011574 4.32204221151 3.76673193469 3.21142165787 3.31334557435 4.50587989018 5.69841420602 5.94725564378 5.86867707344 5.79009850309 5.1577154554 4.49036891765 3.82337158727 3.1563742569 2.48937692652 3.01169255289 4.21054073056 4.04378560829 3.31542385886 2.58706210943 2.1395497062 2.10686038399 2.07417106179 2.04148173958 1.96775279315 2.17296885161 2.37818491006 2.50210400637 2.5926757087 2.55785050473 2.36589136189 2.24089489533 2.41574585974 2.47180434916 2.46651024719 2.49014233588 2.44717577005 2.42841869 2.40966160995 2.3015116514 2.17365873158 2.09220589484 2.01801140027 2.24141192008 2.5708088869 2.89977583072 3.22874277455 3.55770971838 3.88064884443 4.11949807407 4.35834730372 4.59719653337 4.83604576302
5.76725880712 4.89500549682 4.02275218652 3.21325990935 3.09677002986 4.2893043457 5.48183866153 6.45882587018 6.38024729984 5.88638196261 5.21938463223 4.55238730186 3.88538997148 3.2183926411 2.55139531073 2.51294187975 4.45054717431 4.20638427089 3.65418303849 3.10198180609 2.54978057369 2.27811130877 2.24542198656 2.17096033163 2.03352988629 2.09227682771 2.29749288617 2.40880896248 2.52091776429 2.73075638959 2.55273850309 2.50556587987 2.45947672984 2.43965109157 2.51270374333 2.59913876841 2.6138268014 2.37910246075 2.16244986239 2.07845832829 1.98958595356 1.92681018039 2.10441000097 2.41814289057 2.7480174603 3.07709144971 3.40605839354 3.73502533736 4.00257503268 4.24142426233 4.48027349198 4.71912272163 4.95797195128
6.11161752754 5.7463841882 4.8741308779 4.0018775676 4.40843719438 5.79683408305 6.1175116013 6.45779743288 6.6153976772 5.92567165093 5.22714324204 4.52861483314 3.83008642425 3.13155801535 2.43302960646 2.10682655942 3.63002888787 3.77175841274 3.65564170073 3.53952498871 3.11707959448 2.56487836208 2.41667291134 2.28453171754 2.1471012722 2.01158480381 2.21680086227 2.31551391858 2.51616865085 2.72600727616 2.73958564428 2.73311826599 2.72414771438 2.61403262282 2.52865420094 2.71368065652 2.85221528762 2.50462981844 2.05857272839 2.25049658019 2.19202054932 2.09320447265 2.25352090286 2.59487386107 2.9247484308 3.2544070687 3.58337401252 3.88565199128 4.12450122093 4.36335045058 4.60219968023 4.78711082683 4.7828732787
6.24372006962 6.59776287957 5.72550956928 4.85325625898 6.1773050789 6.09120439199 6.36849598894 6.64578758589 6.49657339491 5.71495702272 5.01642861382 4.31790020492 3.61937179603 2.92084338713 2.22231497824 2.18991630562 2.7304252712 2.675762522 2.55964580998 2.44352909797 2.47370329157 2.51290760486 2.47130377315 2.38266439392 2.26067265811 2.12324221278 2.13164717236 2.30158091212 2.51141953742 2.72125816272 2.92643278548 2.94881810073 2.95736759458 2.81263739895 2.66790720331 2.60253432599 2.61969372172 2.30924306151 2.0677550312 2.38442636118 2.38457571099 2.3847250608 2.191138786 2.48212923364 3.01095139267 3.43135397102 3.76068963151 4.00757817954 4.13028989465 4.12605234652 4.12181479839 4.11757725025 4.12845520962
6.37582261171 6.94775604866 6.57688826065 5.70463495036 6.54698340395 5.85881067808 6.13610227504 6.35914327104 6.49979446832 5.59349778188 4.8057139856 4.10718557671 3.40865716781 2.71012875892 2.17390852283 2.27300605182 2.33531870931 2.37258004861 2.4117843619 2.45098867518 2.49019298846 2.43359482683 2.36705824661 2.28309107597 2.19445169674 2.08814104453 2.08535347482 2.29540161502 2.50544975521 2.71549789541 2.9255460356 3.0512501624 3.05246607273 3.00962735851 2.92239617026 2.77510909991 2.35673781683 2.06267761499 2.076937334 2.51835614217 2.52515209461 2.83884419798 2.47241652636 2.18191540539 2.71073756442 3.25517629659 3.64438491542 3.5838292345 3.52327355359 3.46271787268 3.45228122181 3.44804367367 3.5336965762
6.50792515379 7.07985859075 7.42826695203 7.16221752821 6.27205979657 5.62641696418 5.90370856113 6.06544479049 6.20609598777 5.60264392748 4.69042216884 3.89647094849 3.19794253959 2.4994141307 2.25699826903 2.32606432906 2.3554007078 2.3890697455 2.42827405879 2.45889123654 2.39235465632 2.3258180761 2.23345271347 2.11623977273 2.10050266653 2.36737477351 2.07654679434 2.28659493453 2.49664307473 2.70669121492 2.88112022281 2.99803254929 2.93864415144 2.87615421533 2.81366427922 2.96915460324 2.63180205558 2.23196518296 2.37239858423 2.58973388456 2.83295302095 3.15855955296 2.92650848984 2.26385677568 2.6214698521 3.39748214147 3.38782337482 3.3272676939 3.26671201299 3.20615633208 3.1619869332 3.19986189598 3.3555710715
6.64002769588 7.21196113283 7.78389456978 7.42868639046 5.99713618919 5.39402325028 5.63109511267 5.77174630995 5.91239750723 5.61179007308 4.69956831445 3.78734655581 2.98722791137 2.28869950248 2.31680994882 2.34614632756 2.3754827063 2.40555944239 2.41765106602 2.33505856497 2.23054405348 2.12602954198 2.02149721893 2.23888339314 2.57110425267 2.3674499186 2.06774011385 2.27778825405 2.48783639424 2.69508520406 2.81199753054 3.16039654175 3.0442897652 3.13053773267 2.8388746265 3.09205523349 2.82302935197 2.48218824428 2.46569763381 2.52024612347 2.5825977632 2.90820429521 2.77370407983 2.25332335573 2.79975439522 3.20648601582 3.13126183422 3.083519217 3.03972117996 2.99592314292 2.95212510588 3.1258907072 3.33911961245
6.62898882564 7.2089517518 7.61860032407 7.11471196921 5.72221258182 5.16162953638 5.33739663212 5.4780478294 5.61869902668 5.62093621868 4.70871446005 3.79649270141 2.88427094277 2.30755556858 2.32577475819 2.32438670964 2.32299866109 2.40000068016 2.49886745971 2.42870997345 2.3585524872 2.28839500094 2.37121446282 2.70948497928 2.70241850378 2.36752506369 2.05893343337 2.26898157357 2.47902971376 2.62596251179 2.94877594717 3.33878773888 2.99305994836 3.07930791583 3.1594906715 2.97557634943 2.34263641977 2.4137508569 2.43507694183 2.45640302676 2.50530685205 2.65784903747 2.62089966981 2.57391728367 3.13220300491 3.7129189675 3.15558506073 2.87365738967 2.82985935263 2.78606131559 2.82215539154 3.05191951842 3.57071041209
