Examples/results/velocity/asciifiles/KR2_140510_120000.JPG_interpmap.txt
ncols 286
nrows 445
xllcorner 446880.0
yllcorner 8754270.0
cellsize 10.0
NODATA_value -999.999
[rows 144 to 167 of 445, columns 106 to 158 of 286]
6.14823977897 8.19277547951 8.23308069548 6.9997234987 6.18095173922 5.36217997975 4.84693215882 4.50301490111 4.18887086753 4.52242235904 4.74269257705 4.90781768528 5.04616023537 5.18362122651 5.18749375222 5.15984370314 5.28896178599 5.28921621097 5.30416021551 5.24794151696 4.61471073436 4.67027120325 4.68504792213 4.67708037017 4.89890977558 5.14367084536 4.95707463752 5.37165683075 5.6518727395 5.14936418468 5.72522620222 6.07787500919 5.92534640095 5.89932732437 5.87716958879 5.85501185322 5.66803906937 5.40440306729 5.13251651051 4.86062995373 4.58874339694 4.31685684016 4.04497028338 4.24131625198 4.56246183329 4.91528122596 5.54704562734 5.98876924216 6.18525723339 4.65684742035 4.74239932136 4.82795122236 4.97456644041
7.56766492723 9.61220062777 9.14523369475 7.66170663016 6.84293487069 6.02416311121 5.20539135174 4.35985107985 4.17738181583 4.52000005277 4.59930175567 4.86090644323 4.83453787833 5.06945277483 5.29879450329 5.43625549443 5.4572868911 5.44755332386 5.39024714509 5.33294096632 4.84193509169 4.84512692519 4.72332691194 4.75113919025 5.19068868124 5.3426497764 5.48461970174 5.8641286354 6.14878241977 5.41789662822 5.99375864576 5.93522237042 5.78269376218 5.69380587735 5.67164814178 5.69502554494 5.63065463411 5.46086716721 5.31079495025 5.19458361793 4.93402000431 4.67345639069 4.41289277707 4.19163750264 4.02843724906 4.14770582475 4.65607904487 4.92193139179 5.12197928828 4.69754047245 4.78309237345 5.28294126755 5.2789508277
9.06167795785 11.0196246955 10.057386694 8.32368976162 7.50491800215 6.52356749208 5.46916357142 4.41475965077 4.05173865196 4.463693415 4.66851395827 4.77827808931 4.84722799851 4.96610267548 5.17550849518 5.38491431489 5.97919858314 5.32534506453 5.2442175533 5.19714580524 4.94737454967 4.9972538247 4.81662110178 4.88939759746 6.17274275233 6.01459956019 5.64793880225 6.35197773519 6.62785040213 5.68642907176 5.9450983399 5.79256973165 5.64004112341 5.48828443034 5.46612669476 5.53749775937 5.55458372653 5.38479625962 5.21500879272 5.04522132581 4.8754338589 4.76896949891 4.66990773333 4.49140585766 4.28109867739 4.06514198893 3.98175183209 4.59387162267 4.99149152878 5.44546691959 5.65908431972 5.54268003767 5.42627575561
10.6753400727 10.3564763589 9.58418645951 8.6776198999 7.63408933315 6.578476063 5.52407214234 4.46966822168 4.19805985294 4.60342767846 4.7156043977 4.72265240697 5.33658969971 5.04264862467 5.25205444438 6.8530429314 7.00337433109 5.26883086362 4.9679153675 5.11116764255 5.13642090849 5.49207921725 4.8973767392 5.80165185812 7.99594239072 7.30787884274 6.61981529476 6.8213514124 6.80288558687 5.95496151531 5.80244570113 5.64991709288 5.49738848464 5.34485987639 5.26060524775 5.3799699738 5.47851281895 5.30872535204 5.13893788513 4.96915041823 4.79936295132 4.62957548441 4.44765712204 4.45265939645 4.33817668155 4.17427806831 4.27843132347 4.89055111405 5.58165342644 6.08054218042 5.8011744822 5.64712485722 5.49307523224
11.0509771623 10.5008310995 9.38024203543 8.20752714567 7.48633889332 6.6817984282 5.6156457413 4.54941087705 4.28326017938 4.5715563357 4.56523963255 4.54334527664 5.81686427734 5.69884381248 5.59345187344 6.40562919417 6.63715830047 5.43764072901 4.85246042501 5.24157708623 5.44637519583 5.13253688774 5.02498352216 4.45672270665 5.25069080923 5.50056093889 6.01957203956 6.42275185393 6.07000129218 5.72847967595 5.61754646598 5.50661325602 5.35473584587 5.20220723762 5.05508380074 5.22244218823 5.40244191137 5.23265444446 5.06286697755 4.84330808669 4.47892079886 4.39512232552 4.60111861982 4.67216609196 4.45100580962 4.52347203596 4.5967173938 5.38114347613 6.17341971921 6.61094336054 6.07266662166 5.91861699668 5.64197402273
11.0966587201 10.0426188784 8.58149831871 7.65718267767 6.94602041738 6.23485815709 5.51154579246 4.66187360043 4.36637654472 4.54209249484 4.58882413317 4.52640830748 6.18132555711 6.94614272041 6.68515353621 6.38058596438 6.27094226986 5.48094642433 4.70522459498 5.49986714695 5.92710125613 5.50099004 5.15259030512 5.44122892227 4.52478312265 4.78406988476 5.30308098544 5.53355112998 5.52505721602 5.47307519445 5.17646595358 5.06553274362 4.95459953365 4.86244585531 4.97412468699 4.79676195166 5.18156881081 4.87457176351 4.51018447568 4.24356873447 4.38889583607 4.53422293766 4.85423329143 5.04810244821 4.88420096277 5.43567789248 5.47104649406 5.65872608538 6.30115073837 6.76494348471 6.31470973362 5.96013204 5.49952398877
10.4876157901 8.77130073262 7.55026149072 6.95131004136 6.19720770117 5.42583746389 4.91226117484 4.55199593443 4.32982101938 4.46253962062 4.60370181032 4.57628321986 6.02331517923 7.16296088204 6.97001114095 6.13695292398 5.47600641188 4.89780119236 4.70791456647 5.29714382032 5.81915972331 5.92910565286 5.59304148798 6.89141496022 4.73523026138 4.77110005678 4.79937264351 5.16464503679 5.32507200065 5.23292596612 4.90342592543 4.75480404253 5.51708655773 5.31866506053 4.85715088438 4.52997250779 4.318885946 4.17706086468 4.23734224503 4.38266934662 4.52799644822 4.70654048099 5.10734796304 5.42403880446 5.37505355024 5.92653047996 6.42460190227 6.59974139375 6.80907858648 6.92017984873 6.48192295566 6.04818853255 5.65747319903
7.47018008573 6.54512623108 6.55171632391 6.07192694942 5.35129540812 4.67324179764 4.42929701364 4.54029624807 4.45961929873 4.38194039285 4.5241489361 4.62615813224 5.93182665354 6.6710474433 5.68446465236 4.83462222417 4.32340679035 3.81434602584 4.44021614875 5.06842984589 5.66664796939 5.77659389894 5.88653982849 5.84359183167 4.74563085254 4.76258064683 4.86948013323 4.97792175527 5.10170173432 5.20440731288 5.50451332031 5.96042989265 5.66320543407 5.20169125792 4.74017708178 4.40659597294 4.18134455224 4.23205454056 4.37644285717 4.52176995877 4.66709706036 4.95965515259 5.36046263464 5.76127011669 5.86590613772 6.41738306743 6.77031456623 6.92948109078 7.05694279961 7.06412575016 6.67403625268 6.25749439539 5.5347901596
7.05828793794 6.48919682583 6.03523025717 5.13674655411 4.50538311508 4.36940405698 4.48438326046 4.60097644781 4.58005661285 4.26444538363 4.41804872263 4.57253583561 5.64375473677 4.97028007015 4.45801668266 4.3223283497 4.18664001674 4.05095168378 4.25895290371 4.88922878983 5.47845512257 5.63198011743 5.84257489109 5.56225694332 4.70994909004 4.80175956482 4.98931780742 4.95058235514 5.06996401353 5.24074555511 5.25050694969 5.86566572147 6.30157162682 6.32398754187 5.06048098276 4.4820756714 4.24569333575 4.38250498482 4.51931663389 4.66087057091 4.81196234215 5.2127698242 5.61357730625 6.01438478829 6.35675872519 6.64346125328 6.88161835414 7.05636892116 7.14649465428 7.19236693489 6.80227743741 6.513397395 5.52811689949
6.32392630535 6.13991642201 5.76277326923 4.79873698959 4.3351637263 4.44659499723 4.56318818459 4.63750608623 4.46754372793 4.29758136962 4.30238573746 4.52745736907 4.81710186807 4.70263097019 4.50963687118 4.47026503311 4.42324567468 4.28755734172 4.35694386284 4.82962823818 5.42968365759 5.626419103 5.83762311979 5.85090465702 4.63117195737 4.81974703356 5.02656777016 5.01897865514 5.19327796958 5.50138743973 5.88148521399 6.10777852337 7.08889220923 6.88453613902 5.13173005289 4.93579131064 4.40179350784 4.36262312041 4.54838837813 4.73415363586 5.07691581326 5.48209761647 5.88727941967 6.26196863233 7.16267499147 8.37352758765 8.57342761112 7.50383881346 7.23604650894 7.32060811962 6.76743735166 6.71710739447 5.71984698839
5.76209815239 5.44488885916 5.31866041981 5.13111713968 4.42110274168 4.52549872195 4.64199310872 4.52499320131 4.355030843 4.33269709476 4.18970804869 4.5599754232 4.92624546804 4.71004346194 4.54535228078 4.50598044271 4.46660860463 4.42723676655 4.63297662475 5.150453008 5.43477140776 5.61850611208 5.52199327791 5.19165435274 4.62218613447 4.69471917405 4.90333223362 4.99109537457 5.38486339991 5.81621468186 6.16722929223 6.30178208932 7.22542549866 6.26849028861 5.84656179616 5.43269843964 4.67773987547 4.08524052146 4.38327945403 4.56904471175 5.2775197295 5.6053193196 5.89795432399 6.19058932838 6.66162742405 7.7834467382 8.95109187004 8.56415578733 7.83386763723 7.1387531958 6.80743236548 6.90883748336 6.28096725179
5.48139981149 5.46954469289 5.01701885003 4.5150002799 4.33923136995 4.52514386719 4.68024005704 4.68095855619 4.66446653468 4.42215566536 4.17984479604 4.35113538679 4.82352476544 4.71745595369 4.58106769038 4.54511005938 4.51872431702 4.49233857466 5.11965223361 5.956263209 5.55327872427 5.2957375213 4.9446548701 4.58813619182 4.73905828651 5.174735811 4.68552699887 4.84133199506 5.13998809478 6.01959014374 6.51162936148 6.69331826077 6.7902108753 6.21187788741 5.76595313862 5.58511725305 4.94501638612 4.19872767894 4.08609282921 4.37114178898 4.7513113625 5.11574604078 5.45270640937 5.74534141376 6.52603614204 7.33831876127 7.73635739074 8.09967547107 7.36938732096 6.818589244 6.16480565223 7.1069142962 7.47791991534
5.78767543368 5.57957940866 4.93617655808 4.38893846138 4.10655055142 4.31416141637 5.00982394805 4.99623597461 4.75392510528 4.51161423596 4.27322987705 4.22727573139 4.6799884992 4.72415661632 4.6416988416 4.61531309924 4.58892735688 4.56254161452 5.49644717831 6.34456558811 5.27429742337 4.95840331803 4.68543103516 4.47327998545 4.85182430448 5.37752275086 5.91740130062 4.87338677119 5.42093259686 6.05799112019 6.28859445716 6.73382376386 7.0563664149 6.56925927315 5.58662735227 5.36468077725 4.94810815059 4.39026102568 3.77385716755 4.86001634743 5.07772577705 5.06052823533 4.98400518536 5.57700274927 6.35500483773 6.99931459054 7.05485299645 7.11283314734 6.99840890487 6.54974125408 5.8490184741 6.47394506754 6.45294042465
5.70025806681 5.30351477796 4.71394998568 4.32304983297 4.24480555058 4.51368761317 5.13434622406 5.03996021649 4.8312092876 4.62245835871 4.48446844791 4.53394277598 4.75283960027 4.76513331491 4.50196699999 4.68551613911 4.65913039675 4.73308961199 5.71034490317 6.3024452309 5.18966339603 4.57986056291 4.57331809233 4.71675082516 4.86348935429 5.4205352415 5.90821120656 5.5645136067 5.21499779556 5.62756745163 6.10082323767 6.82172559565 7.36642435182 6.96035293673 6.7416487874 5.53248316088 5.06861407749 4.74911203034 4.87223643869 5.18643076198 5.4041401916 5.49492237292 5.36040023588 5.67665909802 6.66609621188 7.07599886323 7.26208382542 7.50686564262 8.07357048243 7.45243983361 7.28653531159 5.0438850666 4.46385208003
5.63577707992 5.05944758907 4.53954911453 4.58612083001 4.65938784603 4.73265486205 4.96243607352 4.79636658477 4.67148179263 4.62105838205 4.57063497147 4.56514836749 4.70686245519 4.78661037346 4.5419024131 4.45455843513 4.7204053452 5.0525844712 5.64468479894 6.25836402089 5.55916381166 4.32497129381 4.53184310084 4.71823892777 4.85022855318 5.30729299614 5.7643574391 5.90387772175 5.23078130953 5.42625941953 6.13054961349 6.85145197147 7.4658378568 7.26539584078 7.55010002477 7.04603654652 6.54579981472 5.75820852017 5.00909711779 5.51284517653 5.73055460615 5.92931651051 5.79689862163 5.74588582834 6.8295434335 7.46089656014 7.79300179535 9.26381918231 9.67542490805 8.62484469517 7.23925474599 5.99317935105 4.61849582248
5.51995622466 4.95418730455 4.8451000017 4.87428252647 4.99739731961 5.12051211275 5.02959393022 4.98813497095 4.95993768752 4.93054320404 4.89520304262 4.94074912736 4.8173081263 4.78653375378 4.56337947165 4.31867151129 4.71340246436 5.06657796407 5.68902884889 5.99003518709 5.79520429938 4.28432260847 4.7110508041 4.76539611062 5.08791437103 5.34943137864 5.64873272379 6.1645589302 5.71605694529 5.5089145397 6.16027598931 6.88117834729 7.56493910948 7.72915819973 7.44716480701 7.96659106044 7.21086998133 5.95666552997 4.63965877743 5.08507857757 5.6344621785 6.18384577944 6.2922811307 6.26409107942 6.72438499265 7.28862603481 7.99085872117 10.5488150591 9.58504453418 8.19945458499 6.8138646358 5.46302359798 4.56711291283
5.42575225282 5.31666494998 5.20757764713 5.09849034429 5.16937404666 5.23957927122 5.26938173017 5.31109714127 5.39296046292 5.35762030149 5.32228014007 5.39702358825 5.53599456797 5.24369483866 4.98982144161 4.82354060149 5.03924926471 5.11969367689 5.74214456171 5.5646957184 5.3698648307 4.68926058624 4.76632257505 4.80952314575 5.21601495671 5.52593509865 5.71361391384 6.12956322075 5.79976577037 6.37044829616 6.79815728971 7.15204009036 7.505922891 6.48978007466 6.6938759097 7.81617031829 7.539089208 6.57814383666 4.7720734707 4.95149212253 6.11365930366 5.68873327019 6.61071292786 7.17484201613 7.2912482789 7.46514568612 7.74770863613 8.61150765994 8.81506266848 7.83932020025 6.4217771827 5.00423416516 4.48071578243
5.75814541781 5.62371706141 5.48928870502 5.35486034863 5.07611734018 5.03319469877 5.21880814831 5.45314847834 5.20943369943 5.10248948688 5.35650305569 5.78091926607 5.88915887469 5.62080712305 5.49252133209 5.35720383865 5.13546850527 5.1728093897 5.33418713743 5.13935624972 5.00572992549 4.95096782872 4.56956252552 4.83705120243 5.13941564741 5.45705660405 5.81217594458 6.24206332052 6.36831213628 6.69339731023 7.01848248417 7.21766164443 7.42524018358 7.58811531504 7.28274436499 7.49963461978 7.28723633769 6.64864109363 5.30042585024 5.37853899648 7.34066271931 5.2859479666 6.13215419949 6.71062500292 7.33499969675 7.29936831187 7.87679998749 7.73477532991 6.91883465178 7.08131027791 6.09521842396 4.83262792682 4.8364810483
5.72549768367 5.66045502847 5.59541237328 5.46784334174 5.21319759334 4.84702992143 5.16823456646 5.49321838171 5.29268223388 5.02363591571 4.95328063855 5.92215881959 5.86239778851 5.73722612158 5.61160623162 5.25598194288 5.02160420083 5.10367855645 5.00486153584 4.93607491499 4.86728829414 4.8458890726 4.75273496039 5.06089103262 5.30390094418 5.31419678629 5.73787639117 6.16656624698 6.52902738654 6.60256731235 6.67610723817 7.15403244536 7.24364343159 7.31906416051 6.83514392358 7.24402452169 6.64127969465 6.01569364384 5.48850729969 5.14529933828 5.21900118341 4.68399843061 5.04426177664 5.82645323639 7.01820095815 7.73044938518 8.29910056157 8.10371499375 7.28858397756 6.47345296137 5.65832194518 4.98917861022 4.66740801718
5.62242801041 5.55738535521 5.49234270002 5.42737177517 5.30730077895 4.86795996318 5.20004052082 5.47978172124 5.27269461309 5.47217367134 5.76893600775 6.06569834416 5.87576698339 5.62941206445 5.38305714551 4.76546417288 4.87232345243 4.98000174602 4.86641990449 4.79763328364 4.73008290537 4.74081031648 4.93939603603 5.24755210826 5.6837660185 4.78936184396 5.20877653951 5.87502339198 5.98599994881 6.1345528319 6.81083008731 6.97243569337 7.0620466796 6.61563641083 6.46725016348 7.03720602993 7.14233464666 5.71824938257 5.33024601065 5.17924017903 5.84808251305 4.63431806074 4.7962509988 6.26190715713 7.58278821565 8.76804994493 9.35925285474 8.45180570875 7.60424024963 6.65270766628 5.70117508292 4.92115102307 4.53910144235
5.51935833715 5.45742962075 5.39596966131 5.37978012479 5.10132679288 4.92398121662 5.19848323171 5.45317631186 5.54607971719 5.65889367409 5.77170763099 5.57337395084 5.48849507605 5.04835132312 4.67116100408 4.86612953751 5.10235178165 4.91855973331 4.79953228497 4.68108085339 4.66339508743 4.82905103671 5.40558031245 5.98210958819 6.55863886393 4.51290269275 5.19122880144 6.11599762236 6.49936000304 6.69973167885 6.76577638335 7.14847579345 7.53117520356 7.74132535628 7.45430646696 7.33183340423 7.48318693687 6.18796664326 5.46202842406 5.32589248014 6.67201814399 5.03176470252 5.07530775726 6.5780047622 7.41225072665 9.02819903594 9.99720782705 8.93005150124 7.86508240738 6.67678455555 5.72525197219 4.85312343592 4.45261394315
5.65992608577 5.64527472265 5.63062335953 5.61597199641 4.90881474479 4.89067033783 5.14233260645 5.39399487507 5.34121185498 5.44219335535 5.23624119051 5.03028902567 5.06877376254 4.8464092504 4.65921552811 4.60721227443 5.18252397617 4.86500287994 4.85723151088 4.83619363289 4.92253847425 5.39275887629 5.97352375381 6.56060767633 7.15379323919 6.51796889914 5.43907125532 6.32263748938 6.67467392044 6.59948248945 6.61725464537 6.67784473485 6.94843545492 7.03911957575 6.21524440339 5.93979009945 6.69427555522 6.22372293436 5.17376095257 5.46006440906 6.41359979552 5.48462755315 4.95870916707 6.39748431322 7.29036387637 9.15615406793 9.94486607753 9.47543426846 8.59650612802 7.38446249988 6.17241887174 4.92178544519 4.39956177982
6.03115230022 5.88146659427 5.86681523115 5.52278803973 4.92810854707 4.76050746577 5.06800292965 5.3003353459 5.10506059501 4.89910843017 4.69315626533 4.48720410049 4.53374135828 4.72862383731 4.72188883539 4.59112093705 4.96027716185 4.61690806139 4.95273812888 5.05034503173 4.97541798297 5.62644221718 6.28433604765 6.94222987813 7.6001237086 6.0327672387 5.59244825278 6.24098435899 6.50243831622 6.49923330006 6.52560487108 6.58619496055 6.64678505003 6.50793900661 5.92228145422 6.13884172038 5.86596477344 6.25210161384 4.96153339366 5.07079550525 5.66128901054 5.1452259212 5.05860810524 6.33130784231 8.06591892348 7.94482735707 9.38911731309 10.0208170357 9.32792984865 8.11588622051 6.90384259237 5.51797719321 4.37557401186
6.49774233845 6.29350873327 6.10300710276 5.54208184201 4.94740234934 4.62617534545 4.93367080932 5.2121461537 5.05414858931 4.9709919724 4.85611534992 4.71653495967 4.54066535088 4.56823019125 4.82888143444 4.35729620121 4.61182173331 4.77262347971 4.8701801223 4.95494113155 5.5131219605 4.9390199246 5.32985699678 5.72069406895 6.11153114113 4.50031581691 5.74582525024 6.01329018927 6.2747441465 6.39898411066 6.43395509679 6.49454518626 6.57736393196 6.54551174032 6.36809730686 6.13035894671 5.89262058656 5.46144053107 4.86239720375 4.84840833989 5.17251326156 4.84170557919 5.1485448716 5.89682826347 6.64511165534 7.69071350922 8.83336854865 9.77603595449 9.96070998045 8.84730994114 7.55119171517 6.11416894123 4.67714616729
