Examples/results/velocity/asciifiles/KR2_140508_120000.JPG_interpmap.txt
ncols 212
nrows 329
xllcorner 447110.0
yllcorner 8755460.0
cellsize 10.0
NODATA_value -999.999
[rows 184 to 206 of 329, columns 159 to 211 of 212]
3.53371463821 3.36951340224 2.61055308261 2.75100277759 2.97050798117 2.90179511921 2.9194465063 2.94982930809 2.98021210987 3.36196481515 3.97873236941 4.66447293144 4.46484926977 4.69483933375 6.47891205354 6.71310733949 6.94730262545 6.63325363132 5.54605817734 5.14363027136 4.6511041827 4.023394787 3.39568539131 3.20063714297 2.92537333523 2.65010952749 2.34827948607 2.23961151928 3.21207015314 4.21289512228 3.81981092705 -999.999 -999.999 -999.999 -999.999 -999.999 -999.999 -999.999 -999.999 -999.999 -999.999 -999.999 -999.999 -999.999 -999.999 -999.999 -999.999 -999.999 -999.999 -999.999 -999.999 -999.999 -999.999
3.66048546482 3.27546607746 2.92137951197 2.97974528334 3.04054113693 3.07743489381 3.11432865069 3.15122240758 3.18811616446 3.34242089565 4.06567249979 4.78778633325 4.68691808415 4.4965320356 6.57024553254 7.80434015516 8.03853544112 7.09040504042 5.32600079504 4.57933329625 4.17690539028 3.7744774843 3.37204957832 3.04480788843 2.72356843477 2.40232898111 2.08108952744 2.27572118907 3.21349119956 4.03311116584 4.67257263284 -999.999 -999.999 -999.999 -999.999 -999.999 -999.999 -999.999 -999.999 -999.999 -999.999 -999.999 -999.999 -999.999 -999.999 -999.999 -999.999 -999.999 -999.999 -999.999 -999.999 -999.999 -999.999
5.92719973495 4.83189788601 3.95114815626 3.52674445969 3.68020353067 3.73769825447 3.77459201135 3.65955879069 3.44097193324 3.43144790276 4.16271701999 4.89398613722 5.28737968591 4.69899751317 5.74609768858 8.44565173132 9.12976825679 7.54755644952 5.78315220414 4.01874795876 3.61260841517 3.21018050919 2.80775260322 2.66285107015 2.45637847614 2.13513902248 1.87096966112 2.31666339007 3.21491224598 3.85423164888 4.43976245102 -999.999 -999.999 -999.999 -999.999 -999.999 -999.999 -999.999 -999.999 -999.999 -999.999 -999.999 -999.999 -999.999 -999.999 -999.999 -999.999 -999.999 -999.999 -999.999 -999.999 -999.999 -999.999
8.06547151837 7.12254753066 6.46255821819 5.80256890572 5.10005551129 4.19324729179 3.99442719034 3.7758403329 3.55725347545 3.52047490987 4.24900339753 4.88707903327 5.6158148232 5.34551423893 4.98761395859 6.61284799354 9.64557682941 8.00470785862 6.24030361324 4.47589936786 3.04831144006 2.64588353409 2.27981886678 2.21896021897 2.15810157116 1.86794906385 1.91191186212 2.35760559107 3.2163332924 3.70265392993 4.3933624642 -999.999 -999.999 -999.999 -999.999 -999.999 -999.999 -999.999 -999.999 -999.999 -999.999 -999.999 -999.999 -999.999 -999.999 -999.999 -999.999 -999.999 -999.999 -999.999 -999.999 -999.999 -999.999
8.87916548527 8.76000798905 7.24657712463 5.73314626021 4.4072919952 4.07191691304 3.91718046325 3.76244401346 3.60770756367 3.58834406498 4.22641970072 4.86449533646 5.9442499605 5.67394937623 5.40364879195 5.03545286046 6.7139649648 7.59440850603 6.30995609214 4.93305077696 3.16864653157 2.08158655898 1.83592801559 1.77506936779 1.71421071998 1.60075910523 1.95285406312 2.39854779207 3.10248861577 3.55107621098 4.70228418161 -999.999 -999.999 -999.999 -999.999 -999.999 -999.999 -999.999 -999.999 -999.999 -999.999 -999.999 -999.999 -999.999 -999.999 -999.999 -999.999 -999.999 -999.999 -999.999 -999.999 -999.999 -999.999
7.87664600473 7.87966787355 6.36623700913 5.07362750232 4.02509388802 3.93848300432 3.79585008451 3.64111363472 3.48637718492 3.53901801815 3.89296670683 4.8718401019 4.95822239834 4.57999588442 4.41916354449 4.67860135861 4.57590865083 6.11115858054 5.54324018266 4.25878776877 2.97433535488 1.68988294099 1.53440468622 1.59902152863 1.66363837105 1.73828284299 1.99379626412 2.43948999308 2.95959951314 3.39949849203 4.5426418024 -999.999 -999.999 -999.999 -999.999 -999.999 -999.999 -999.999 -999.999 -999.999 -999.999 -999.999 -999.999 -999.999 -999.999 -999.999 -999.999 -999.999 -999.999 -999.999 -999.999 -999.999 -999.999
6.40874104205 6.54843846096 5.73996300944 4.50961292882 3.88731749191 3.80070660821 3.67451970576 3.51978325597 3.36504680618 3.55308171569 3.79344245139 3.85231816221 3.78708911589 3.68972234017 4.07500459239 4.4061470386 4.45073182401 4.01803708618 4.77652427317 3.49207185928 2.27129494614 1.85379236887 1.83183563331 1.89645247572 1.51401315243 2.05175083324 2.30133657221 2.48043219408 2.92612592303 3.26207054355 4.36285784597 4.38109199602 -999.999 -999.999 -999.999 -999.999 -999.999 -999.999 -999.999 -999.999 -999.999 -999.999 -999.999 -999.999 -999.999 -999.999 -999.999 -999.999 -999.999 -999.999 -999.999 -999.999 -999.999
5.88932621368 5.96426224473 5.17594843594 3.94559835531 3.74954109579 3.66293021209 3.55318932702 3.39845287723 3.32678467753 3.56714541322 3.5573958846 3.40436856409 3.32461654265 3.11838566208 3.34467978467 3.71388029593 4.01124923534 3.91979294092 3.46078748186 2.97280657914 2.55530400187 2.1378014246 2.1292665804 1.69402982591 1.52428644521 2.36521882349 2.7879104464 2.74183084013 2.96706812403 3.26349158997 4.18307388953 4.69504795058 -999.999 -999.999 -999.999 -999.999 -999.999 -999.999 -999.999 -999.999 -999.999 -999.999 -999.999 -999.999 -999.999 -999.999 -999.999 -999.999 -999.999 -999.999 -999.999 -999.999 -999.999
5.36991138531 5.18905141818 4.56632250406 3.69837558338 3.61176469968 3.52515381597 3.43185894828 3.27712249848 3.34084837506 3.43745351307 2.93783464983 2.64410238984 2.7954616998 2.56380496934 2.56314600615 2.86051494555 3.15788388496 3.45525282436 3.42412608907 2.98248019788 2.6602900756 2.33804924377 1.8740464994 1.4271729521 1.83775443546 2.67868681374 3.32856569258 3.22840471432 3.18232510806 3.2649126364 4.02712048422 4.46223776877 -999.999 -999.999 -999.999 -999.999 -999.999 -999.999 -999.999 -999.999 -999.999 -999.999 -999.999 -999.999 -999.999 -999.999 -999.999 -999.999 -999.999 -999.999 -999.999 -999.999 -999.999
4.85049655695 4.41384059164 3.79111167751 3.56059918726 3.47398830356 3.38737741986 3.30076653616 3.15579211974 3.31751114154 2.81789227829 2.31827341505 1.8186545518 2.16095450451 2.54274143918 2.72134706756 2.66734663447 2.61334620137 2.60188747398 2.89925641339 2.92845923723 2.56859213844 2.23616888746 2.10855596078 1.43589365533 2.44206065314 2.96747234217 3.37131254445 3.52628455672 3.35040151181 3.26633368282 3.87554276527 4.7198163207 -999.999 -999.999 -999.999 -999.999 -999.999 -999.999 -999.999 -999.999 -999.999 -999.999 -999.999 -999.999 -999.999 -999.999 -999.999 -999.999 -999.999 -999.999 -999.999 -999.999 -999.999
4.26135867922 3.6521094544 3.86288860546 4.79961771209 4.02640077464 3.25318383719 3.16299014004 3.12861503443 2.69794990676 2.40924950432 2.2506767973 2.27162993003 2.36936140874 2.75114834341 2.90451643944 2.86095106217 2.80695062908 2.75295019598 2.69894976289 2.64494932979 2.50369695534 2.24484606244 2.11223499097 1.99999022663 2.31009690788 2.72207183075 3.21827289194 3.54410031567 3.37535519194 3.26775472924 3.72396504632 4.87238848253 -999.999 -999.999 -999.999 -999.999 -999.999 -999.999 -999.999 -999.999 -999.999 -999.999 -999.999 -999.999 -999.999 -999.999 -999.999 -999.999 -999.999 -999.999 -999.999 -999.999 -999.999
3.72956359304 3.9403427441 4.15112189516 4.29747458029 3.84210615322 3.46465415152 2.9785784093 3.01494374145 2.82064164851 2.70759315013 2.72854628286 2.74949941559 2.77045254832 2.95955524764 3.06702592878 3.05455548988 3.00055505678 2.94655462369 2.88569589898 2.80734976118 2.56194370444 2.31203424355 2.19856972567 2.10077107488 2.07283111705 2.48480603992 3.13489005532 3.56191607462 3.41082891515 3.28351128152 3.57238732737 4.69260452609 3.72547671232 -999.999 -999.999 -999.999 -999.999 -999.999 -999.999 -999.999 -999.999 -999.999 -999.999 -999.999 -999.999 -999.999 -999.999 -999.999 -999.999 -999.999 -999.999 -999.999 -999.999
3.30128504705 2.97168565535 2.99757140049 3.18382188733 2.76671942411 2.6961980251 2.86617601112 3.14349239261 3.16450950296 3.17943186664 3.15110415219 3.12277643773 3.09444872327 3.09343859035 3.22953541812 3.24815991758 3.19206247284 3.12830860442 3.09044560536 3.0525826063 2.67043402455 2.41238080955 2.33191528916 2.25144976877 2.17098424838 2.40081280791 3.05150721869 3.57973183357 3.44630263836 3.31898500473 3.42080960842 4.51282056966 4.94237306499 -999.999 -999.999 -999.999 -999.999 -999.999 -999.999 -999.999 -999.999 -999.999 -999.999 -999.999 -999.999 -999.999 -999.999 -999.999 -999.999 -999.999 -999.999 -999.999 -999.999
3.21903683369 2.96952357998 2.8441250799 2.80117686696 2.78142483984 2.79400688254 3.0555973355 3.15768744557 3.12437991035 3.09329668433 3.06496896987 3.03664125542 3.00831354096 3.08645249184 3.24777852521 3.44188236022 3.43342388311 3.39556088405 3.35769788499 3.21474734151 3.22794222712 3.14100972925 3.01498274943 2.93451722904 2.42282917159 2.46444218002 3.1475485101 3.62377410492 3.48177636157 3.35445872794 3.31349198039 4.35158703852 4.71752326833 -999.999 -999.999 -999.999 -999.999 -999.999 -999.999 -999.999 -999.999 -999.999 -999.999 -999.999 -999.999 -999.999 -999.999 -999.999 -999.999 -999.999 -999.999 -999.999 -999.999
3.2455260684 3.11013922273 2.98474072265 2.88526365341 2.86523491362 2.98342820692 3.10723961332 3.08122178508 3.05213532007 3.01181648508 2.97883378756 2.95050607311 2.99315257297 3.07946639333 3.22330561584 3.2759216746 3.70067616274 3.66281316368 3.62495016462 3.4213398459 4.5604861735 4.29575089607 3.69805020971 3.28962324293 2.41271214446 2.49526303199 3.17836936207 3.7468978561 3.51725008478 3.38993245115 3.31491302681 4.20000931957 4.73734845979 -999.999 -999.999 -999.999 -999.999 -999.999 -999.999 -999.999 -999.999 -999.999 -999.999 -999.999 -999.999 -999.999 -999.999 -999.999 -999.999 -999.999 -999.999 -999.999 -999.999
3.37615336557 3.25075486548 3.1253563654 2.99995786532 2.94904498741 3.05679178107 3.03077395283 3.00475612459 2.97873829635 2.9395718948 2.89925305981 2.89985265411 2.98616647447 3.07248029482 3.17521258924 3.18762598915 3.37577179965 3.93006544331 3.85144453336 4.40590497231 4.24797698755 4.14385863824 4.13457102203 3.27950621579 2.40259511732 2.52608388396 3.30425666813 4.24704314765 3.55272380799 3.42540617436 3.31633407323 4.04843160062 5.0462701772 -999.999 -999.999 -999.999 -999.999 -999.999 -999.999 -999.999 -999.999 -999.999 -999.999 -999.999 -999.999 -999.999 -999.999 -999.999 -999.999 -999.999 -999.999 -999.999 -999.999
3.79867198811 3.62409180464 3.44951162118 3.27493143771 3.01222522625 2.97806209683 2.95187810375 2.92569411066 2.89951011757 2.93565260472 2.91129772568 2.85125349341 2.94398677995 3.03563253178 3.30082900254 3.4222014515 3.61011349813 3.95741775436 4.12149092807 4.08406659613 4.0466422642 4.0234315809 4.01414396468 3.54952387533 2.39247809019 2.56091169718 3.60493861378 4.64896553038 3.66180477501 3.46087989757 3.33356226395 3.89685388167 5.02235120622 -999.999 -999.999 -999.999 -999.999 -999.999 -999.999 -999.999 -999.999 -999.999 -999.999 -999.999 -999.999 -999.999 -999.999 -999.999 -999.999 -999.999 -999.999 -999.999 -999.999
4.64933753921 4.47475735574 4.30017717228 3.71034591981 3.14732683967 3.01109513582 2.87486343197 2.83383624711 2.82408413499 2.99684221336 2.87229787488 2.79661377808 2.88176724323 2.9616037422 3.36489210222 3.68491263166 3.86033412071 4.20294363034 4.21194587367 4.220948117 4.18999725763 4.15257292569 4.11514859376 3.52856019878 2.4188562201 2.86159364284 3.90562055944 4.94964747604 4.16195006656 3.49635362079 3.36903598716 3.74527616271 4.84256724978 4.28675778129 -999.999 -999.999 -999.999 -999.999 -999.999 -999.999 -999.999 -999.999 -999.999 -999.999 -999.999 -999.999 -999.999 -999.999 -999.999 -999.999 -999.999 -999.999 -999.999
5.50000309031 5.10457824325 4.49818415404 3.89179006482 3.28539597561 3.14619674924 3.00740673397 2.86236112846 2.95645671366 3.14384838418 3.17303873721 3.08560504811 2.85358286979 2.94424546095 3.42188767342 3.8995298859 4.11055474329 4.29197681942 4.30097906275 4.30998130608 4.31898354941 4.29592791912 4.23609815826 3.25057730302 2.85389718991 2.82381359916 3.97339159631 5.12296959347 4.66209535811 3.57671169391 3.40450971037 3.59369844376 4.67605359281 4.97280876789 -999.999 -999.999 -999.999 -999.999 -999.999 -999.999 -999.999 -999.999 -999.999 -999.999 -999.999 -999.999 -999.999 -999.999 -999.999 -999.999 -999.999 -999.999 -999.999
5.66213136126 5.40348798816 5.12225219865 4.57368135191 3.98057096667 3.20633650813 3.06129090262 2.94330463116 3.12806345288 3.12373230153 3.06605325421 3.15807291877 3.16138077836 3.01954824742 3.46185263892 3.9565254571 4.36077536587 4.38101000851 4.39001225184 4.39901449517 4.4080167385 4.41701898183 4.21490602353 3.81822591042 3.42154579731 3.0248656842 3.89666110921 4.69560978277 4.78237814813 4.07685698546 3.43998343358 3.44212072481 4.52447587386 4.75488059888 -999.999 -999.999 -999.999 -999.999 -999.999 -999.999 -999.999 -999.999 -999.999 -999.999 -999.999 -999.999 -999.999 -999.999 -999.999 -999.999 -999.999 -999.999 -999.999
5.03918806294 4.78054468984 4.52190131674 4.26325794364 4.10513910075 3.68763718796 3.11517507127 3.12358479804 3.07037465119 3.01488573837 2.9566695419 2.96897384787 3.2803939958 3.29270634409 3.46505426833 3.94666825621 4.19873811735 4.31845806851 4.34836668719 4.34844830892 4.34852993064 4.33031391008 4.26177101137 4.18924577515 3.9891944047 3.59251429159 3.8199306221 4.07460762392 3.96967454905 4.52411264232 3.49758168201 3.36491341723 4.37289815491 5.06380231629 -999.999 -999.999 -999.999 -999.999 -999.999 -999.999 -999.999 -999.999 -999.999 -999.999 -999.999 -999.999 -999.999 -999.999 -999.999 -999.999 -999.999 -999.999 -999.999
4.27657567432 4.15760139152 3.89895801842 3.75546009429 3.63796203606 3.28186145791 3.16476879989 3.26022917753 3.10461123492 2.94899329232 2.84993322678 3.01552305686 3.37462395205 3.34120805967 3.42961116156 3.90615836286 3.93241259354 3.8062682208 4.04697476642 4.2767008035 4.27527737137 4.20926860188 4.14161992454 4.06909468831 3.99656945209 3.92404421586 3.76348278587 3.72219456851 3.59722942211 3.71140904325 3.99176390437 3.38361324637 4.22132043596 5.35209788634 -999.999 -999.999 -999.999 -999.999 -999.999 -999.999 -999.999 -999.999 -999.999 -999.999 -999.999 -999.999 -999.999 -999.999 -999.999 -999.999 -999.999 -999.999 -999.999
3.46116453625 3.5346580932 3.37797645161 3.29234403196 3.17078497138 2.87608572785 3.16854372603 3.69074262647 3.53512468387 3.37950674126 3.15794464648 3.22650818445 3.41034372021 3.4094466813 3.41192817879 3.79223144248 3.66608706973 3.53994269699 3.51313033307 3.77549146432 4.04799393 4.08822329367 4.02146883771 3.94894360148 3.87641836525 3.86970220341 3.99175887133 3.95631562335 3.8038726897 3.62145052895 3.45314353744 3.42450125748 4.06974271701 5.1723139299 -999.999 -999.999 -999.999 -999.999 -999.999 -999.999 -999.999 -999.999 -999.999 -999.999 -999.999 -999.999 -999.999 -999.999 -999.999 -999.999 -999.999 -999.999 -999.999
