Examples/results/velocity/asciifiles/KR2_140508_120000.JPG_interpmap.txt
ncols 287
nrows 454
xllcorner 446880.0
yllcorner 8754180.0
cellsize 10.0
NODATA_value -999.999
[rows 264 to 287 of 454, columns 0 to 52 of 287]
-999.999 -999.999 -999.999 -999.999 -999.999 -999.999 -999.999 -999.999 -999.999 -999.999 -999.999 -999.999 -999.999 -999.999 -999.999 -999.999 -999.999 -999.999 -999.999 -999.999 -999.999 -999.999 -999.999 -999.999 2.05888531176 2.28722193154 2.51555855132 2.7438951711 2.93760697697 2.77132980567 2.89297482167 3.01461983766 3.24965775633 3.52975165917 3.80984556202 4.02650012234 4.20301284232 3.80307933366 4.8608847661 5.93444348266 5.56908478121 4.77780303803 4.54162617235 4.30148203241 3.97148004026 3.95419905189 4.12778446791 4.41085600362 4.69392753932 4.97699907503 5.30576258647 5.67363913322 5.45520624053
-999.999 -999.999 -999.999 -999.999 -999.999 -999.999 -999.999 -999.999 -999.999 -999.999 -999.999 -999.999 -999.999 -999.999 -999.999 -999.999 -999.999 -999.999 -999.999 -999.999 -999.999 -999.999 -999.999 -999.999 2.11973941755 2.34807603734 2.57641265712 2.8047492769 2.85777969792 2.80205565551 2.9237006715 3.05686854631 3.33696244915 3.617056352 3.89715025484 4.08272620931 4.25230939659 4.11682154531 5.19038026187 6.07155078857 5.0898609289 4.62397707461 4.38780020893 4.01504435088 3.84020678534 3.8748027558 4.06519674428 4.34826827998 4.63133981569 4.95161643044 5.31949297718 5.68736952393 5.52908048184
-999.999 -999.999 -999.999 -999.999 -999.999 -999.999 -999.999 -999.999 -999.999 -999.999 -999.999 -999.999 -999.999 -999.999 -999.999 -999.999 -999.999 -999.999 -999.999 -999.999 -999.999 -999.999 -999.999 -999.999 2.18059352335 2.40893014314 2.63726676292 2.8656033827 2.77795241887 2.83278150535 2.95442652134 3.14417323913 3.42426714197 3.70436104482 3.9624395763 4.13895229628 4.00640426492 4.44631704109 5.51987575765 5.59232693626 4.70632797687 4.47015111119 4.23397424551 3.72860666935 3.70893353042 3.8233581731 4.00260902064 4.28568055635 4.5974702744 4.96534682115 5.33322336789 5.70109991464 5.64638176215
-999.999 -999.999 -999.999 -999.999 -999.999 -999.999 -999.999 -999.999 -999.999 -999.999 -999.999 -999.999 -999.999 -999.999 -999.999 -999.999 -999.999 -999.999 -999.999 -999.999 -999.999 -999.999 -999.999 2.01311100937 2.24144762915 2.46978424893 2.69812086872 2.91321219528 2.74186233919 2.86350735519 2.98515237118 3.23147793195 3.5115718348 3.79166573764 4.01866566326 4.19517838324 3.76049913325 4.77581253686 5.84937125343 5.11310308394 4.55250201345 4.31632514777 4.08014828209 3.59494126386 3.61947640624 3.7719135904 3.94002129701 4.24332411837 4.61120066511 4.97907721186 5.3469537586 5.71483030535 5.76368304246
-999.999 -999.999 -999.999 -999.999 -999.999 -999.999 -999.999 -999.999 -999.999 -999.999 -999.999 -999.999 -999.999 -999.999 -999.999 -999.999 -999.999 -999.999 -999.999 -999.999 -999.999 -999.999 -999.999 2.07396511517 2.30230173495 2.53063835473 2.75897497452 2.83338491623 2.77258818903 2.89423320502 3.03868872193 3.31878262478 3.59887652762 3.87897043047 4.07489175023 4.20972919618 4.03174931608 5.10530803264 5.6155690913 4.6348529157 4.39867605003 4.16249918435 3.92632231867 3.46366800894 3.56803182354 3.7204690077 3.88311203108 4.25705450908 4.62493105582 4.99280760257 5.36068414931 5.72856069606 5.88098432277
-999.999 -999.999 -999.999 -999.999 -999.999 -999.999 -999.999 -999.999 -999.999 -999.999 -999.999 -999.999 -999.999 -999.999 -999.999 -999.999 -999.999 -999.999 -999.999 -999.999 -999.999 -999.999 -999.999 2.13481922097 2.36315584075 2.59149246053 2.81982908031 2.75355763718 2.80331403887 2.92495905486 3.12599341476 3.4060873176 3.68618122045 3.95460511721 4.13111783719 3.96382406451 4.36124481185 5.43480352842 5.13634523899 4.48102695229 4.24485008661 4.00867322093 3.67226991995 3.36415005669 3.51658724085 3.70404996865 3.90741633002 4.22110383573 4.63866144654 5.00653799328 5.37441454003 5.74229108677 5.99828560308
-999.999 -999.999 -999.999 -999.999 -999.999 -999.999 -999.999 -999.999 -999.999 -999.999 -999.999 -999.999 -999.999 -999.999 -999.999 -999.999 -999.999 -999.999 -999.999 -999.999 -999.999 -999.999 -999.999 2.19567332676 2.42400994655 2.65234656633 2.88068318611 2.71239487271 2.8340398887 2.9556849047 3.21329810758 3.49339201043 3.77348591327 4.01083120418 4.18734392416 3.71791893284 4.69074030763 5.63881124635 4.65712138668 4.32720098887 4.09102412319 3.85484725751 3.38583223842 3.32162154487 3.52498790623 3.72835426759 3.93172062895 4.13508699032 4.56230692752 5.01147779143 5.38814493074 5.75602147748 6.11558688339
-999.999 -999.999 -999.999 -999.999 -999.999 -999.999 -999.999 -999.999 -999.999 -999.999 -999.999 -999.999 -999.999 -999.999 -999.999 -999.999 -999.999 -999.999 -999.999 -999.999 -999.999 -999.999 2.02819081278 2.25652743256 2.48486405235 2.71320067213 2.80899013455 2.74312072255 2.86476573854 3.02050889756 3.30060280041 3.58069670325 3.8607906061 4.06705729115 4.16714899577 3.94667708684 5.02023580341 5.15958739404 4.40955189112 4.17337502545 3.93719815977 3.70102129409 3.19808859285 3.34601117249 3.54929220517 3.75265856653 3.95602492789 4.15939128925 4.4543391554 4.90351001931 5.35268088322 5.76975186819 6.13762841494
-999.999 -999.999 -999.999 -999.999 -999.999 -999.999 -999.999 -999.999 -999.999 -999.999 -999.999 -999.999 -999.999 -999.999 -999.999 -999.999 -999.999 -999.999 -999.999 -999.999 -999.999 -999.999 2.08904491858 2.31738153836 2.54571815814 2.77405477793 2.7291628555 2.77384657239 2.89549158838 3.10781359039 3.38790749323 3.66800139608 3.94677065813 4.12328337811 3.9212438641 4.27617258262 5.34973129918 4.68036354172 4.2557259277 4.01954906203 3.78337219635 3.54719533067 3.31543487492 3.46335745455 3.61128003419 3.77696286547 3.98032922683 4.18369558819 4.38706194955 4.79554224719 5.2447131111 5.69388397501 6.14305483893
-999.999 -999.999 -999.999 -999.999 -999.999 -999.999 -999.999 -999.999 -999.999 -999.999 -999.999 -999.999 -999.999 -999.999 -999.999 -999.999 -999.999 -999.999 -999.999 -999.999 -999.999 -999.999 2.14989902438 2.37823564416 2.60657226394 2.83490888373 2.68292740623 2.80457242222 2.92621743822 3.19511828321 3.47521218606 3.7553060889 4.0029967451 4.17950946508 3.67533873243 4.6056680784 5.18282954908 4.33807682996 4.10189996428 3.86572309861 3.62954623293 3.32949548902 3.43278115698 3.58070373661 3.72862631625 3.87654889589 4.02447147552 4.20799988713 4.41136624849 4.68757447507 5.13674533899 5.5859162029 5.83030491606
-999.999 -999.999 -999.999 -999.999 -999.999 -999.999 -999.999 -999.999 -999.999 -999.999 -999.999 -999.999 -999.999 -999.999 -999.999 -999.999 -999.999 -999.999 -999.999 -999.999 -999.999 -999.999 2.21075313018 2.43908974996 2.66742636974 2.78459535286 2.71365325607 2.83529827206 3.00232907319 3.28242297604 3.56251687888 3.84261078173 4.05922283206 4.12456879536 3.86160485761 4.93516357417 4.70360569677 4.18425086654 3.94807400087 3.71189713519 3.47572026951 3.39147336678 3.55012743904 3.69805001868 3.84597259831 3.99389517795 4.14181775758 4.28974033722 4.43766291685 4.63903690879 5.02877756687 5.34147228903 5.3014287237
-999.999 -999.999 -999.999 -999.999 -999.999 -999.999 -999.999 -999.999 -999.999 -999.999 -999.999 -999.999 -999.999 -999.999 -999.999 -999.999 -999.999 -999.999 -999.999 -999.999 -999.999 2.04327061619 2.27160723597 2.49994385576 2.72828047554 2.70476807381 2.74437910591 2.8660241219 3.08963376602 3.36972766886 3.64982157171 3.92991547455 4.11544891903 3.87866366369 4.19110035339 5.20607170413 4.2666017688 4.03042490312 3.79424803745 3.55807117177 3.32956726652 3.42047045401 3.58021720574 3.73996395747 3.89971070919 4.05945746092 4.21920421265 4.37895096437 4.5386977161 4.69844446783 4.852639662 4.81259609667 4.77255253134
-999.999 -999.999 -999.999 -999.999 -999.999 -999.999 -999.999 -999.999 -999.999 -999.999 -999.999 -999.999 -999.999 -999.999 -999.999 -999.999 -999.999 -999.999 -999.999 -999.999 -999.999 2.10412472199 2.33246134177 2.56079796156 2.78913458134 2.65345993975 2.77510495574 2.89684455599 3.17693845884 3.45703236169 3.73712626453 3.99516228602 4.17167500599 3.63275853202 4.52059584917 4.72684785181 4.11277580538 3.8765989397 3.64042207403 3.40424520835 3.37640179238 3.44946754125 3.60921429298 3.7689610447 3.92870779643 4.08845454816 4.24820129988 4.40794805161 4.56769480334 4.73096932914 4.87885454115 4.8900428407 4.82028497481
-999.999 -999.999 -999.999 -999.999 -999.999 -999.999 -999.999 -999.999 -999.999 -999.999 -999.999 -999.999 -999.999 -999.999 -999.999 -999.999 -999.999 -999.999 -999.999 -999.999 -999.999 2.16497882779 2.39331544757 2.62165206735 2.76020057117 2.68418578959 2.80583080558 2.98414924882 3.26424315166 3.54433705451 3.82443095735 4.05138837298 4.08198859496 3.77653262838 4.85009134494 4.2476239995 3.95894984196 3.72277297628 3.48659611061 3.33306027591 3.33653342561 3.47846462849 3.63821138021 3.79795813194 3.95770488367 4.11745163539 4.27719838712 4.43694513885 4.60253929679 4.77250888578 4.9149043995 4.99540782272 4.9723861304
-999.999 -999.999 -999.999 -999.999 -999.999 -999.999 -999.999 -999.999 -999.999 -999.999 -999.999 -999.999 -999.999 -999.999 -999.999 -999.999 -999.999 -999.999 -999.999 -999.999 -999.999 2.22583293359 2.45416955337 2.68250617315 2.68037329213 2.71491163942 2.83655665542 3.07145394164 3.35154784449 3.63164174733 3.91173565018 4.10761445995 3.83608346329 4.10602812416 4.75009000686 4.04130074422 3.80512387854 3.56894701287 3.33277014719 3.37989480178 3.347714964 3.50746171572 3.66720846745 3.82695521918 3.9867019709 4.14644872263 4.30619547436 4.47410926445 4.64407885344 4.81404844243 4.95095425785 5.03145768106 5.11196110428
-999.999 -999.999 -999.999 -999.999 -999.999 -999.999 -999.999 -999.999 -999.999 -999.999 -999.999 -999.999 -999.999 -999.999 -999.999 -999.999 -999.999 -999.999 -999.999 -999.999 2.0583504196 2.28668703939 2.51502365917 2.74336027895 2.62399247327 2.74563748926 2.87866473162 3.15875863447 3.43885253731 3.71894644016 3.98732782693 4.16384054691 3.59017833162 4.43552361993 4.27086615455 3.8874747808 3.65129791512 3.41512104945 3.3365532853 3.42672932764 3.37671205123 3.53645880296 3.69620555469 3.85595230641 4.01569905814 4.17570964311 4.3456792321 4.51564882109 4.68561841008 4.85558799907 4.98700411619 5.06750753941 5.14801096263
-999.999 -999.999 -999.999 -999.999 -999.999 -999.999 -999.999 -999.999 -999.999 -999.999 -999.999 -999.999 -999.999 -999.999 -999.999 -999.999 -999.999 -999.999 -999.999 -999.999 2.1192045254 2.34754114518 2.57587776497 2.73580578949 2.65471832311 2.7763633391 2.96596942445 3.24606332729 3.52615723014 3.80625113298 4.0435539139 4.03940839455 3.69146039915 4.76501911571 3.96982568306 3.73364881738 3.4974719517 3.29321176883 3.38338781117 3.39987864541 3.40570913847 3.5654558902 3.72520264192 3.88494939365 4.04727961076 4.21724919975 4.38721878874 4.55718837774 4.72715796673 4.89712755572 5.02305397454 5.10355739776 5.18406082098
-999.999 -999.999 -999.999 -999.999 -999.999 -999.999 -999.999 -999.999 -999.999 -999.999 -999.999 -999.999 -999.999 -999.999 -999.999 -999.999 -999.999 -999.999 -999.999 -999.999 2.1800586312 2.40839525098 2.63673187077 2.65597851044 2.68544417294 2.80708918894 3.05327411727 3.33336802012 3.61346192296 3.89355582581 4.09978000086 3.79350326288 4.02095589492 4.29410830959 3.81599971964 3.57982285396 3.34364598828 3.34004629469 3.43022233704 3.35879027067 3.43470622571 3.59445297743 3.75419972916 3.91884957842 4.08881916741 4.2587887564 4.42875834539 4.59872793438 4.76869752337 4.93866711236 5.05910383289 5.13960725611 5.22011067932
-999.999 -999.999 -999.999 -999.999 -999.999 -999.999 -999.999 -999.999 -999.999 -999.999 -999.999 -999.999 -999.999 -999.999 -999.999 -999.999 -999.999 -999.999 -999.999 2.01257611721 2.240912737 2.46924935678 2.69758597656 2.59452500679 2.71617002278 2.86048490725 3.1405788101 3.42067271294 3.70076661579 3.97949336785 4.15600608783 3.54759813121 4.3504513907 3.8983506219 3.66217375622 3.42599689054 3.29670477822 3.38688082056 3.4770568629 3.31770189592 3.46370331294 3.62345006467 3.79041954607 3.96038913506 4.13035872405 4.30032831304 4.47029790203 4.64026749103 4.81023708002 4.98020666901 5.09515369124 5.17565711445 5.25616053767
-999.999 -999.999 -999.999 -999.999 -999.999 -999.999 -999.999 -999.999 -999.999 -999.999 -999.999 -999.999 -999.999 -999.999 -999.999 -999.999 -999.999 -999.999 -999.999 2.07343022301 2.3017668428 2.53010346258 2.7114110078 2.62525085663 2.74689587262 2.94778960008 3.22788350292 3.50797740577 3.78807130861 4.03571945482 3.99682819414 3.60638816991 4.31735046464 3.74452465848 3.5083477928 3.27217092712 3.34353930409 3.43371534643 3.46322386521 3.33295364845 3.49270040018 3.66198951373 3.83195910272 4.00192869171 4.1718982807 4.34186786969 4.51183745868 4.68180704767 4.85177663666 5.02174622565 5.13120354958 5.2117069728 4.7560358305
-999.999 -999.999 -999.999 -999.999 -999.999 -999.999 -999.999 -999.999 -999.999 -999.999 -999.999 -999.999 -999.999 -999.999 -999.999 -999.999 -999.999 -999.999 -999.999 2.13428432881 2.36262094859 2.59095756838 2.63158372875 2.65597670646 2.77762172246 3.0350942929 3.31518819575 3.59528209859 3.87537600144 4.09194554178 3.75092306247 3.93588366569 3.83812661233 3.59069869506 3.35452182938 3.30019778761 3.39037382995 3.4805498723 3.44102723474 3.36358989239 3.53355948138 3.70352907037 3.87349865936 4.04346824835 4.21343783734 4.38340742633 4.55337701532 4.72334660432 4.89331619331 5.0632857823 5.16725340793 4.85865658821 4.39694114185
-999.999 -999.999 -999.999 -999.999 -999.999 -999.999 -999.999 -999.999 -999.999 -999.999 -999.999 -999.999 -999.999 -999.999 -999.999 -999.999 -999.999 -999.999 -999.999 2.19513843461 2.42347505439 2.65181167418 2.56505754031 2.6867025563 2.84230508288 3.12239898573 3.40249288857 3.68258679142 3.96268069426 4.14817162875 3.5050179308 4.26537916147 3.67304959732 3.43687273164 3.25685627114 3.34703231348 3.43720835582 3.50670366302 3.53216791196 3.3866288737 3.55994643205 3.7332639904 3.90658154875 4.0798991071 4.25321666545 4.42494698298 4.59491657197 4.76488616096 4.93485574995 5.10482533894 4.96127734592 4.33386695377 4.26348510431
-999.999 -999.999 -999.999 -999.999 -999.999 -999.999 -999.999 -999.999 -999.999 -999.999 -999.999 -999.999 -999.999 -999.999 -999.999 -999.999 -999.999 -999.999 2.02765592063 2.25599254041 2.48432916019 2.68701622612 2.59578339014 2.71742840614 2.92960977571 3.20970367855 3.4897975814 3.76989148424 4.02788499573 3.95424799373 3.52131594068 3.86136876737 3.5192236339 3.28304676822 3.30369079701 3.39386683935 3.46498135312 3.56547908913 3.62330858918 3.4520845255 3.5766707566 3.74998831495 3.9233058733 4.09662343165 4.26994099 4.44325854835 4.6165761067 4.78989366505 4.9632112234 5.10561864246 4.43648771148 3.89410976644 4.13002906677
-999.999 -999.999 -999.999 -999.999 -999.999 -999.999 -999.999 -999.999 -999.999 -999.999 -999.999 -999.999 -999.999 -999.999 -999.999 -999.999 -999.999 -999.999 2.08851002642 2.31684664621 2.54518326599 2.60718894707 2.62650923998 2.74815425597 3.01691446853 3.29700837137 3.57710227422 3.85719617706 4.0841110827 3.70834286206 3.85081143646 3.60157453616 3.36539767048 3.26034928053 3.35052532287 3.43190900077 3.47046744336 3.62425451524 3.72005371299 3.56894394529 3.59339508114 3.7667126395 3.94003019785 4.1133477562 4.28666531455 4.4599828729 4.63330043125 4.76922063032 4.89396642066 4.78217455868 4.01138215873 3.7606537289 3.99657302923
