Examples/results/velocity/asciifiles/KR2_140512_123000.JPG_interpmap.txt
ncols 168
nrows 357
xllcorner 446990.0
yllcorner 8755150.0
cellsize 10.0
NODATA_value -999.999
[rows 240 to 263 of 357, columns 0 to 52 of 168]
-999.999 -999.999 -999.999 -999.999 -999.999 -999.999 -999.999 -999.999 -999.999 -999.999 -999.999 -999.999 -999.999 -999.999 -999.999 -999.999 -999.999 -999.999 -999.999 -999.999 -999.999 -999.999 -999.999 -999.999 2.28967995508 2.76057778428 3.23147561348 2.77381981196 3.44947989028 3.64347313088 3.57479065546 3.55607219083 3.5373537262 3.51863526157 3.35674729691 3.18504216809 3.19267145882 3.04975239386 3.13439110467 3.21902981548 3.30449547819 3.39157071178 3.47864594538 3.56572117898 3.65279641258 3.91639936149 4.21098430459 4.46650464035 4.72202497611 4.97754531188 4.89891931314 4.72847927034 4.55467207655
-999.999 -999.999 -999.999 -999.999 -999.999 -999.999 -999.999 -999.999 -999.999 -999.999 -999.999 -999.999 -999.999 -999.999 -999.999 -999.999 -999.999 -999.999 -999.999 -999.999 -999.999 -999.999 -999.999 1.93899231789 2.40989014709 2.88078797628 2.28905361183 2.96471369015 3.64037376847 3.64013804125 3.58947142222 3.57075295759 3.55203449296 3.49269968006 3.32099455123 3.14928942241 3.1618957304 3.08484009439 3.1694788052 3.25411751601 3.33909693189 3.42617216549 3.51324739909 3.60032263268 3.68739786628 4.03840536058 4.33233019802 4.63046364409 4.92859709017 5.19930209091 5.12033903647 4.94653184269 4.7727246489
-999.999 -999.999 -999.999 -999.999 -999.999 -999.999 -999.999 -999.999 -999.999 -999.999 -999.999 -999.999 -999.999 -999.999 -999.999 -999.999 -999.999 -999.999 -999.999 -999.999 -999.999 -999.999 -999.999 2.05920250989 2.53010033909 3.00099816829 2.47994749002 3.15560756834 3.72034736128 3.63680295162 3.60415218898 3.58543372435 3.56671525972 3.45694693438 3.28524180555 3.14529305315 3.13112000199 3.11992779492 3.20456650573 3.28920521654 3.37384392735 3.46077361919 3.54784885279 3.63492408639 3.7886801944 4.14698037746 4.45402312989 4.75187448706 5.04972584423 5.30603514047 5.22417543755 5.08380082845 4.94342621934
-999.999 -999.999 -999.999 -999.999 -999.999 -999.999 -999.999 -999.999 -999.999 -999.999 -999.999 -999.999 -999.999 -999.999 -999.999 -999.999 -999.999 -999.999 -999.999 -999.999 -999.999 -999.999 -999.999 2.17941270189 2.65031053109 3.12120836029 2.67084136821 3.34650144653 3.71701227165 3.63755142037 3.61883295574 3.60011449111 3.58139602648 3.4211941887 3.24948905987 3.20115847412 3.10034427357 3.15501549544 3.23965420626 3.32429291707 3.40893162788 3.49537507289 3.58245030649 3.66952554009 3.89094877574 4.2492489588 4.57643948808 4.87429084525 5.13647636223 5.32863072915 5.22523311524 5.08485850614 4.94448389703
-999.999 -999.999 -999.999 -999.999 -999.999 -999.999 -999.999 -999.999 -999.999 -999.999 -999.999 -999.999 -999.999 -999.999 -999.999 -999.999 -999.999 -999.999 -999.999 -999.999 -999.999 -999.999 -999.999 2.2996228939 2.77052072309 2.78371047343 2.8617352464 3.53739532472 3.71367718202 3.65223218713 3.6335137225 3.61479525787 3.55714657184 3.38544144301 3.21373631419 3.25702389509 3.10546448516 3.19010319597 3.27474190678 3.35938061759 3.44401932841 3.5299765266 3.61705176019 3.70412699379 3.99321735708 4.35151754014 4.69885584628 4.96691758399 5.15907195091 5.35122631783 5.22629079293 5.08591618383 4.94554157472
-999.999 -999.999 -999.999 -999.999 -999.999 -999.999 -999.999 -999.999 -999.999 -999.999 -999.999 -999.999 -999.999 -999.999 -999.999 -999.999 -999.999 -999.999 -999.999 -999.999 -999.999 -999.999 1.9489352567 2.4198330859 2.8907309151 2.37696904627 3.05262912459 3.72828920291 3.71034209239 3.66691295389 3.64819448926 3.62947602463 3.52139382616 3.34968869733 3.17798356851 3.28426372966 3.14055218569 3.2251908965 3.30982960731 3.39446831812 3.47910702893 3.5645779803 3.6516532139 3.7387284475 4.09548593842 4.45378612148 4.78864544124 4.98951317267 5.18166753959 5.36772307973 5.22734847062 5.08697386152 4.94659925241
-999.999 -999.999 -999.999 -999.999 -999.999 -999.999 -999.999 -999.999 -999.999 -999.999 -999.999 -999.999 -999.999 -999.999 -999.999 -999.999 -999.999 -999.999 -999.999 -999.999 -999.999 -999.999 2.06914544871 2.5400432779 3.0109411071 2.56786292446 3.24352300278 3.79055141242 3.70700700276 3.68159372065 3.66287525602 3.64415679139 3.48564108048 3.31393595165 3.14223082283 3.25348800124 3.17563988622 3.26027859703 3.34491730784 3.42955601865 3.51419472946 3.599179434 3.6862546676 3.83945433671 4.19775451976 4.55605470282 4.78826210955 5.01210876135 5.20426312827 5.36878075742 5.22840614831 5.08803153921 4.9340821498
-999.999 -999.999 -999.999 -999.999 -999.999 -999.999 -999.999 -999.999 -999.999 -999.999 -999.999 -999.999 -999.999 -999.999 -999.999 -999.999 -999.999 -999.999 -999.999 -999.999 -999.999 -999.999 2.18935564071 2.66025346991 3.1311512991 2.75875680265 3.43441688097 3.78721632279 3.71499295204 3.69627448741 3.67755602278 3.62159346362 3.4498883348 3.27818320597 3.10647807715 3.22271227282 3.21072758675 3.29536629756 3.38000500837 3.46464371918 3.54928242999 3.6339211408 3.7208561213 3.94172291805 4.3000231011 4.55986282576 4.78787877786 5.01589472996 5.22685871695 5.36983843511 5.229463826 5.07789863645 4.92024748175
-999.999 -999.999 -999.999 -999.999 -999.999 -999.999 -999.999 -999.999 -999.999 -999.999 -999.999 -999.999 -999.999 -999.999 -999.999 -999.999 -999.999 -999.999 -999.999 -999.999 -999.999 -999.999 2.30956583271 2.78046366191 2.27399060252 2.94965068084 3.62531075916 3.78388123316 3.7296737188 3.71095525417 3.69223678954 3.58584071794 3.41413558911 3.24243046029 3.10059474891 3.19193654441 3.24581528727 3.33045399809 3.4150927089 3.49973141971 3.58437013052 3.66900884133 3.75545757501 4.04399149939 4.33146354196 4.55947949406 4.78749544616 5.01551139827 5.24352735037 5.3708961128 5.2217151231 5.0640639684 4.9064128137
-999.999 -999.999 -999.999 -999.999 -999.999 -999.999 -999.999 -999.999 -999.999 -999.999 -999.999 -999.999 -999.999 -999.999 -999.999 -999.999 -999.999 -999.999 -999.999 -999.999 -999.999 1.95887819552 2.42977602471 2.90067385391 2.46488448071 3.14054455903 3.81620463735 3.78054614353 3.74435448556 3.72563602093 3.7069175563 3.55008797226 3.37838284343 3.20667771461 3.15646016988 3.19626427699 3.2809029878 3.36554169861 3.45018040943 3.53481912024 3.61945783105 3.70409654186 3.79005902871 4.10306425817 4.33108021027 4.55909616237 4.78711211447 5.01512806657 5.24314401867 5.3619349304 5.20788045505 5.05022930035 4.89257814565
-999.999 -999.999 -999.999 -999.999 -999.999 -999.999 -999.999 -999.999 -999.999 -999.999 -999.999 -999.999 -999.999 -999.999 -999.999 -999.999 -999.999 -999.999 -999.999 -999.999 -999.999 2.07908838752 2.54998621672 3.02088404591 2.6557783589 3.33143843722 3.86075546356 3.77775371695 3.75903525232 3.74031678769 3.6860403554 3.51433522658 3.34263009775 3.17092496893 3.21232559085 3.23135197752 3.31599068833 3.40062939914 3.48526810995 3.56990682076 3.65454553158 3.73918424239 3.87466497438 4.09803431924 4.28451591948 4.47099751972 4.65747911996 4.8439607202 5.03044232044 5.2010971902 5.10254181392 4.98980042315 4.87705903238
-999.999 -999.999 -999.999 -999.999 -999.999 -999.999 -999.999 -999.999 -999.999 -999.999 -999.999 -999.999 -999.999 -999.999 -999.999 -999.999 -999.999 -999.999 -999.999 -999.999 -999.999 2.19929857952 2.67019640872 2.74170060032 2.84667223709 3.52233231541 3.85742037393 3.79243448371 3.77371601908 3.75499755445 3.65028760972 3.47858248089 3.30687735207 3.13517222325 3.26819101182 3.26643967805 3.35107838886 3.43571709967 3.52035581048 3.60499452129 3.6896332321 3.7720901393 3.80427586415 3.88067011302 4.06715171326 4.2536333135 4.44011491374 4.62659651398 4.81307811422 4.99955971446 4.94047763152 4.84283813637 4.73040730667
-999.999 -999.999 -999.999 -999.999 -999.999 -999.999 -999.999 -999.999 -999.999 -999.999 -999.999 -999.999 -999.999 -999.999 -999.999 -999.999 -999.999 -999.999 -999.999 -999.999 -999.999 2.31950877153 2.79040660072 2.36190603696 3.03756611528 3.7132261936 3.8540852843 3.80711525047 3.78839678584 3.76967832121 3.61453486404 3.44282973521 3.27112460639 3.09941947756 3.31430454366 3.30152737858 3.38616608939 3.4708048002 3.55544351101 3.64008222182 3.7205334155 3.79631149402 3.80481462129 3.79584867238 3.84978750703 4.03626910727 4.22275070751 4.40923230775 4.59571390799 4.78219550823 4.77749756799 4.67985807284 4.58221857769
-999.999 -999.999 -999.999 -999.999 -999.999 -999.999 -999.999 -999.999 -999.999 -999.999 -999.999 -999.999 -999.999 -999.999 -999.999 -999.999 -999.999 -999.999 -999.999 -999.999 1.96882113433 2.43971896353 2.91061679273 2.55279991515 3.22845999347 3.90412007179 3.85075019467 3.82179601723 3.8030775526 3.75048724718 3.57878211836 3.40707698953 3.23537186071 3.06366673188 3.28352881525 3.3366150791 3.42125378992 3.50589250073 3.59053121154 3.66897669169 3.74475477022 3.81431932736 3.80535337844 3.79638742952 3.78742148061 3.81890490105 4.00538650129 4.19186810153 4.37834970176 4.564831302 4.61451750446 4.51687800931 4.41923851416
-999.999 -999.999 -999.999 -999.999 -999.999 -999.999 -999.999 -999.999 -999.999 -999.999 -999.999 -999.999 -999.999 -999.999 -999.999 -999.999 -999.999 -999.999 -999.999 -999.999 2.08903132633 2.55992915553 3.03082698473 2.74369379334 3.41935387166 3.93095951471 3.85519524862 3.83647678399 3.81775831936 3.7147345015 3.54302937268 3.37132424385 3.19961911503 3.05589644468 3.28706406882 3.37170277963 3.45634149044 3.54098020126 3.61741996789 3.69319804641 3.76897612494 3.8148580845 3.80589213559 3.79692618667 3.78796023775 3.77899428884 3.78802229506 3.9745038953 4.16098549554 4.34746709578 4.45153744093 4.35389794578 4.25625845063
-999.999 -999.999 -999.999 -999.999 -999.999 -999.999 -999.999 -999.999 -999.999 -999.999 -999.999 -999.999 -999.999 -999.999 -999.999 -999.999 -999.999 -999.999 -999.999 -999.999 2.20924151834 2.68013934753 2.25892759321 2.93458767153 3.61024774985 3.92762442507 3.86987601538 3.85115755075 3.83243908612 3.67898175582 3.50727662699 3.33557149817 3.16386636935 3.11176186565 3.32215176935 3.40679048016 3.49008516556 3.56586324408 3.64164132261 3.71741940113 3.79319747966 3.81539684165 3.80643089273 3.79746494382 3.7884989949 3.77953304598 3.77056709706 3.76160114815 3.94362128931 4.13010288955 4.2885573774 4.19091788225 4.0932783871
-999.999 -999.999 -999.999 -999.999 -999.999 -999.999 -999.999 -999.999 -999.999 -999.999 -999.999 -999.999 -999.999 -999.999 -999.999 -999.999 -999.999 -999.999 -999.999 -999.999 2.32945171034 2.80034953954 2.4498214714 3.12548154972 3.80114162804 3.92428933544 3.88455678214 3.86583831751 3.81493413896 3.64322901014 3.47152388131 3.29981875249 3.12811362366 3.16762728662 3.35723946988 3.43852844175 3.51430652028 3.5900845988 3.66586267733 3.74164075585 3.81741883438 3.8159355988 3.80696964988 3.79800370096 3.78903775204 3.78007180313 3.77110585421 3.76213990529 3.75317395638 3.91273868333 4.09922028357 4.02793781872 3.96187326763
-999.999 -999.999 -999.999 -999.999 -999.999 -999.999 -999.999 -999.999 -999.999 -999.999 -999.999 -999.999 -999.999 -999.999 -999.999 -999.999 -999.999 -999.999 -999.999 1.97876407315 2.44966190234 2.92055973154 2.64071534959 3.31637542791 3.99203550623 3.92095424581 3.8992375489 3.88051908427 3.77918139328 3.60747626446 3.43577113563 3.26406600681 3.09236087798 3.22349270759 3.38697171795 3.46274979647 3.538527875 3.61430595352 3.69008403205 3.76586211057 3.82544030486 3.81647435594 3.80750840702 3.79854245811 3.78957650919 3.78061056027 3.77164461136 3.76267866244 3.75371271352 3.74474676461 3.88185607734 3.86495775518 4.02562396768
-999.999 -999.999 -999.999 -999.999 -999.999 -999.999 -999.999 -999.999 -999.999 -999.999 -999.999 -999.999 -999.999 -999.999 -999.999 -999.999 -999.999 -999.999 -999.999 2.09897426515 2.56987209435 2.69969072721 2.83160922778 3.5072693061 4.00116356585 3.93263678029 3.91391831566 3.89519985103 3.7434286476 3.57172351878 3.40001838995 3.22831326113 3.0566081323 3.25618895198 3.44497733055 3.48697115119 3.56274922972 3.63852730824 3.71430538677 3.79008346529 3.825979062 3.81701311309 3.80804716417 3.79908121525 3.79011526634 3.78114931742 3.7721833685 3.76321741959 3.75425147067 3.74528552175 3.73631957284 3.84642051871 4.08937466772
-999.999 -999.999 -999.999 -999.999 -999.999 -999.999 -999.999 -999.999 -999.999 -999.999 -999.999 -999.999 -999.999 -999.999 -999.999 -999.999 -999.999 -999.999 -999.999 2.21918445715 2.69008228635 2.34684302765 3.02250310597 3.69816318429 3.99782847622 3.94731754705 3.92859908242 3.87938103074 3.70767590192 3.53597077309 3.36426564427 3.19256051545 3.02085538662 3.2389711844 3.46467329677 3.56296468161 3.58697058444 3.66274866296 3.73852674149 3.81430482001 3.82651781915 3.81755187023 3.80858592132 3.7996199724 3.79065402348 3.78168807457 3.77272212565 3.76375617673 3.72782116072 3.67365435415 3.7831369104 4.00181362823 4.24075527675
-999.999 -999.999 -999.999 -999.999 -999.999 -999.999 -999.999 -999.999 -999.999 -999.999 -999.999 -999.999 -999.999 -999.999 -999.999 -999.999 -999.999 -999.999 -999.999 2.33939464915 2.81029247835 2.53773690584 3.21339698416 3.88905706248 3.99449338659 3.96199831381 3.94327984918 3.84362828506 3.67192315624 3.50021802741 3.32851289859 3.15680776976 3.02534854914 3.22175341682 3.44745552919 3.67315764156 3.68095203268 3.68697001768 3.76274809621 3.83602252521 3.8270565763 3.81809062738 3.80912467846 3.80015872955 3.78660433737 3.7324375308 3.67827072424 3.62410391767 3.56993711111 3.74580418172 3.96448089955 4.18315761738 4.41031670911
-999.999 -999.999 -999.999 -999.999 -999.999 -999.999 -999.999 -999.999 -999.999 -999.999 -999.999 -999.999 -999.999 -999.999 -999.999 -999.999 -999.999 -999.999 1.98870701196 2.45960484116 2.93050267035 2.72863078403 3.40429086235 4.07470270662 3.9953975452 3.97667908057 3.95796061594 3.80787553938 3.63617041056 3.46446528173 3.29276015291 3.12105502408 3.18642817366 3.30016570954 3.50699603121 3.68841852329 3.76607450165 3.79893938375 3.78696945093 3.83656128236 3.82759533344 3.79122070745 3.73705390089 3.68288709432 3.62872028775 3.57455348119 3.52038667462 3.48979473522 3.70847145305 3.92714817087 4.1458248887 4.36450160653 4.38054612954
-999.999 -999.999 -999.999 -999.999 -999.999 -999.999 -999.999 -999.999 -999.999 -999.999 -999.999 -999.999 -999.999 -999.999 -999.999 -999.999 -999.999 -999.999 2.10891720396 2.57981503316 2.24386458391 2.91952466222 3.59518474054 4.07136761699 4.01007831196 3.99135984733 3.94382792252 3.7721227937 3.60041766488 3.42871253605 3.25700740723 3.08674927876 3.34684816281 3.42452067312 3.53332621695 3.61098219531 3.69141840111 3.77341765528 3.79559951649 3.74167027097 3.6875034644 3.63333665784 3.57916985127 3.52500304471 3.47083623814 3.41666943157 3.45246200655 3.67113872437 3.8898154422 4.10849216002 4.06987624061 4.01632628235 3.96277632409
-999.999 -999.999 -999.999 -999.999 -999.999 -999.999 -999.999 -999.999 -999.999 -999.999 -999.999 -999.999 -999.999 -999.999 -999.999 -999.999 -999.999 -999.999 2.22912739597 2.70002522516 2.4347584621 3.11041854041 3.78607861873 4.06803252736 4.02475907872 4.00604061409 3.90807517684 3.73637004802 3.56466491919 3.39295979037 3.22125466155 3.25017327659 3.50726815196 3.50618798645 3.49844473931 3.58044399347 3.66244324764 3.72405551018 3.7190983566 3.58363601708 3.52961941479 3.47545260822 3.42128580166 3.36711899509 3.31295218853 3.41512927787 3.6338059957 3.81275630993 3.75920635167 3.70565639341 3.65210643515 3.59855647689 3.54500651863
