Examples/results/velocity/asciifiles/KR2_140512_123000.JPG_interpmap.txt
ncols 141
nrows 253
xllcorner 447190.0
yllcorner 8756220.0
cellsize 10.0
NODATA_value -999.999
[rows 216 to 239 of 253, columns 0 to 52 of 141]
-999.999 -999.999 -999.999 -999.999 -999.999 -999.999 -999.999 -999.999 -999.999 -999.999 1.69009527326 1.78697699258 2.10732625268 2.29142630834 2.41377284319 2.38246974527 2.30904753946 2.26019950001 2.22698901795 2.1988330787 2.24895139259 2.50534687643 2.04851760762 2.09165263632 2.15361246174 2.22852227444 2.30343208713 2.37834189982 2.45325171251 2.4792639923 2.38542315547 2.3267646288 2.26810610213 2.20944757546 2.15078904879 2.10395913305 2.06543160107 2.23790166848 2.61418022196 2.82419107566 2.85486930086 2.75102213926 2.64717497767 2.58278711055 2.71376845858 2.87314466528 3.03295082255 3.32746169474 3.52847303642 3.07690107742 2.62532911842 2.51783740016 2.6153064409
-999.999 -999.999 -999.999 -999.999 -999.999 -999.999 -999.999 -999.999 -999.999 -999.999 1.71497391828 1.9691849129 2.15328496856 2.33738502422 2.40767098699 2.35688168753 2.28651818029 2.25330769823 2.22009721617 2.09114699444 2.73781812785 2.53561004055 2.04995276271 2.09308779141 2.1362228201 2.19770981136 2.27261962405 2.34752943674 2.42243924944 2.46200738565 2.35633489973 2.28116115628 2.22250262961 2.16384410294 2.10518557627 2.04652704961 2.05635068713 2.38524153668 2.59045661282 2.74171900209 2.89298139136 2.83385936108 2.73431592795 2.73482705993 2.73533819191 2.76030527456 2.91968148126 3.16273232279 3.01220597891 2.69005875967 2.78752780041 2.88499684116 2.98246588191
-999.999 -999.999 -999.999 -999.999 -999.999 -999.999 -999.999 -999.999 -999.999 -999.999 1.7398525633 2.01514362878 2.19924368444 2.3833437401 2.4015691308 2.33129362979 2.27962637851 2.24641589645 2.18928613978 2.5800137297 3.2266848631 2.56587320466 2.0513879178 2.09452294649 2.13765797519 2.18079300389 2.24180716097 2.31671697367 2.39162678636 2.444750779 2.33907829308 2.23555768377 2.1768991571 2.11824063043 2.05958210376 2.00092357709 2.27503619044 2.35399724023 2.38957198499 2.61999742178 2.81050931779 2.9166965829 2.88635587733 2.88686700931 2.88737814129 2.88788927327 2.88840040525 2.94751088039 2.94960639485 2.95876686015 2.96792732545 2.97708779075 2.98624825605
-999.999 -999.999 -999.999 -999.999 -999.999 -999.999 -999.999 -999.999 -999.999 -999.999 1.76473120832 2.06110234466 2.24520240032 2.41145558992 2.37912777786 2.30594505879 2.27273457673 2.24311834182 2.42220933154 3.06888046495 3.71555159836 2.59613636878 2.05282307288 2.09595810158 2.13909313028 2.18222815898 2.22536318767 2.28590451059 2.36081432328 2.42749417235 2.32182168643 2.21614920051 2.13129568458 2.07263715791 2.01397863124 2.20642279573 2.35522646295 2.34136157348 2.20188887616 2.19451119691 2.42493663371 2.70106133959 2.86645281684 2.85963379729 2.85281477774 2.84599575818 2.83917673863 2.79249206518 2.84565147479 2.85481194009 2.86397240539 2.87313287069 2.88229333599
-999.999 -999.999 -999.999 -999.999 -999.999 -999.999 -999.999 -999.999 -999.999 1.69272813403 1.78960985334 2.10706106054 2.2911611162 2.40535373373 2.35353972012 2.29905325701 2.26584277495 2.26440493339 2.9110760668 3.55774720021 4.20441833361 2.62639953289 2.05425822797 2.09739325667 2.14052828537 2.18366331406 2.22679834276 2.26993337146 2.3300018602 2.4049116729 2.30456507978 2.19889259386 2.09322010794 2.0270336854 2.12059921938 2.26758908416 2.41457894893 2.32872590673 2.18925320941 2.04978051209 1.99945040884 2.37200951133 2.71016286316 2.75371784541 2.74689882585 2.7400798063 2.72409082666 2.65031876694 2.66721962578 2.75085702004 2.76001748533 2.76917795063 2.77833841593
-999.999 -999.999 -999.999 -999.999 -999.999 -999.999 -999.999 -999.999 -999.999 1.71760677905 1.96891972076 2.15301977642 2.33711983208 2.39925187754 2.32795166238 2.29216145523 2.22384199673 2.75327166865 3.39994280205 4.04661393546 4.39992471149 2.656662697 2.05569338306 2.09882841176 2.14196344045 2.18509846915 2.22823349785 2.27136852654 2.31450355524 2.37409920982 2.28730847313 2.18163598721 2.07596350129 2.0329618406 2.17995170537 2.32694157014 2.4555629373 2.31609023998 2.17661754266 2.03714484535 1.90668072762 2.04295768307 2.41493314649 2.64780189352 2.64098287397 2.63416385441 2.58191752843 2.5081454687 2.47100735376 2.55944843261 2.64788951146 2.66522303058 2.67438349588
-999.999 -999.999 -999.999 -999.999 -999.999 -999.999 -999.999 -999.999 -999.999 1.74248542407 2.01487843664 2.1989784923 2.38307854796 2.37578581045 2.3184801355 2.28740360495 2.59546727049 3.2421384039 3.88880953731 4.53548067071 4.4301878756 2.68692586112 2.05712853815 2.10026356684 2.14339859554 2.18653362424 2.22966865293 2.27280368163 2.31593871033 2.37260987872 2.39023231674 2.35605950173 2.30294152143 2.24982354113 2.23930419135 2.38629405612 2.44292727055 2.30345457323 2.16726452788 2.04555480032 2.14690092828 2.05402656189 2.11970342982 2.38858374388 2.53506692208 2.51351628991 2.43974423019 2.36597217047 2.29220011074 2.36323616059 2.45167723944 2.54011831829 2.55751793073
-999.999 -999.999 -999.999 -999.999 -999.999 -999.999 -999.999 -999.999 -999.999 1.76736406909 2.06083715252 2.24493720818 2.40303648046 2.35019775272 2.31158833372 2.43766287234 3.08433400575 3.73100513916 4.37767627256 5.02434740597 4.46045103972 2.71718902523 2.05856369323 2.10169872193 2.14483375063 2.18796877933 2.23110380802 2.3727872303 2.30371749561 2.42043699734 2.43293894188 2.44544088643 2.45794283097 2.47044477552 2.4599591076 2.44564654211 2.4302916038 2.30613860058 2.18442887301 2.15962035762 2.38916762432 2.3534515025 1.96420501343 2.17108539779 2.37796578215 2.38700465583 2.33344294772 2.27871080523 2.2195830434 2.26900644974 2.34838802338 2.42776959702 2.45658238189
-999.999 -999.999 -999.999 -999.999 -999.999 -999.999 -999.999 -999.999 1.69536099479 1.92269581274 2.1067958684 2.29089592406 2.39693462427 2.337907014 2.27985847419 2.9265296076 3.573200741 4.21987187441 4.86654300782 5.51321414122 4.49071420383 2.74745218935 2.05999884832 2.10313387702 2.17611424579 2.36009334909 2.28646827972 2.23482511249 2.40192202182 2.46314362248 2.47564556702 2.48814751157 2.50064945612 2.51315140066 2.52565334521 2.47203910923 2.41547448039 2.32330294571 2.20159321814 2.40188705365 2.50913993237 2.41207979342 1.98324385934 2.11449130066 2.25420913192 2.33333419414 2.27575143333 2.2166236715 2.15749590966 2.19548212504 2.27486369867 2.35424527231 2.34969659719
-999.999 -999.999 -999.999 -999.999 -999.999 -999.999 -999.999 -999.999 1.72023963981 1.96865452862 2.15275458428 2.33685463994 2.37244384305 2.33168886807 2.76872520944 3.41539634285 4.06206747626 4.70873860966 4.91219997976 4.62905466134 3.57698711665 2.52491957197 2.13292290087 2.31690200416 2.35073944582 2.20014932915 2.16593272938 2.3330296387 2.49334830307 2.50585024762 2.51835219217 2.53085413671 2.51189166967 2.45522754065 2.39856341163 2.3418992826 2.28534724299 2.22881792348 2.207844163 2.2656220289 2.33988305456 2.07944035699 1.95806661821 1.99626140394 2.1000805741 2.20389974426 2.21366429959 2.15453653776 2.09540877592 2.12195780033 2.20133937396 2.25998029813 2.24281081249
-999.999 -999.999 -999.999 -999.999 -999.999 -999.999 -999.999 -999.999 1.74511828483 2.0146132445 2.19871330016 2.38281335582 2.3573338925 2.61092081129 3.2575919447 3.90426307811 4.35824845492 4.02034688939 3.68244532386 3.23876980208 2.1867022574 2.08231849146 2.12310232202 2.21629622058 2.09424222554 2.09704034627 2.26413725559 2.43123416491 2.53605492822 2.54855687276 2.49508010109 2.43841597207 2.38175184305 2.32508771403 2.26842358501 2.21175945598 2.15522000559 2.12954766159 2.12563371425 2.12171976692 2.17062617675 2.03990492589 2.19265342093 1.99704371482 1.93867636986 2.04249554002 2.14631471018 2.09244940402 2.03332164218 2.04843347562 2.12781504926 2.15309451343 2.1359250278
-999.999 -999.999 -999.999 -999.999 -999.999 -999.999 -999.999 -999.999 1.83956376768 2.06057196038 2.24467201604 2.39461737101 2.45311641314 3.09978754655 3.74645867995 3.46639536456 3.12849379902 2.79059223349 2.90055248752 2.22239824873 2.1627876398 2.10317703088 2.05325782258 2.09601630786 2.13873641248 2.21690351053 2.37800008285 2.53744634427 2.52504525257 2.44374519172 2.36494027447 2.30827614545 2.25161201643 2.19494788741 2.13828375838 2.0816220877 2.05125116018 2.04733721285 2.04342326551 2.14480577893 2.28330605496 2.57096468509 2.37535497898 2.17974527286 1.98413556675 1.88109133578 1.98491050594 2.03036227028 1.97123450845 1.97490915091 2.05429072455 2.04620872874 2.0290392431
-999.999 -999.999 -999.999 -999.999 -999.999 -999.999 -999.999 1.69799385556 1.9224306206 2.10653067626 2.29063073192 2.376760771 2.94198314839 2.91244383972 2.57454227419 2.23664070866 2.11026143109 2.14679849804 2.31547625962 2.26158641303 2.20769656644 2.15380671985 2.1831776819 2.22715025086 2.27075660097 2.3384348331 2.48955514064 2.61733242815 2.68611353044 2.53971336081 2.42642358728 2.34512352643 2.26382346558 2.18252340473 2.10122334388 2.05603578756 2.3107452019 2.42507600312 2.53940680434 2.65373760556 2.86370059443 2.75366624314 2.55805653703 2.36244683091 2.1668371248 1.97122741868 1.8235063017 1.92732547186 1.90914737471 1.90138482621 1.95649242967 1.93932294404 1.92215345841
-999.999 -999.999 -999.999 -999.999 -999.999 -999.999 -999.999 1.72287250058 1.96838933648 2.15248939214 2.3365894478 2.35938923694 2.28758622879 2.21578322063 2.14398021247 2.01107211022 2.16880535813 2.67122904568 2.37003231412 2.31614246753 2.26225262094 2.26912497226 2.31309754122 2.35707011018 2.40104267915 2.3998182088 2.56944122453 2.69721851204 2.82499579954 2.7088645627 2.56246439307 2.41606422344 2.32780192199 2.24650186114 2.16520180029 2.19247999568 2.40266774815 2.70678020844 3.01089266873 3.16266943219 3.1319775073 2.93636780119 2.74075809507 2.54514838896 2.34953868285 2.15392897673 1.95831927062 1.76592126763 1.84706024097 1.8278605015 1.84960664498 1.83243715934 1.81526767371
-999.999 -999.999 -999.999 -999.999 -999.999 -999.999 -999.999 1.7477511456 2.01434805237 2.19844810803 2.29844336876 2.15158031757 2.15321862889 2.05140429889 1.86861197791 2.18355621344 2.68597990099 2.85338499637 2.42458836862 2.37069852203 2.35507226261 2.39904483158 2.44301740054 2.48412922697 2.52511501883 2.39097492207 2.52321987461 2.73975052328 2.90488188343 2.87801576459 2.73161559497 2.58521542534 2.43881525571 2.31048031756 2.2836143955 2.32892420381 2.45540103482 2.75951349511 3.06362595541 3.13888854805 3.00889277892 2.89008961056 2.7712864422 2.65248327384 2.53224024089 2.33663053478 2.14102082867 1.94541112255 1.74980141644 1.75433617679 1.74272086028 1.76914157336 1.80981418101
-999.999 -999.999 -999.999 -999.999 -999.999 -999.999 -999.999 1.87620671259 2.06030676825 2.24440682391 2.14054093194 2.13506231587 2.14899657411 2.10655957633 1.9320860215 2.60217256924 3.20315444384 2.96227444405 2.52423534942 2.44101955297 2.48473510841 2.52572090027 2.56670669213 2.60769248399 2.64867827585 2.42862043382 2.43009089176 2.64662154043 2.84426996792 2.91401423551 2.75051084201 2.58700744851 2.42350405501 2.2795698951 2.38539947922 2.46536841193 2.51067822023 2.81224678178 2.85508259081 2.72175761878 2.58401304041 2.46520987205 2.34640670369 2.22760353532 2.10880036696 1.9899971986 1.87119403024 1.75239086187 1.83066651927 1.69731893635 1.7192769117 1.75864001695 1.79800312221
-999.999 -999.999 -999.999 -999.999 -999.999 -999.999 1.70062671632 1.92216542847 2.10626548413 2.29036553979 2.1333880331 2.14732229134 2.16125654958 2.17519080783 2.00161156775 2.67169811549 2.89917015914 2.66638581015 2.45636768894 2.56731257357 2.60829836543 2.64928415729 2.69026994915 2.73125574101 2.77224153287 2.46626594557 2.28543408068 2.44169197392 2.59794986716 2.74441526017 2.58091186667 2.41740847317 2.25390507967 2.29506160735 2.40089119146 2.49757763002 2.61872441649 2.57011062892 2.4500870766 2.30462668951 2.1591333019 2.04033013354 1.92152696517 1.80272379681 1.82949413829 2.21797279845 2.14586549145 1.97954791623 1.81323034101 1.6954265233 1.70327876561 1.71113100792 1.73824455538
-999.999 -999.999 -999.999 -999.999 -999.999 -999.999 1.72550536134 1.96812414435 2.15222420001 2.15793628462 2.10090626765 2.15335815347 2.17351652505 2.1874507833 2.11028278123 2.5569033289 2.27670120506 2.2190523734 2.27035884537 2.16515587386 2.36570535651 2.59565279394 2.81383320617 2.85481899803 2.87351581529 2.5189972029 2.21054963432 2.19537187316 2.3516297664 2.50788765964 2.41131289133 2.24780949783 2.20472373548 2.31055331959 2.3769509586 2.45584529225 2.53505478291 2.23180437375 2.4036354929 2.04934117716 1.73425356339 2.1186843117 2.50716297186 2.62738203886 2.46106446364 2.29474688842 2.12842931319 1.96211173797 1.79579416275 1.69353411024 1.70138635256 1.70923859487 1.71709083718
-999.999 -999.999 -999.999 -999.999 -999.999 -999.999 1.82998280457 2.01408286023 2.19818291589 2.15723363546 2.02144582249 2.04914165488 2.1015935407 2.15404542653 2.20649731235 1.88701659997 1.98173705786 2.15731748209 2.05211451058 1.94691153907 1.92642025762 2.20180897549 2.47719769336 2.75258641123 2.85175642128 2.58199546334 2.23828276928 2.15022979533 2.11502352791 2.26156755888 2.24171391598 2.11438586361 2.21490195695 2.26700481492 2.31910767288 2.41411295448 2.29522150359 2.20535749243 2.30102866804 2.47105746832 3.0775084631 2.94258101104 2.77626343582 2.6099458606 2.44362828538 2.27731071016 2.11099313493 1.94467555971 1.77835798449 1.69164169719 1.6994939395 1.70734618182 1.71519842413
-999.999 -999.999 -999.999 -999.999 -999.999 -999.999 1.87594152045 2.06004157611 2.05709229869 2.1565309863 1.9527066862 1.96742827211 1.99737704211 2.04982892793 1.82034802344 1.78953798254 1.94234459629 1.9390731473 1.86180357455 1.92032620836 1.97884884216 2.2371914163 2.51258013417 2.59847253 2.5763703704 2.54585619293 2.30128102971 2.12511622376 2.08990995634 2.05470368892 2.07211494064 2.10495581326 2.15705867123 2.2091615292 2.26126438717 2.37238061671 2.14164964379 2.1789106111 2.24001824281 2.4100470431 2.58007584339 2.537405154 2.47600977772 2.50077197068 2.42619210712 2.2598745319 2.09355695667 1.92723938145 1.76092180623 1.68974928414 1.69760152645 1.70545376876 1.71798594745
-999.999 -999.999 -999.999 -999.999 -999.999 1.70325957709 1.92190023633 2.10600029199 2.16103932768 2.15582833713 1.8839675499 1.89868913582 1.91341072173 1.91049175313 1.87965518973 1.84884514883 1.84236157581 1.90088420962 1.95940684343 2.01792947724 2.07645211105 2.27257385711 2.34110963613 2.32624456957 2.30098431953 2.27047014205 2.23995596458 2.10000265218 2.06479638477 2.02515417504 1.99623432992 2.04711252755 2.09921538551 2.15131824348 2.20950149247 2.18472006833 2.11520276246 2.15246372978 2.18972469709 2.34903661787 2.51595339454 2.55267752044 2.43280387851 2.31293023658 2.19305659465 2.07318295272 1.95330931078 1.90980320319 1.74348562797 1.68785687109 1.70745343947 1.7348293324 1.76220522534
-999.999 -999.999 -999.999 -999.999 -999.999 1.72813822211 1.96785895221 2.10921460047 2.27402215828 2.15512568797 1.81522841361 1.82994999952 1.85002917718 1.90108418043 1.94059098264 1.90969870984 1.81778706345 1.88522030561 1.96181546475 2.03841062388 2.11516604071 2.13552654992 2.06888167571 2.05401660915 2.02559826865 2.04872123057 2.31281407598 2.05333382958 2.02137028092 1.98000031628 1.94601989312 1.98926924183 2.0413720998 2.09347495776 2.1677691547 2.05149491383 2.08875588114 2.12601684845 2.16327781576 2.28802619264 2.4446065538 2.55888390078 2.44807624495 2.32820260302 2.20832896109 2.08708481236 1.96073340634 1.83438200032 1.70803059431 1.70500333515 1.74191698141 1.77883062768 1.80642450323
-999.999 -999.999 -999.999 -999.999 -999.999 1.82971761243 2.01381766809 2.02930298295 2.38700498888 2.1544230388 1.74648927731 1.76121086323 1.80386649911 1.85492150236 1.90597650561 1.95703150886 1.91481377841 1.82784653965 1.90444169878 2.02044195838 2.14663553071 2.16358666793 2.05940299745 2.31580219062 2.5771063239 2.55638515442 2.14274594639 1.98671408389 1.96579671289 1.93484645751 1.89580545633 1.93499798527 1.98352881408 2.03563167205 2.07421863308 2.0250480325 2.06230899981 2.09956996712 2.13683093444 2.22701576742 2.37325971306 2.47866015985 2.44039983542 2.31304011281 2.18668870679 2.06033730077 1.93398589476 1.80763448874 1.68377819062 1.71144402863 1.73910986665 1.77581841218 1.81273205845
-999.999 -999.999 -999.999 -999.999 -999.999 1.87567632831 2.05977638397 2.14228581355 2.49998781948 2.15372038964 1.67775014102 1.70664881779 1.75770382104 1.80875882429 1.85981382754 1.91393794891 1.85839172179 1.78029429531 1.90298577937 2.02567726342 2.14836874748 2.27039577921 2.4733021046 2.69148882102 2.89629231313 2.40729366924 1.94499191126 1.9200943382 1.8991769672 1.8782595962 1.84832263409 1.88478354848 1.92568552836 1.97778838633 1.96134018386 1.99860115117 2.03586211849 2.0731230858 2.11038405311 2.16600534219 2.30191287232 2.34682494404 2.40404564207 2.31721257029 2.15994119521 2.03358978919 1.90723838317 1.78088697715 1.69093126497 1.71859710298 1.746262941 1.77392877901 1.80971984295
