Examples/results/velocity/asciifiles/KR2_140509_120000.JPG_interpmap.txt
ncols 224
nrows 356
xllcorner 447110.0
yllcorner 8755190.0
cellsize 10.0
NODATA_value -999.999
[rows 299 to 321 of 356, columns 53 to 105 of 224]
5.18886439688 5.89146217854 4.69665606594 3.81932475258 3.02165544811 2.22398614364 1.65341871311 1.80264114617 1.79546584856 1.7747943093 1.76598633461 1.78212051941 1.79825470422 1.81438888903 1.77586082991 1.68083047175 1.59363892977 1.54265636117 1.52093799401 1.5455071595 1.58934721859 1.86561760501 1.90377130238 1.92633759679 2.01263950853 2.0824715971 2.10870423851 2.12524811895 2.28038988425 2.05763025912 2.2915413775 2.49915977611 2.38946956397 2.26506504943 2.0890458457 2.1882106566 2.28696860453 2.38572655245 2.47108785709 2.49373522805 2.51665396811 2.45905514964 2.47919884336 2.58585881615 2.61187059606 2.71163299675 2.91627778273 3.1209225687 2.54251225816 3.37143373083 5.03074047741 5.72022666069 4.89577673447
3.2765546852 4.13445195622 4.99234922723 4.93800737117 3.74320125857 2.6195412979 1.82187199344 1.74900174313 1.74048696276 1.75662114756 1.77275533237 1.78888951718 1.80502370199 1.82115788679 1.80439422745 1.71110361939 1.61630640099 1.47214179272 1.48294105604 1.51937056643 1.57685003474 1.68066632394 1.75336989872 1.84272170223 1.93207350575 2.02077411938 2.04354779036 2.05349230913 2.06850015814 2.09683154205 2.33074266043 2.50359864438 2.38374047593 2.26388230748 2.18563337893 2.25558298102 2.35434092895 2.45309887687 2.49968973893 2.52395314622 2.49518288155 2.38528247102 2.42927621249 2.60588465376 2.68212902001 2.57242256707 2.61969337424 2.23428581617 2.19327249954 2.36824661727 3.26384204499 3.97292159243 3.14847166622
1.71860040661 2.22214224454 3.08003951555 3.93793678656 4.79583405758 3.98455256379 2.78974645119 1.73958974843 1.74725596052 1.76339014533 1.77952433014 1.79565851494 1.81179269975 1.82792688456 1.83292762499 1.74137676703 1.60667877296 1.50751085712 1.5022827689 1.52771783296 1.55866772514 1.65373183399 1.70905114118 1.7984029447 1.88775474821 1.94184637538 1.99587514759 2.00581966636 2.01576418514 2.06752761817 2.35163821294 2.53210943331 2.55554033112 2.43568216267 2.29252601696 2.32483880544 2.42171325336 2.50393009292 2.52991215903 2.55507670038 2.60691644503 2.76987197819 2.71154036367 2.76096192253 2.69647888759 2.43193446438 1.86365940079 2.02944603136 2.4054531942 2.53599952082 2.55567061805 2.62402482233 2.88390011603
1.43899351512 1.55183291999 1.65974964056 2.07610753671 2.8835243459 3.74142161691 4.22590386902 3.03109775642 1.83629164382 1.79614446638 1.80372572066 1.81130697494 1.81888822922 1.83469588232 1.85083006713 1.74997867578 1.6787254863 1.58978930332 1.56378525481 1.57320086223 1.57872452192 1.63720664109 1.76800589122 1.75408418716 1.84343599068 1.86291863138 1.92869793289 1.9581470236 1.98247844088 2.02970522276 2.37188177832 2.5465364364 2.60349926981 2.60748201786 2.45382917405 2.39421379767 2.48908557778 2.53415251302 2.56013457914 2.73942109258 3.19683041583 2.85706042815 2.67771145845 2.89721829256 2.65877083638 2.1977551394 2.18557755017 2.44644438428 2.68785009727 2.66086687824 2.67164535011 2.76513605401 2.78496729937
-999.999 1.82665961642 1.45641504359 1.58180033988 1.68971706044 1.95597177404 2.68700917625 3.54490644726 3.27244906165 2.07764294904 1.84511793006 1.85269918434 1.86028043862 1.8678616929 1.87544294717 1.84520282731 1.7610039325 1.67206774951 1.62528774072 1.60443777155 1.60840435399 1.64704298198 1.74711634848 1.77941618861 1.79528303854 1.78399088737 1.77269873621 1.91373934125 1.96096612314 2.00819290503 2.23355481902 2.5609634395 2.61792627291 2.70736384795 2.61513233115 2.46358878991 2.53839286701 2.55192524587 2.56061272961 2.82734811529 3.29211903974 2.54894637983 2.95233374117 2.88560720837 2.58964337856 2.41559614039 2.67646297449 2.88709603549 3.02799984643 3.11621604404 2.78322588526 2.85366529149 2.74117753412
-999.999 -999.999 -999.999 2.10434412485 1.4764683544 1.61176775976 1.71968448033 1.83583601137 2.4904940066 3.34839127761 2.31899425427 1.89409139373 1.90167264801 1.90925390229 1.91261777882 1.90077234314 1.86962314269 1.77740346531 1.67666512265 1.63567468087 1.63808418605 1.67672281405 1.71536144205 1.85266294012 1.78821133803 1.75941148295 1.74468063688 2.00505445338 2.04087141756 2.07668838174 2.25123198457 2.66592163708 2.74132200685 2.65118550644 2.46566010041 2.52249396018 2.5664950938 2.58816425048 2.60983340716 2.76073497083 3.32451850563 2.87941168851 3.22994193655 2.98153161771 2.73312129887 2.90648156471 3.08634197371 3.22724578465 3.3681495956 3.50905340654 3.32137330825 2.80241453371 2.68588075578
-999.999 -999.999 -999.999 -999.999 -999.999 -999.999 1.5640792285 1.64173517964 1.74965190021 1.85756862078 2.29397883694 2.5603455595 1.94306485741 1.95064611169 1.93879225304 1.95730737067 1.97659145532 1.89722438972 1.79070196386 1.67993315765 1.66776401812 1.7086003145 1.77048642845 1.8661664632 1.84750460828 1.80510129351 1.94802904055 2.13107228236 2.24787722897 2.42519120038 2.62950711351 2.63752828086 2.60083634308 2.49067961767 2.41488309875 2.58731986761 2.72154011638 2.63738492802 2.6590540847 2.69412182637 3.25790536116 3.5278212443 3.41286363879 3.12500953802 3.13650015493 3.28558791192 3.42649172287 3.56739553381 3.70829934476 3.83551374449 3.81303525454 3.17566871182 3.27768327642
-999.999 -999.999 -999.999 -999.999 -999.999 -999.999 -999.999 -999.999 1.6516901026 1.67170259953 1.77961932009 1.88753604066 2.09746366729 1.99203832108 1.99455831356 2.01384239821 2.03312648286 2.01550761129 1.90215044773 1.77129037124 1.72614103824 1.79207129385 1.86505964172 1.84441742047 1.81204639171 1.86454206896 2.0872034575 2.30986484605 2.45042725752 2.45844842487 2.46646959221 2.47449075956 2.460693175 2.32878303435 2.4877797562 2.66320287939 2.83486482499 2.82783544012 2.70827476224 2.72994391892 3.1912922167 3.27080743065 3.29835671794 3.33459229067 3.41493469748 3.49527710429 3.5756195111 3.65596191791 3.73630432472 3.81664673152 3.29637476321 3.28530134986 2.75930651604
-999.999 -999.999 -999.999 -999.999 -999.999 -999.999 -999.999 -999.999 -999.999 -999.999 1.73930097671 1.70167001941 1.80958673998 1.91750346054 2.02390308054 2.03023944418 2.03841541923 2.02652383097 1.94076094815 1.8664732011 1.8444766964 1.80222135612 1.81328547838 1.78091444961 1.91389095084 1.94400281172 2.11982829424 2.31166135459 2.34465584644 2.33841409131 2.32324742904 2.31145323825 2.3194744056 2.38525329046 2.56067641365 2.73609953684 2.91152266004 3.08240978236 2.93413076386 2.77916459647 2.9862443297 3.00363582518 2.98916183646 3.14889958943 3.18164337223 3.42798974849 3.55675249813 3.63709490494 3.71743731175 3.69066538865 2.77971427187 2.76864085852 2.75756744517
-999.999 -999.999 -999.999 -999.999 -999.999 -999.999 -999.999 -999.999 -999.999 -999.999 -999.999 -999.999 1.82691185081 1.73163743929 1.83955415986 1.94747088043 2.01246630945 1.99949961309 1.98555864344 1.96819952946 1.83405003352 1.61426040505 1.74341279241 1.85015327714 2.11607133625 2.02399824672 2.15245313097 2.196792906 2.22978739785 2.25219183039 2.23702516811 2.22185850584 2.20728396321 2.39259998832 2.62440546735 2.8089961943 2.98441931749 3.15984244068 3.23056576387 3.0404260876 2.9387022437 3.00010079349 3.033531354 2.98833960059 3.09110596182 2.99287400746 3.23922038373 3.48556675999 3.69857029879 3.05754449133 2.26305378054 2.25198036719 2.34370572779
-999.999 -999.999 -999.999 -999.999 -999.999 -999.999 -999.999 -999.999 -999.999 -999.999 -999.999 -999.999 -999.999 -999.999 1.91452272491 1.75537147878 1.86952157974 1.97743830031 2.02915655846 1.93487902617 1.70205502067 1.52467684069 1.73594505875 2.00197253537 2.21667177109 2.06575523266 2.04892996557 2.08192445741 2.11491894926 2.14791344111 2.15080290719 2.13563624492 2.13479150284 2.27914500707 2.51095048609 2.74275596512 2.97456144414 3.20636692316 3.40816222133 3.36263712422 3.26031289307 3.22233628208 3.17714452867 3.13195277525 2.96503694713 2.72062824767 2.81716058689 2.57174835507 3.01146665537 2.19109102494 1.83245205707 1.98778796782 2.06333020863
-999.999 -999.999 -999.999 -999.999 -999.999 -999.999 -999.999 -999.999 -999.999 -999.999 -999.999 -999.999 -999.999 -999.999 -999.999 -999.999 -999.999 1.77279300725 1.89948899963 2.00740572019 2.04659775018 1.9274188769 1.83211070557 2.01866942534 2.0964415542 1.92458524472 1.91822238082 1.96193526724 2.00005050067 2.03304499252 2.06458064626 2.04941398399 2.06229904248 2.16569002582 2.39749550484 2.62930098386 2.83276763167 3.02995559825 3.22714356483 3.36215833591 3.47853594199 3.2175409337 3.11487812649 2.91652126256 2.71816439862 2.80362744149 3.01683775982 2.94451389894 2.7018782166 2.15480554325 1.8763832309 2.18330335437 2.46229441199
-999.999 -999.999 -999.999 -999.999 -999.999 -999.999 -999.999 -999.999 -999.999 -999.999 -999.999 -999.999 -999.999 -999.999 -999.999 -999.999 -999.999 -999.999 -999.999 1.79021453572 1.92945641951 2.0092673745 2.06403894191 2.08745525805 2.06064391019 1.95337467932 1.9296128139 1.91470126859 1.89978972327 1.91488283461 1.95117103577 1.96319172306 1.98980658211 2.05061283248 2.18999611419 2.38405225956 2.57810840493 2.7721645503 2.96622069567 3.09448947516 3.21720075271 3.21442261777 2.99905800115 3.02952716578 2.87539205753 3.02352539993 2.95436287634 3.01766402301 2.8393940076 2.37970636012 1.9446716112 2.38000301168 2.86125861535
-999.999 -999.999 -999.999 -999.999 -999.999 -999.999 -999.999 -999.999 -999.999 -999.999 -999.999 -999.999 -999.999 -999.999 -999.999 -999.999 -999.999 -999.999 -999.999 -999.999 -999.999 1.80763606419 1.95942383939 2.02670856623 2.09690515485 1.98963592399 1.94955192841 1.93464038309 1.91972883778 1.90481729246 1.88990574714 1.87499420182 1.92700528784 1.99099147171 2.08388131697 2.19327883742 2.36891441957 2.56297056494 2.74889725709 2.84537187192 2.91995348533 2.9171753504 2.77569257227 2.87530362851 2.91908817293 2.84992564934 2.78076312575 2.87093884709 2.96967484368 2.60460717699 2.0129599915 2.57670266899 3.24929451412
-999.999 -999.999 -999.999 -999.999 -999.999 -999.999 -999.999 -999.999 -999.999 -999.999 -999.999 -999.999 -999.999 -999.999 -999.999 -999.999 -999.999 -999.999 -999.999 -999.999 -999.999 -999.999 -999.999 1.82716408519 1.98939125928 2.02589716865 1.96949104292 1.9545794976 1.93966795228 1.92829482037 1.91836357994 1.90843233951 1.88100730412 1.93137011095 2.00812589309 2.11752341355 2.22692093401 2.35377657958 2.52595594655 2.60839604044 2.62270621796 2.61992808302 2.61714994809 2.63703613872 2.69550859375 2.67486802839 2.62547767459 2.72421367118 2.82294966776 2.82950799386 2.25790725708 2.79659220159 3.44599417143
-999.999 -999.999 -999.999 -999.999 -999.999 -999.999 -999.999 -999.999 -999.999 -999.999 -999.999 -999.999 -999.999 -999.999 -999.999 -999.999 -999.999 -999.999 -999.999 -999.999 -999.999 -999.999 -999.999 -999.999 -999.999 1.9147749593 1.9926398838 1.98270864337 1.97277740293 1.9628461625 1.95291492207 1.94298368164 1.9330524412 1.88127425048 1.93573493405 2.04176798967 2.15116551013 2.26056303059 2.15461542364 2.5114908847 2.53137402371 2.55125716271 2.5610141301 2.54048819489 2.4414087424 2.48265236914 2.57671089478 2.86809514426 3.04633776238 3.09708829841 2.86030798061 3.20188012189 3.94060246834
-999.999 -999.999 -999.999 -999.999 -999.999 -999.999 -999.999 -999.999 -999.999 -999.999 -999.999 -999.999 -999.999 -999.999 -999.999 -999.999 -999.999 -999.999 -999.999 -999.999 -999.999 -999.999 -999.999 -999.999 -999.999 -999.999 -999.999 2.05760925259 2.00101274572 1.99739750463 1.9874662642 1.97753502377 1.96760378333 1.93370291271 1.88154119683 1.9660125658 1.91651392968 1.72639723071 2.15193602089 2.39834886346 2.41823200247 2.43811514147 2.45799828048 2.47788141948 2.52060235389 2.4151912957 2.31385863114 3.20271847821 3.38096109633 3.32942371972 3.09264340192 2.79465416207 4.42822181743
-999.999 -999.999 -999.999 -999.999 -999.999 -999.999 -999.999 -999.999 -999.999 -999.999 -999.999 -999.999 -999.999 -999.999 -999.999 -999.999 -999.999 -999.999 -999.999 -999.999 -999.999 -999.999 -999.999 -999.999 -999.999 -999.999 -999.999 -999.999 -999.999 -999.999 2.00822782744 2.00668677873 2.00215512546 1.98613157495 1.93430386154 1.83823827075 1.72821909945 1.74597281109 2.17151160127 2.28520684222 2.30508998123 2.32497312023 2.37449696139 2.47612151182 2.56015773198 2.46437991669 2.21485339155 2.85487349035 3.71558443029 3.56175914103 2.71204534266 3.44865401268 4.07173062357
-999.999 -999.999 -999.999 -999.999 -999.999 -999.999 -999.999 -999.999 -999.999 -999.999 -999.999 -999.999 -999.999 -999.999 -999.999 -999.999 -999.999 -999.999 -999.999 -999.999 -999.999 -999.999 -999.999 -999.999 -999.999 -999.999 -999.999 -999.999 -999.999 -999.999 -999.999 -999.999 2.01544290917 2.01390186046 2.00575675155 1.9528742578 1.9165310292 1.8801878006 2.15218168197 2.17206482098 2.22839156889 2.31580985936 2.39984607953 2.48388229969 2.56791851985 2.48704541936 2.2478068857 2.87900692063 3.70984598359 2.92089432379 2.47437273967 3.38738450556 3.67668717689
-999.999 -999.999 -999.999 -999.999 -999.999 -999.999 -999.999 -999.999 -999.999 -999.999 -999.999 -999.999 -999.999 -999.999 -999.999 -999.999 -999.999 -999.999 -999.999 -999.999 -999.999 -999.999 -999.999 -999.999 -999.999 -999.999 -999.999 -999.999 -999.999 -999.999 -999.999 -999.999 -999.999 -999.999 2.02369737262 2.0276147231 2.03153207357 2.03724509122 2.07146198675 2.15549820691 2.23953442707 2.32357064724 2.4076068674 2.49164308756 2.57567930772 2.50546223138 2.39673777844 3.23287598445 3.24397697623 3.21133123689 2.38478944657 3.06434389117 3.40484684451
-999.999 -999.999 -999.999 -999.999 -999.999 -999.999 -999.999 -999.999 -999.999 -999.999 -999.999 -999.999 -999.999 -999.999 -999.999 -999.999 -999.999 -999.999 -999.999 -999.999 -999.999 -999.999 -999.999 -999.999 -999.999 -999.999 -999.999 -999.999 -999.999 -999.999 -999.999 -999.999 -999.999 -999.999 -999.999 -999.999 -999.999 2.2046602019 2.15207159215 2.12031784443 2.12617101699 2.13202418956 2.36689524173 2.49940387543 2.5834400956 2.50927677073 2.68230982614 2.80567332803 2.79903123788 3.46762961529 2.70797434983 2.65688750197 3.18218439331
-999.999 -999.999 -999.999 -999.999 -999.999 -999.999 -999.999 -999.999 -999.999 -999.999 -999.999 -999.999 -999.999 -999.999 -999.999 -999.999 -999.999 -999.999 -999.999 -999.999 -999.999 -999.999 -999.999 -999.999 -999.999 -999.999 -999.999 -999.999 -999.999 -999.999 -999.999 -999.999 -999.999 -999.999 -999.999 -999.999 -999.999 -999.999 -999.999 -999.999 -999.999 2.37824326514 2.32565465538 2.27306604563 2.22095011533 2.27757056563 2.36140265149 2.33980432068 2.35945675299 3.02805513039 3.03115925308 2.85281818517 2.95952194211
-999.999 -999.999 -999.999 -999.999 -999.999 -999.999 -999.999 -999.999 -999.999 -999.999 -999.999 -999.999 -999.999 -999.999 -999.999 -999.999 -999.999 -999.999 -999.999 -999.999 -999.999 -999.999 -999.999 -999.999 -999.999 -999.999 -999.999 -999.999 -999.999 -999.999 -999.999 -999.999 -999.999 -999.999 -999.999 -999.999 -999.999 -999.999 -999.999 -999.999 -999.999 -999.999 -999.999 -999.999 2.60441493813 2.55182632838 2.49923771862 2.44664910887 2.00758603869 2.32041285056 2.80180186567 3.25562500339 3.28965108604
