Examples/results/velocity/asciifiles/KR2_140508_120000.JPG_interpmap.txt
ncols 287
nrows 454
xllcorner 446880.0
yllcorner 8754180.0
cellsize 10.0
NODATA_value -999.999
[rows 192 to 215 of 454, columns 106 to 158 of 287]
2.92712992903 3.07937455307 3.14863504791 3.21789554276 3.19076738899 3.04680681144 2.90284623388 2.85652582392 2.85128579944 2.84604577496 2.83526980521 2.80934666231 3.05415693683 3.15329629071 3.19978192033 3.26210343975 3.32442495917 3.45604826368 3.64225894795 3.64872754575 3.50868464738 3.61707122239 3.72545779739 3.8338443724 3.92121865293 4.20351769796 4.35036758588 4.50816017423 4.6469687425 4.46830412044 4.15583468559 3.91889788397 3.80376617307 3.68863446217 3.67899608096 3.73244693211 3.68535189358 3.70235026623 3.81625403976 3.79815866452 3.86041064759 4.41887970907 4.75209094378 5.0853021785 5.41851341321 6.89946387375 6.2930669849 5.73568319629 5.63997968278 5.23433063654 4.82868159031 4.51554680086 4.34070260446
2.87999492134 2.94925541619 3.01851591103 3.08777640588 3.14020532946 2.9962447519 2.88452539659 2.87928537211 2.87404534763 2.86880532315 2.86356529867 2.92036389656 3.09470067286 3.1876678738 3.23394986313 3.28023185245 3.33823860933 3.40056012876 3.58984958143 3.64700979098 3.63876161016 3.74714806451 3.85306972162 3.95899137873 4.05765634852 4.18081631768 4.30151326562 4.44762127824 4.60541386659 4.50410168971 4.03239761557 3.71202664142 3.62946510622 3.57028358378 3.99722523017 4.17309946094 4.28700323447 4.23302750643 4.08939415546 3.9457608045 3.80212745354 4.32883530667 5.11090954588 5.65992826583 5.99313950054 8.7432118399 7.86640611923 6.46322975356 5.55528579689 5.14963675065 4.79789791649 4.62305372009 4.4482095237
2.78657314596 2.81913627931 2.88839677416 2.957657269 3.02691776385 2.94568269237 2.90728494478 2.9020449203 2.89680489582 2.87827647423 2.84517272645 2.96090763259 3.13524440889 3.22203945689 3.26832144622 3.31460343554 3.36088542487 3.41437377892 3.53407128406 3.55792040434 3.66384206145 3.76976371856 3.84957927643 3.9032880521 3.95699682776 4.23810828692 4.26032819702 4.38708238224 4.53907095569 4.6747353479 4.18840771352 3.62968843929 3.36176838266 3.86003040267 4.4831962728 4.63297031919 4.50459246713 4.37621461507 4.23699629545 4.09336294449 3.94972959353 4.01518572654 4.80287431009 5.61765823742 6.12801781481 9.18488147074 7.93878908082 6.53561271515 5.470591911 5.08024903213 4.90540483573 4.73056063933 4.55571644293
2.84275609924 2.86251591883 2.88227573843 2.90203555803 2.92179537762 2.93139787975 2.89963622636 2.8694352167 2.83923420703 2.80903319737 2.78830407688 2.96324262167 3.17578814493 3.25641103998 3.3026930293 3.34897501863 3.39525700796 3.44153899728 3.4905089485 3.58053605838 3.64150220434 3.69521098 3.74891975567 3.80262853133 3.856337307 4.01413614018 4.40795803322 4.3766447312 4.47215740212 4.60782179434 4.43143301155 3.87271373732 3.70922460287 4.32957461842 4.51510745386 4.39237713851 4.31291744477 4.19027044216 4.0618925901 3.93351473803 3.80513688597 3.86956959884 4.68435352617 5.4991374535 5.65197666127 5.62049597284 7.50625673712 6.48589995886 5.38589802511 5.18775595136 5.01291175496 4.83806755856 4.66322336216
2.83098509742 2.84937001892 2.87360373712 2.90658958039 2.93957542366 2.93934804722 2.87736798176 2.84182821839 2.81162720872 2.85118691317 2.91722178102 3.05127177347 3.21633188096 3.29078262307 3.33706461239 3.38334660172 3.40675864322 3.41900516183 3.65018189886 3.71408871531 3.65033954841 3.59455145924 3.64826023491 3.70196901057 3.75567778624 3.8093865619 4.21229315199 4.49658527014 4.44659410908 4.55180785009 4.67445830958 3.83373480994 4.17595296405 4.42804996745 4.25777767099 4.13560205014 4.0561423564 3.97668266266 3.87594841719 3.74757056512 3.61919271306 3.81583677541 4.56583274225 5.31142197508 5.17593550772 5.04044904036 5.54712141486 5.8276320035 4.9504602692 4.80224683086 4.65403339252 4.51101007836 4.53227381346
2.8423316102 2.87503370216 2.90773579412 2.94043788608 2.97313997804 2.96391590192 2.90240334791 2.84089079389 2.88018346319 2.92218541966 2.93961568928 2.98217571083 3.19181299352 3.24708305804 3.25932957665 3.27157609526 3.43820761917 3.7342349438 3.97081188543 4.09696278143 4.03321361452 3.96946444762 3.90571528072 3.84196611382 3.77821694691 3.71446778001 4.03470935264 4.50540331691 4.44627697848 4.55149071949 4.57462710654 4.02233130967 4.34099248103 4.17072018457 4.00044788811 3.87882696177 3.79936726803 3.71990757429 3.64044788055 3.56098818681 3.5217863076 3.77666274706 4.44731195833 4.83538082153 4.69989435418 4.56440788682 4.42892141946 5.16936404813 4.32583126073 4.17761782239 4.02940438405 3.91878064212 4.38431826288
3.03777636133 3.02034775846 2.98766296687 3.02036505883 3.05306715078 2.98806883148 2.93959818574 2.87980808472 2.90702063083 2.93579073121 2.96200959754 2.97943986716 3.0499403757 3.12414702869 3.21293527441 3.51004057711 3.80714587982 4.05486493037 4.291441872 4.47983684754 4.41608768064 4.35233851374 4.28858934684 4.22484017993 4.12415758202 3.96488864256 3.95341322289 4.42314941111 4.44595984788 4.52247721282 4.3822633563 4.25393499461 4.08366269815 3.9133904017 3.74311810524 3.6220518734 3.54259217966 3.46313248592 3.38367279218 3.35240870975 3.51211188318 3.73748871872 4.32879117442 4.35933966799 4.22385320063 4.08836673327 3.95288026592 3.81739379856 3.70120225225 4.0618659992 4.52740361996 4.99294124072 5.45847886148
3.13328278351 3.256891324 3.38049986448 3.13250086098 3.13299432353 3.00978226092 2.96131161519 2.91284096945 2.89130453676 2.92007463714 2.94884473752 2.98622092749 3.02529953442 3.28476823236 3.58187353506 3.87897883777 4.13891797531 4.37549491694 4.61207185858 4.84864880021 4.79896174676 4.73521257985 4.63639699487 4.4771280554 4.31785911594 4.1267571054 4.03534421045 4.30786629284 4.44564271728 4.46088207646 4.78061006368 3.99660521173 3.82633291528 3.65606061882 3.48578832236 3.36527678503 3.28581709129 3.20635739755 3.26803372528 3.4569010097 3.6353454361 3.72098875757 4.0187849818 3.88329851444 3.76903709974 3.81090178835 3.83683894912 3.73876163708 3.59899626696 3.33710835851 3.68313588071 4.79386175162 5.90458762252
3.22878920569 3.35239774618 3.47600628666 3.59961482715 3.57789518412 3.11273289163 2.94762169875 2.8849664942 2.85282215616 2.93438901276 3.01595586935 3.07358519007 3.112663797 3.42152365288 3.95081179572 4.22297102025 4.45954796188 4.69612490352 4.93270184515 5.16927878678 5.14863640771 4.88254664567 4.60032247229 4.31809829892 4.03587412554 4.00500830276 4.1596534376 4.3918262662 4.85121644912 5.43775223886 6.0242880286 5.69514343459 4.18926186684 3.39873083594 3.22845853949 3.10850169666 3.02904200292 3.18365874082 3.37252602523 3.56139330964 3.75026059406 3.84422231049 4.01823941633 4.06010410494 4.05822999607 3.96015268403 3.86207537199 3.76399805995 3.62001152041 3.36092709061 3.09903918217 2.83715127372 3.01131358027
3.25794633449 3.37858610975 3.49922588502 3.6212939369 3.83747864626 3.47377668771 3.00647245861 2.82713173323 2.79101140962 2.87257826622 2.95414512281 3.03571197941 3.11423976456 3.12637738854 3.79911046181 4.78518230249 5.06914676166 5.35311122083 5.63707568 5.71368601728 4.87457593297 4.50943949243 4.22721531906 3.94499114568 4.00482123016 4.09913449328 4.28931300074 4.47803434707 4.81253832136 5.14704229564 5.48154626993 5.6048050367 4.84016505399 4.07552507127 3.02123533517 2.91041647193 3.09928375635 3.28815104076 3.47701832517 3.66588560959 3.854752894 3.96745586341 4.27962104302 4.18154373098 4.08346641894 3.9853891069 3.88731179486 3.78923448281 3.63118728159 3.38474582271 3.12285791427 2.86097000582 2.59908209738
3.26750661052 3.38814638578 3.50878616104 3.72009823638 3.93628294574 3.83482048379 3.36605974858 2.90029196469 2.72920066309 2.81076751968 2.87571156183 2.93606623714 2.99642091246 3.0463483627 3.9694560708 5.64983173714 5.93379619631 6.21776065548 6.50172511465 6.02965271187 5.13991609796 4.23739899669 3.91936688797 4.00463415756 4.08990142715 4.22879405642 4.53998367052 4.3791896517 4.26830953898 4.34757832203 4.68208229632 5.01658627061 4.27172222818 3.50708224547 3.18948791044 3.10943704835 3.27276022966 3.43608341097 3.59940659228 3.77037790953 3.95924519395 4.29459504639 4.4038391087 4.20678015385 4.1087028418 4.01062552976 3.91254821772 3.81447090568 3.64236304277 3.40856455481 3.14667664636 2.88478873792 2.68862427488
3.27706688654 3.39770666181 3.6027178265 3.81890253586 4.03508724522 4.19586427988 3.72564703856 3.25987925467 2.69104160742 2.71341144047 2.77104607605 2.82868071163 2.88631534721 3.0112171646 6.15802578696 5.75868666048 6.79844563096 7.08241009013 6.88895517293 6.30777336421 5.40525626294 4.54171380677 4.31693593071 4.29210320866 4.26727048661 4.50415190921 4.85260820539 4.45941670169 4.34853658898 4.23765647626 4.12677636354 4.21712229699 3.78842513565 3.70497060726 3.62151607887 3.53806155047 3.5233484452 3.68667162651 3.84999480782 4.01331798913 4.18241378542 4.5655392223 4.60744753945 4.33763228203 4.13393926467 4.03586195263 3.93778464059 3.83218275582 3.65353880394 3.43238328691 3.17049537846 3.15848898159 3.98803780834
3.28662716257 3.48533741663 3.70152212598 3.91770683534 4.1338915447 4.35007625405 3.85937429942 2.85469390524 2.73648357527 2.63469048397 2.69232511955 2.74995975513 2.94942593108 4.37585433357 5.49173038699 7.41715825085 7.54791725016 7.748257634 7.20492186752 6.57311352919 5.72162192845 4.94121224892 4.71782219489 4.90068111694 4.86048524212 4.79744390996 5.21816734485 4.66966513564 4.42876363897 4.31788352625 4.20700341353 4.00598567609 4.07598212024 4.13699877568 4.05354424729 3.9700897189 3.88663519051 3.93725984205 4.10058302336 4.26390620467 4.55588286572 4.87579792763 4.8110559702 4.54124071278 4.27142545536 4.0610983755 3.96302106346 3.843358517 3.66471456512 3.456202019 3.62835368831 4.49382767966 5.41467748036
3.36795700675 3.58414171611 3.80032642546 3.98614057337 4.11754601063 4.24895144788 3.06367064745 2.91035761164 2.78192554313 2.66371521316 2.61360416306 2.88763469756 4.61495869674 5.73083475017 6.8467108036 7.96258685702 8.54311580322 8.01992549665 7.4588765259 6.90153005013 6.1211203706 5.34071069107 5.09580931503 5.41741988496 5.44716671503 5.30638686353 5.58372648431 4.98646290523 4.50899068896 4.34579155539 4.11170754851 4.00156460619 4.08659009044 4.17092869922 4.23778701741 4.3046453356 4.31866335893 4.23520883054 4.3511712389 4.6094368841 4.93246863203 5.26063273408 5.2648345467 4.85794538274 4.47503388611 4.20521862869 3.98825748632 3.85453427818 3.6758903263 3.48838728657 3.88721653084 4.3136409991 4.74006546737
3.38395765562 3.51536309287 3.64676853013 3.77817396738 3.90957940464 3.67363456426 2.97639229841 2.97475816684 2.87997911343 2.74455851064 2.60913790785 4.84758358406 5.85350741826 6.58459621088 7.3156850035 8.04677379612 8.0472104647 7.37140692122 6.80114839891 6.56235092402 6.24834582459 5.74020913322 5.47379643516 5.43567576111 4.78766504093 4.25975362956 5.14956671282 5.44771280331 4.4834337366 4.21742942094 3.98334541406 4.01105469939 4.09608018365 4.1811056679 4.26587527821 4.3327335964 4.39959191458 4.46645023277 4.59181454839 4.99706357995 5.325227682 5.65339178405 5.96963090887 5.56274174492 5.15585258096 4.74896341701 4.40519624006 4.01355773977 3.9540009228 3.35657543323 3.29902069885 3.63902898611 4.06545345438
3.17599104963 3.30739648688 3.43880192414 3.57020736139 3.70161279865 3.06920340345 2.96038930528 2.8836505232 2.985021218 2.84960061522 3.50146864381 4.44141089117 4.97737511426 5.70846390688 6.43955269951 7.00294571336 7.28393731654 6.61290866629 6.37411119141 5.9609736288 6.38967307789 5.93310175352 5.45081391988 4.92446467329 4.49740817668 4.07646577392 4.25631368611 5.28014121803 4.94982859735 4.34279960375 3.94834601889 4.0205447926 4.10557027685 4.1905957611 4.27562124536 4.36064672961 4.42768017538 4.49453849357 4.46609977387 4.93090189971 5.42243365194 5.91396540417 6.37431493608 6.2675381071 6.04836936083 5.83667889777 5.62498843472 3.79310680611 4.12923555066 3.22476357989 3.16720884552 3.10965411114 3.39084144138
3.16164364541 3.14585612236 3.23083531815 3.3622407554 3.49364619266 3.05320041032 2.94438631215 2.83557221398 2.97616938592 2.95464271979 3.77050753395 3.85273811597 4.10124281027 4.83233160289 5.48458514099 5.95734938743 6.43011363387 5.92379228309 5.23513116302 4.54647004294 5.8062245883 6.85643590427 5.96906724595 5.40891421422 4.98185771761 4.57472271539 4.21893595206 4.72521709965 5.41071572325 4.81540461871 4.43163398552 4.10794606261 4.17032775897 4.23270945534 4.2950911517 4.37013682281 4.45516230707 4.47529334499 4.4354027962 4.77845749881 5.22965564527 5.66059505358 6.09153446188 6.08280072385 5.77931026435 5.47581980485 5.06871723343 3.91586517988 4.07527196797 3.12639797634 3.03539699218 2.9778422578 2.92028752342
3.29680334952 3.21320121481 3.19741369176 3.18162616871 3.14601151536 3.03719741719 2.92838331902 2.81956922085 2.88506174228 3.05968482437 3.18183475875 3.26406534078 3.3462959228 3.95619929889 4.43898881506 4.87948499734 5.31048235977 5.16327785536 4.0845365407 3.13196645708 6.5786871068 6.60018843006 6.62168975332 5.93550084645 5.46630725853 5.07297965686 4.68044719328 4.6973921162 4.91995505295 5.02030356184 4.93039398437 4.51272312237 4.31151463847 4.37389633484 4.43627803121 4.49865972757 4.64706046505 4.46295790853 4.42416871235 4.44868944198 4.83605742994 5.26699683825 5.45200022714 5.47995735688 5.29854988515 4.88864564451 4.42159032057 3.34121740971 3.64099608401 3.07243439365 2.90358513884 2.84603040446 2.78847567009
3.34541918444 3.32370054463 3.26475878421 3.26380914634 3.22469378136 3.08980344764 2.95491311393 2.82002278022 3.63534285985 3.0967902824 3.1119493242 3.16944817374 3.32944254128 3.52374543837 3.31145567141 3.74245303384 4.17345039627 4.54100307411 3.83111047396 4.74184616357 6.0251258124 6.03682542441 6.04852503643 6.06022464844 5.88665947829 5.36969619365 4.852732909 4.6899678148 4.71199190783 4.62457704891 4.68294298238 4.78329149127 4.59381225922 4.51508321434 4.57746491071 4.78791305494 4.78329611025 4.57178699495 4.41993942068 4.40296130768 4.50652714974 4.78207085266 4.8100279824 4.8456668451 4.82790591665 4.24151873164 3.7744634077 3.02994392966 3.11931777617 2.9025452613 2.7717732855 2.71421855112 2.66879271667
3.29720093796 3.27548229815 3.29992121157 3.24424943245 3.21350889878 3.07876910813 2.94387877441 2.8089884407 4.37468989755 5.61663501 5.14864348557 5.30863785311 5.46863222066 5.69241796198 5.93805419779 6.1836904336 5.15756989418 4.06656125895 4.07297214588 5.61998580526 5.88420254347 5.57747538125 5.58917499327 5.67115072571 5.5701485213 5.05318523665 4.76592085592 4.84541845053 4.92491604514 5.00441363975 4.95731848926 4.86990363034 4.78248877143 4.71475604006 4.92876564483 5.12324835213 4.91173923684 4.70023012154 4.48872100624 4.37692093283 4.46079901543 4.39039223333 4.25831288722 4.24294603875 4.2100065272 4.08412532729 3.12733649483 2.7186704496 2.63606817003 2.87162502199 2.96070874095 2.91951148236 2.87831422377
3.27974869273 3.30522507708 3.30868183138 3.22468971856 3.19394918489 3.06773476861 2.93284443489 3.40864747774 4.99741585208 6.58618422642 7.59792716014 7.44782753249 7.60782190003 7.85084371659 8.0964799524 8.34211618821 8.58775242402 8.64957321157 7.63758954108 6.66120020382 7.15721365939 5.11812533809 5.18913691078 5.40471294799 5.2536375643 4.84187389703 4.92137149164 5.00086908626 5.08036668087 5.15986427548 5.23936187009 5.29005992961 5.20264507069 5.11523021178 5.28362783949 5.25169147872 5.04018236343 4.82867324813 4.61716413283 4.40565501753 4.36911498806 4.23703564195 4.06637586211 3.87816520347 3.7455428504 3.57397051902 3.32025225165 2.6724465494 2.7689097565 3.00446660846 3.17023024806 3.12903298947 3.08783573088
3.31052894259 3.33600532695 3.31311914665 3.20785160422 3.174389471 3.05670042909 2.92181009537 4.03137343226 5.6201418066 7.20891018094 8.79767855528 9.58701721186 9.76363323539 10.0092694712 10.254905707 9.83055221963 9.16534384398 8.50013546833 7.35854104035 5.93168613742 4.68891602701 4.37617849561 4.92269913306 5.13827517027 4.93712660731 4.99732453276 5.07682212737 5.15631972198 5.23581731659 5.3153149112 5.39481250581 5.47431010042 5.55380769503 5.53538651104 5.59164372061 5.38013460531 5.16862549002 4.95711637472 4.46925344092 4.58900508603 4.05331611112 3.85039647308 3.68327632139 3.56446962332 3.44566292525 3.34491419259 3.20596920147 2.59036772343 2.82949310681 3.13730819492 3.37286504688 3.33855449657 3.31405770824
3.34130919246 3.36678557681 3.31755646193 3.2122889195 3.15482975711 3.04566608957 3.06533101245 4.65409938679 6.24286776113 7.83163613547 9.42040450981 11.0091728841 11.6709977861 11.0057894105 10.3405810348 9.67537265917 9.01016428352 8.34495590786 7.43197308575 5.78601357162 3.98653505242 3.4619594658 4.11760495544 4.77325044508 5.19044264886 5.27873766628 5.36703268371 5.45532770113 5.54362271856 5.63191773599 5.72021275341 5.80850777084 5.89680278826 5.98509780569 5.13372092851 4.63122774878 4.74048365731 5.08605276968 4.97824969898 4.37468788255 3.77112606613 3.53813305051 3.48609204198 3.43405103345 3.38201002492 3.16966026642 3.01267292707 2.56307817299 2.88083594513 3.19859371726 3.50570663335 3.55001302291 3.60412195465
3.37208944232 3.39756582668 3.3219937772 3.21672623477 3.13527004322 3.03463175005 3.68805696697 5.27682534131 6.86559371565 8.45436208999 9.7113931052 9.93058712529 10.4301955958 10.3537866604 9.79431071178 9.2348347631 8.67535881443 8.11588286576 7.22413302407 5.55011364382 3.75063512462 3.58834148697 4.24398697662 4.96602883182 5.88887562732 6.09757104631 6.18586606374 6.27416108116 6.36245609859 6.45075111602 6.53904613344 6.62734115087 6.71563616829 5.5631309876 5.14623266776 5.48124936464 5.82681847701 5.36749431193 4.74026863294 4.1197924741 3.73341474497 3.63628378177 3.7157073412 3.66366633267 3.65174539614 3.64207406593 3.02444175471 2.6144210113 2.93217878344 3.25169334851 3.57623806635 3.73359934433 3.89418620107
