Examples/results/velocity/asciifiles/KR2_140513_120000.JPG_interpmap.txt
ncols 297
nrows 493
xllcorner 446910.0
yllcorner 8753800.0
cellsize 10.0
NODATA_value -999.999
[rows 144 to 167 of 493, columns 53 to 105 of 297]
-999.999 4.13843039981 4.31817515208 4.49791990434 4.67766465661 4.85740940887 5.03715416114 5.2168989134 5.21517746833 5.28525295135 5.41658460403 5.55154634053 5.68650807702 5.82146981352 5.95643155002 6.21671096624 6.52396985895 7.49820892226 8.07615915546 8.79652821248 9.82889970703 11.268180147 12.3465193342 13.109848256 13.7878405354 13.394652185 11.6498724975 9.90509281007 8.91344840885 8.29813758009 8.54234509568 10.5505870711 11.6396950923 10.7893764874 9.23714779675 7.27791156472 9.71556085027 10.3234268581 9.3628696128 8.51525136314 7.62757738349 6.73887753579 6.51365783188 5.95611598819 5.70453266414 5.39779782843 5.08178613413 5.10563879375 5.13182166184 5.14255732156 5.95835004834 6.82875295066 7.44914780529
-999.999 4.18551662637 4.36526137863 4.5450061309 4.72475088316 4.90449563543 5.08424038769 5.26398513996 5.24466459445 5.32947399942 5.46443573592 5.59939747242 5.73435920892 5.86932094541 6.00428268191 6.30238793246 7.13986782077 7.6298743175 8.34388619249 9.57194725446 11.0112276944 12.4505081344 13.3238923619 14.1041726972 14.1131653085 13.9101890165 12.670826423 10.8081108685 9.48815815992 8.87284733117 10.6601410094 11.7492490306 12.8383570518 13.6716708041 12.0044181876 8.41590309855 7.89331667508 8.15683332931 8.42034998354 8.126032383 7.06547423099 6.39972695523 6.00106218731 5.71463421514 5.47661277288 5.1698189837 5.13297932616 5.19973084532 5.26648236447 5.84724951847 6.86159979379 7.86226749489 8.97382707966
-999.999 4.23260285292 4.41234760519 4.59209235745 4.77183710972 4.95158186198 5.13132661425 5.31107136651 5.27488777774 5.37732513131 5.51228686781 5.64724860431 5.78221034081 5.91717207731 6.08080600596 6.38806489867 7.18358947954 7.89124417251 9.31499480189 10.7542752419 12.1935556819 13.5209850543 14.030441555 14.486758395 14.3381438019 14.1693262514 13.6917803485 11.6710244682 10.062867911 10.7696949477 11.8588029689 12.9479109901 14.0370190114 14.6706743246 12.9738061235 9.08942399236 8.02070921577 8.28422587 8.30773377205 7.9472520018 6.52885598421 6.30783742971 5.95786124597 5.54919439378 5.24869288163 5.16031985858 5.27789688884 5.43377733027 5.58965777169 6.63990038108 7.66104589382 9.2710109943 9.8033503311
-999.999 4.27968907947 4.45943383174 4.63917858401 4.81892333627 4.99866808854 5.1784128408 5.35815759307 5.30511096102 5.4251762632 5.5601379997 5.6950997362 5.8300614727 5.9650232092 6.16648297217 6.76336112185 7.61876190935 9.05804234933 10.4973227893 11.8263716348 13.0185019807 13.8693630151 14.3765610448 14.6608676474 14.5122530544 14.3636384614 14.2150238684 12.5339380679 10.879248886 11.8677157262 12.1272817297 12.3868477331 12.6464137366 12.9159860909 12.6055703549 9.76294488617 8.14810175647 8.2276337229 7.82088915401 7.78070698275 6.74986031793 6.22404207402 5.88280498452 5.53535370431 5.28180095403 5.46867562974 5.63765607632 5.80663652291 6.42267605633 7.39419142011 8.41258480152 9.28488747788 9.77086374243
4.14703055376 4.32677530603 4.50652005829 4.68626481056 4.86600956283 5.04575431509 5.22549906736 5.27349810297 5.3380656586 5.4730273951 5.60798913159 5.74295086809 5.87791260459 6.01287434109 6.40502002036 7.36180945678 8.80108989676 10.0144188774 11.2065492233 12.3986795693 13.5908099152 14.2547778064 14.7226805346 14.8349768999 14.6863623069 14.5377477139 13.6548977287 12.5368318262 10.2307559858 10.1030211416 10.3625871451 10.6221531485 10.881719152 11.2236336189 11.4468159489 9.58798098339 8.14753367375 7.74078910486 7.33404453597 7.46920578083 6.85147530089 6.04883871819 5.67442126759 5.52811174255 5.54748750971 5.74053665106 6.09050046605 6.73462163005 7.41046461362 8.23973601372 9.43710247133 10.4192158889 9.71502937463
4.19411678032 4.37386153258 4.55360628485 4.73335103711 4.91309578938 5.09284054165 5.27258529391 5.29474578741 5.38591679049 5.52087852699 5.65584026349 5.79080199998 5.92576373648 6.06072547298 7.01033577407 8.20246612002 9.39459646596 10.5867268119 11.7788571578 12.9709875038 14.1631178497 14.6408436627 15.0688000244 15.0090861524 14.6808277218 13.6548521759 12.2833855614 10.8198491376 9.26013807592 9.05179934947 8.92181010569 8.85745856392 9.11702456736 9.53128114695 9.65113631308 7.79827003765 7.90673011389 7.45493771536 7.05775979214 7.11998944621 6.49841839869 5.87684735118 5.89762428899 5.96927977025 6.02537290973 6.19458420645 6.53087925759 7.22576263997 7.97367186971 9.15160586325 10.4518026245 10.3846402458 9.64065366952
4.24120300687 4.42094775914 4.6006925114 4.78043726367 4.96018201593 5.1399267682 5.31967152047 5.3249689707 5.43376792238 5.56872965888 5.70369139538 5.83865313188 5.97361486837 6.27060655842 6.75932972037 8.46054661264 9.96690440046 11.1590347464 12.3511650923 13.5432954383 14.7073672451 15.026909519 15.3318099979 14.655012847 13.0809077722 11.5068026975 9.93269762271 8.71440942473 8.41003540028 8.05857349739 7.92441659176 7.79025968613 7.68782497034 7.52213035339 7.43186715875 7.43247272588 7.62024421301 7.30343630469 7.01147822138 6.84549819453 6.33721026443 6.25032192659 6.19889004669 6.3244384567 6.39616816508 6.55790543988 7.43138444806 8.24890034318 9.06088341903 10.0409383643 10.8189151187 9.76641770075 8.64751560935
4.28828923343 4.46803398569 4.64777873796 4.82752349022 5.00726824249 5.18701299475 5.36675774702 5.35519215398 5.48161905427 5.61658079077 5.75154252727 5.88650426377 6.02146600027 6.50931471577 6.57796769087 7.45746821669 9.15868510897 10.8599020012 12.5611188935 14.1156033728 15.0934331013 14.4642287939 16.2493438345 12.3043249083 10.7302198335 9.15611475878 7.59600955803 6.64245717365 7.30353457828 7.13919290059 7.00503599496 6.92331970226 7.16546829663 7.28577424828 7.19259595425 7.24041145794 7.26342027387 7.20173661328 6.96519665062 6.80157604538 6.72748561558 6.64059727774 6.5537089399 6.57461418343 6.27976576349 6.43450125652 7.19696004597 8.34066970174 9.43251694697 10.1515066352 10.0282709905 8.67133838415 7.46387538676
4.33537545998 4.51512021225 4.69486496451 4.87460971678 5.05435446904 5.23409922131 5.41095180079 5.39450844967 5.52947018616 5.66443192266 5.79939365916 5.93435539566 6.5699160245 6.74802287312 6.81667584822 6.88532882331 8.15560671301 9.85682360529 11.8940351687 13.9439647738 13.8968868259 12.3199657208 15.0734339122 14.8024014993 9.84411628969 6.80542682009 5.48164790524 5.32219766811 5.98327507274 6.21981230379 6.349574114 6.62377403809 6.89797396217 7.17520789577 7.16041161244 7.22976152902 7.25277034494 7.16324513196 6.92648493293 7.06700259486 6.56804921573 6.52869049758 6.48372883757 6.49919069252 6.20384949347 6.42529711145 6.94798062071 7.9387510671 8.36642047753 8.70071569209 8.80999755129 6.8965069285 5.95147626302
4.38246168654 4.5622064388 4.74195119107 4.92169594333 5.1014406956 5.28118544786 5.34482698037 5.44235958156 5.57732131806 5.71228305455 5.84724479105 6.59494105348 6.90453393076 6.94669450669 6.98885508262 7.03101565855 8.17976417567 10.1907712844 12.2407008895 14.2906304947 13.1883307493 11.2453099402 12.4777153459 12.206682933 11.9356505201 11.5851221897 5.60400744505 6.46854080075 6.52636180734 6.24874300042 6.08207977954 6.35627970362 6.63047962771 7.06464154327 7.12822727063 7.20123029693 7.33429200293 7.8195164763 6.96466786231 7.23318569455 6.1605721085 6.11208476863 6.12754662357 6.08997254502 6.44080428057 6.65770116526 7.06260276339 7.22150790401 7.28200203076 7.55812773996 7.72376373271 5.93540461279 5.10453667828
4.42954791309 4.60929266536 4.78903741762 4.96878216989 5.14852692215 5.32827167442 5.37505016366 5.49021071345 5.62517244995 5.76013418645 5.89509592295 6.58761027644 6.83416112713 7.01088297079 7.05304354672 7.09520412265 8.64885964866 10.6164143272 12.5873666104 14.6372962155 12.4797746726 10.2108479402 9.95076729015 9.72975420019 9.50874111022 8.90922147671 5.65030328513 6.05854446316 6.17545302329 6.43534333813 6.38979160631 6.31203562928 6.43127484573 7.02303990253 7.05092264859 7.05676571282 7.38061458106 7.24865180358 6.85598070941 6.78273104031 5.7765654987 5.64785776569 5.55527394973 5.95878941816 6.4427509746 6.76894023319 6.94419445308 7.02175462409 7.09931479511 6.94575462591 6.34443153958 5.75189514879 4.82120564986
4.47663413965 4.65637889191 4.83612364418 5.01586839644 5.19561314871 5.37535790097 5.40527334694 5.53806184534 5.67302358184 5.80798531834 6.96305370811 6.52708542781 6.71391155915 7.07507143489 7.11723201082 7.15939258675 9.11795512165 11.0855098002 13.0530644787 14.0246307072 11.2376713713 8.64909002801 8.05233242657 7.46577530501 7.09171528958 6.23332076368 5.74896102949 5.65525180012 5.69181409945 6.22777048171 6.38022436014 6.30523786519 6.37989556741 7.09789992979 6.87022113179 6.73618474893 7.52201511757 7.67423513631 7.06880595361 7.20797185622 5.73490983108 5.02057535444 5.43109743415 5.98207232151 6.4092039764 6.57649425533 6.74859811856 6.74513931613 6.65637132482 6.08818018911 5.54467392859 5.27387817389 4.63658581998
4.5237203662 4.70346511847 4.88320987073 5.062954623 5.24269937526 5.42244412753 5.45095124074 5.58591297723 5.72087471373 5.85583645023 6.87306751444 6.57082993947 6.76067331746 6.95051669545 7.18142047492 7.61949591613 9.58705059464 11.3676485214 12.2473856764 13.1271228315 10.2607393067 7.2517440752 6.87048262294 6.79513109775 6.72989964701 6.82498247518 6.43837821825 5.54760007787 5.85207558429 6.10627231592 6.3439316535 6.26894515855 6.45399354347 6.98031448499 7.1255112694 7.16478970053 7.74118004286 7.50694361566 7.20052696801 7.05773356305 5.77235123231 5.17242175476 5.74353047674 6.08904246908 6.28761190929 6.4783199433 6.52823776177 6.21344971743 5.92017539348 5.73074550988 5.20789279468 4.69774392549 4.13337764125
4.57080659276 4.75055134502 4.93029609729 5.11004084955 5.28978560182 5.39827565225 5.49880237263 5.63376410913 5.76872584562 7.22594515343 6.81449844153 6.61759169777 6.80743507576 6.99727845375 7.18996934815 8.08859138912 9.32157876683 10.2013159219 11.0810530769 11.960790232 9.50584313765 7.52730382803 7.32515462135 7.2270639695 7.23235563013 7.7986326755 7.65870038451 5.90241615234 5.80411613759 6.0098709667 6.29420758256 6.23265245192 6.52947441685 7.01864953851 7.38080140701 7.59339465213 7.89655727041 7.6604420872 7.71935339772 6.92192777986 5.74334139888 5.48319397307 5.76888096176 5.96745040197 6.16601984218 6.36458928239 6.33074552498 5.91258112557 5.71519330453 5.57919596494 4.92446615442 4.37939599944 3.86669813742
4.61789281931 4.79763757158 4.97738232384 5.15712707611 5.33687182837 5.42513135662 5.54665350452 5.68161524102 6.09394978606 7.16048052816 6.75592936861 6.66435345607 6.85419683407 7.04404021206 7.26264345165 7.77983085073 8.1738999561 9.03498332236 9.9147204774 10.7944576324 8.75094696863 8.10290611786 7.90075691119 7.69860770451 7.73481161325 7.32758375001 7.80038142335 6.11149723119 5.73519829524 5.94095312435 6.17270941677 6.19635974528 6.60495529024 7.08327327871 7.84938435893 8.14592027949 8.42734628766 8.28542243949 8.02454322402 7.0541549095 5.92725379868 5.37945987532 5.59080394092 5.7888523785 5.98690081607 6.18494925365 6.15875146922 5.73234751027 5.3176581118 5.08243847222 4.67123218547 4.15744334803 3.94081793818
4.66497904586 4.84472379813 5.0244685504 5.20421330266 5.38395805493 5.45954289991 5.59450463641 5.72946637291 7.50646261479 7.10191145525 6.6973602957 6.71111521438 6.90095859237 7.2062413052 7.62335473187 8.30394389951 8.79778571753 9.19185482289 9.58592392826 9.97999303362 8.7221948248 8.63246897048 8.42820627897 8.22394358746 7.16156737869 5.40349191966 7.90237248988 6.08112958493 5.66628045288 5.87203528199 6.0777901111 6.24989336885 6.68043616363 7.14789701892 8.88501352691 8.88028522824 8.9350258265 9.06063995207 8.49246977595 7.61484164919 5.9257781129 5.55175340551 5.45323622648 5.4363263141 5.66321899263 5.88738879019 5.85913716607 5.50547142818 5.24857801433 5.00524920706 4.69243455154 4.03108642998 3.99076423521
4.71206527242 4.89181002468 5.07155477695 5.25129952922 5.43104428148 5.5073940318 5.6423557683 7.07652958465 7.44789354188 7.04334238233 6.63879122279 6.75787697268 7.14983915876 7.56695258543 8.03928168343 8.74194632525 9.42167147896 9.81574058432 10.0169270161 9.80120116022 8.98739686435 8.92766101745 8.86792517055 8.71814800186 7.42537254017 7.97984937771 8.19094134568 5.5264281219 5.68302396636 5.94044663175 6.09149769531 6.20726266235 6.58399800674 8.35119821039 9.5182140004 9.43663640066 9.66552097371 9.72413137351 9.00534491336 7.71413399389 6.53327481988 5.97864264684 5.82741251282 5.6761823788 5.38748566844 5.71543587002 5.78748769072 5.72287674661 5.31099421065 4.94830452394 4.65549907981 4.36269363568 4.10261157021
4.75915149897 4.93889625124 5.1186410035 5.29838575577 5.47813050804 5.5552451637 5.69020690019 8.36663303523 8.47722317809 7.68723937415 6.83129986528 6.46291312894 6.12850347828 6.05146792135 8.9064346266 9.45687500759 10.0073153886 10.0148909491 9.77484093173 9.55911507585 9.2525989039 9.192863057 9.140322671 9.08860709425 8.27436292065 9.75366746607 7.16997404641 5.41669307055 5.67892409434 5.97617138259 6.33491085788 6.41781938017 6.45834630767 9.09544788171 9.29095029978 9.22158589094 9.45047046399 9.12150556325 8.63466753495 7.41780695071 6.67902604277 6.2722524201 5.89657285316 5.59851811846 5.3357572736 5.27109994131 5.66937722756 5.78499488635 5.25073913114 4.91136905221 4.60992342811 4.22835471232 3.91786667965
4.80623772553 4.98598247779 5.16572723006 5.34547198233 5.47521254958 5.60309629559 7.65864715085 8.92404099023 9.09712361558 8.06821176532 8.07243112164 8.47337836359 8.87432560553 9.27527284748 9.20336607714 8.3953820924 9.20396305805 10.5878881077 9.93519409427 9.58426780788 9.64200394661 10.0174495414 9.45490379244 8.00686343131 5.99460028148 5.99427543808 5.59676215274 5.54219068346 5.7126916823 6.00993897055 6.47303029906 6.83613114793 7.20869010674 8.69836460821 8.93740273093 8.85865803747 8.41315320017 7.96764836287 7.36662692297 6.98648952265 6.46900676404 6.07231141334 5.80955056848 5.54678972362 5.28402887876 5.02126803389 5.2374007533 5.31624318844 5.17990938957 4.82530575338 4.44373703759 4.06216832179 3.67754743914
4.85332395208 5.03306870435 5.21281345661 5.39255820888 5.51598569098 5.65094742748 8.5373627659 9.02668556812 9.05904021186 8.91261513606 9.24703879379 9.32243045141 9.39782210904 9.47321376666 9.34206694309 7.09827811502 9.22483033052 11.3009786579 10.6482846445 9.99559063107 9.02632456979 8.78055446755 8.60540568489 8.08939171847 6.22503143572 7.46300937261 5.67327480344 5.66561472867 5.80907871148 6.07512610401 6.49602812836 7.13866134642 7.7544526468 8.09531325671 8.43706781223 8.29337792889 7.71980403853 7.14623014817 6.83279668942 6.57210972974 6.25918514094 6.18727018146 5.88913404829 5.59099791513 5.29286178196 4.9947256488 4.83655642199 5.27225362249 5.07766687783 4.94845241275 4.52032882517 4.09220523759 3.73137479167
4.90041017864 5.0801549309 5.25989968317 5.43964443543 5.56383682287 7.57680246555 8.12126201193 8.34791416122 8.76678999292 8.99947295412 9.17865812851 9.31146125113 9.38685290875 9.46224456638 9.43245580231 7.18341144992 9.2719471143 11.3840021448 11.3613751947 9.1431487454 7.81725015222 6.8564473125 7.39809539044 6.925184591 6.2509700313 5.65026832925 5.5177561209 5.71596072803 5.8281127774 6.4061457174 6.68503675546 7.17626888156 7.42261128552 7.78336741018 7.90262065403 7.86878811847 7.57898925187 7.0054153615 6.78681299134 6.44278585768 6.41243789192 6.30857703998 6.01044090681 5.71230477365 5.4427269577 5.20255573874 5.01877679052 5.17611123998 5.05789616119 5.0061735238 4.71819631314 4.29007272556 4.32594834335
4.94749640519 5.12724115746 5.30698590972 5.48673066199 6.37532984673 7.21583845575 7.53110887096 8.06848366838 8.60585846579 9.05102549532 8.74026696712 8.42950843892 8.94856174705 9.45127536609 9.52284466153 7.26854478482 9.3570804492 11.1525391134 10.7422543984 7.99914627058 6.77765409024 6.56872063711 6.83828805746 6.07278760786 5.61039083349 5.59712819557 5.52974893991 5.61591205644 5.75612109051 6.99342195375 7.23485495377 7.42612512482 7.55924319548 7.4151346426 7.36817349582 7.32121234904 7.40824631034 6.88310335568 6.73278499088 6.63222547693 6.5802365613 6.42988389849 6.18355613894 5.94338491998 5.68563868884 5.4087135709 5.1599592924 5.08984808192 5.03812544454 4.98640280715 4.91606380111 4.81477064971 4.70277946815
4.99458263175 5.17432738401 5.35407213628 5.52529374254 6.31041489956 6.83280254641 7.37017734383 7.90755214124 8.44492693866 8.98230173607 8.79181950832 8.48106098012 8.17030245192 7.85954392372 8.7617733679 6.87272316505 8.10796365146 9.35918418514 10.3578698094 8.38288676978 5.75664781533 6.02621523569 6.29578265604 5.76798066958 5.58287103899 5.57700737049 5.89018163171 5.92172324175 6.12635453338 6.47151815447 6.96167801667 7.17010046371 7.3873300786 7.01878808259 6.84483675143 6.78676519083 6.80337259103 6.79852712003 6.57458463083 6.69729967738 6.4794945914 6.29452642504 6.04571226774 5.7687871498 5.49186203185 5.21493691391 5.11542177881 5.0091858054 4.95617124693 4.90315668847 4.84223900182 4.79730066376 4.68195553182
5.0416688583 5.22141361057 5.40115836283 5.55001942741 6.13449622187 6.67187101928 7.2092458167 7.74662061411 8.28399541153 8.82137020894 8.84337204952 8.53261352132 8.22185499312 7.85620492836 7.07978043344 6.57820215861 6.98953246643 7.56582925687 8.81704979055 7.87444462167 6.07531540698 5.97950447931 6.18702945737 5.76993896769 5.72872389826 6.34799951405 6.42839537582 6.44763342404 6.47825897146 6.50565450361 6.96919331514 6.96308962696 6.99075325077 6.66537930775 6.75959375264 6.61642759272 6.52675293681 6.49445676766 6.55041799798 6.5467891004 6.20545891917 6.03008378972 5.80652433227 5.5750104928 5.29808537486 5.093426503 5.01317622706 4.94442661471 4.84389565647 4.79034092836 4.66626589107 4.41561169124 4.57838858586
