Examples/results/velocity/asciifiles/KR2_140509_120000.JPG_interpmap.txt
ncols 300
nrows 500
xllcorner 446880.0
yllcorner 8753720.0
cellsize 10.0
NODATA_value -999.999
[rows 368 to 390 of 500, columns 159 to 211 of 300]
4.73224103932 5.15065846461 4.90704893858 4.78656509834 4.56201126048 4.32130840145 4.08060554241 3.83990268337 3.71970993183 3.78140547868 3.88029172677 3.97917797487 4.07806422296 4.17695047105 4.27583671914 4.23383222833 3.76892628899 3.47081774728 3.40834002315 3.34586229903 3.2833845749 3.22090685077 3.85625431568 3.66905018243 3.51328259301 3.6987814463 3.78710583092 4.50984248137 5.94277365945 5.34313679638 6.35586160125 7.47679047825 8.59771935524 9.71864823224 10.5306077368 10.7005721736 10.3589318427 10.0172915118 9.67565118084 9.33401084991 8.99237051898 8.65073018804 8.49136499121 9.16854431117 9.95824102245 10.7479377337 11.5440061417 13.1184620304 14.6929179191 16.2673738077 17.8418296964 19.0577270789 20.1011399709
4.89114570304 5.22197532524 5.04178621745 4.80108335841 4.56038049937 4.31967764034 4.0789747813 3.83827192226 3.80164665174 3.6224869582 3.72137320629 3.82025945438 3.91914570247 4.01803195057 4.06259803631 3.87188166423 3.87512306591 3.51308718456 3.45060946043 3.38813173631 3.32565401218 3.26317628805 3.20069856392 3.15866426208 3.44195519606 3.74673300643 3.88134140485 3.84361598957 4.44056994404 5.15126303665 5.40019589176 6.52112476876 7.64205364575 8.64386431193 9.37584148965 9.57947948792 9.23783915699 8.89619882606 8.55455849512 8.21291816419 7.87127783326 7.70132006086 8.1076087507 7.9376671971 8.42736392215 9.21706063343 10.0526277002 11.6270835888 13.2015394775 14.6245898431 15.6680027352 16.7114156273 17.7548285194
5.2911240493 5.18988545315 5.00465446332 4.7994525973 4.55874973826 4.31804687923 4.07734402019 3.83664116115 3.88358337165 3.61507321613 3.56245468581 3.6613409339 3.76022718199 3.84190229281 3.80103038348 3.59406753206 3.59678225492 3.55535662184 3.49287889772 3.43894889814 3.3957332526 3.35251760705 3.3093019615 3.46484678247 3.64632930344 3.78032962512 3.80711701333 3.75222600051 3.69733498768 4.37129740671 4.44453018227 5.56545905927 6.68638793626 7.48909806474 8.22107524246 8.4583868022 8.11674647127 7.77510614034 7.4334658094 7.09182547847 7.30811362275 7.80183177298 8.10175308528 8.36007231096 7.84281594684 7.68618353313 8.56124925863 10.1357051473 11.2348654995 12.2782783916 13.3216912836 14.3651041757 15.4085170678
5.27652371658 5.10905295694 4.93848660977 4.73361783859 4.52874906741 4.31641611812 4.07571325908 3.83501040004 3.76625253182 3.69700993604 3.42849978052 3.50242241341 3.60130866151 3.61912129245 3.52321625131 3.37719573139 3.49416215459 3.54295546633 3.52661765698 3.49478170151 3.46294574604 3.43110979058 3.41419084581 3.54531752371 3.67931784539 3.75056627608 3.71572702426 3.66083601144 3.60594499861 3.55105398579 4.16787865411 4.60979334978 5.60235463983 6.33433181755 7.06630899527 7.33729411648 6.99565378555 6.65401345462 6.42118903441 6.91490718464 7.40862533487 7.83757819419 8.09589741987 8.22418580375 7.93253810759 7.48279728928 7.07759838998 7.84514115583 8.88855404792 9.93196694 10.9753798321 12.0187927242 13.0622056162
5.19569122037 5.02822046073 4.86074970108 4.66744998504 4.46258121386 4.25771244268 4.0528436715 3.83337963893 3.64383246739 3.77894665596 3.51043650043 3.34350389293 3.39842554895 3.39634029208 3.3099136693 3.38116748792 3.43461837777 3.47904702061 3.50160565328 3.46976969781 3.43793374234 3.40609778688 3.45119189034 3.57830606566 3.69362936428 3.67186907548 3.6243370352 3.56944602237 3.51455500955 3.45966399672 3.4047729839 3.65412764029 4.44758839264 5.17956557036 5.91154274808 6.21620143076 5.87456109983 6.0279825963 6.52170074653 7.01541889676 7.50913704699 7.83172252877 7.9388304048 7.80318361017 7.62577935167 7.17603853336 6.77024093586 6.6224472083 6.56775596435 7.58565548843 8.62906838052 9.6724812726 10.7158941647
5.03319108006 4.91287533583 4.77991720487 4.60128213149 4.39641336031 4.19154458913 3.98667581795 3.81705866725 3.62981866093 3.90158903154 3.71902568913 3.28360606126 3.23822879344 3.22921866709 3.26817282124 3.3216237111 3.37507460096 3.41513857489 3.45468676958 3.44475769411 3.41292173864 3.43270594245 3.48819293486 3.61129460761 3.61493216367 3.58783805895 3.53294704613 3.4780560333 3.42316502048 3.36827400765 3.35151123662 3.44816078073 3.85960335506 4.27104592939 4.7567765009 5.14105800796 5.63477615819 6.12849430842 6.62221245865 7.11593060887 7.56754763767 7.65347500585 7.51782821122 7.3821814166 7.24653462197 6.86927977744 6.46288348174 6.31508975418 6.16729602662 6.01950229906 6.31813976241 7.32616982103 8.05103754428
4.81947344395 4.69915769972 4.58811144117 4.57744519367 4.59094262561 4.60325875098 4.46536861713 4.1824085301 3.82490501887 3.99582954331 3.51923398408 3.33248268797 3.25385235318 3.20371130967 3.20862904443 3.26207993428 3.31168193447 3.35123012917 3.39077832386 3.41974569041 3.41421999457 3.46970698698 3.52519397938 3.55799525187 3.53623496307 3.49644806989 3.44155705706 3.38666604424 3.36599210121 3.42934436222 3.49269662323 3.63254455181 4.04398712614 4.45542970047 4.66011239915 4.81762493982 5.4430928329 6.06856072598 6.69402861905 7.21644232099 7.3681196069 7.23247281228 7.09682601765 6.96117922302 6.82553242839 6.56252102152 6.15552602762 6.00773230006 5.8599385725 5.71214484494 5.56435111738 5.47890202572 6.03801941384
4.60575580784 4.54674292663 4.51161686754 4.52801148391 4.54595341902 4.55826954438 4.56123744359 4.33716864583 4.06162563292 3.79074279077 3.45998964946 3.38135931468 3.30272897989 3.22409864511 3.1691938259 3.20253615747 3.24777348875 3.28732168345 3.32686987814 3.36139391258 3.45619181807 3.51304966931 3.52001353763 3.47929805127 3.45753776247 3.40505808082 3.3804729658 3.44382522681 3.50717748782 3.57052974883 3.63388200985 3.81692832289 4.07139234953 4.22175575071 4.37211915189 4.52248255307 4.94793784569 5.57340573877 6.19887363184 6.81965327746 6.99240586173 6.8114706187 6.67582382407 6.54017702944 6.40453023481 6.25576226559 5.84816857351 5.70037484594 5.55258111838 5.40478739082 5.39134883005 5.43289146122 5.37545415554
4.50537441209 4.470248353 4.4557765372 4.47857777415 4.50096421243 4.51328033779 4.51165695441 4.45439997527 4.25165151944 3.58749661096 3.50886627617 3.43023594139 3.3516056066 3.27297527182 3.19434493703 3.14299238065 3.18162974324 3.21333341956 3.24503709589 3.33207265332 3.47256541782 3.50842312273 3.46213804545 3.41585296816 3.39495383039 3.44457832046 3.48861628567 3.53265425088 3.57669221609 3.62073018131 3.66476814652 3.7412459382 3.79624320006 3.93376250345 4.08412590464 4.23448930582 4.45278285848 5.07825075156 5.7017266139 6.3137759136 6.54543071833 6.49230927991 6.30139318498 6.11917483586 5.98352804123 5.8478812466 5.54081111939 5.39301739183 5.26092069221 5.30246332338 5.34400595455 5.38554858572 5.3508000551
4.42887983847 4.39375377937 4.40634282744 4.4291440644 4.45194530135 4.4682911312 4.45784878884 4.39765422757 4.03203032579 3.62395137227 3.53431917075 3.44468696922 3.35505476769 3.26542256617 3.17579036464 3.09571275238 3.13048919167 3.16454499704 3.19661588845 3.26119310236 3.40260535351 3.46421784556 3.43559535738 3.38922779613 3.37566676653 3.36780427631 3.41184224152 3.45588020674 3.49991817195 3.54395613716 3.63663472306 3.7146586913 3.76965595316 3.82465321503 3.8796504769 3.94649605856 4.09685945975 4.58309576435 5.19584925004 5.80789854974 6.07480940956 6.08476226275 5.99221269808 5.80129660316 5.61038050824 5.42687905303 5.23345366527 5.17203518554 5.21357781671 5.25512044787 5.29666307904 5.33820571021 5.32614595467
4.35238526484 4.33410788073 4.35690911768 4.37971035464 4.40251159159 4.4233019246 4.40110304114 4.42377534431 4.06997842184 3.78995127591 3.60490876219 3.48491490515 3.3649210481 3.24492719106 3.12493333402 3.05248256471 3.08455345611 3.11662434751 3.15302988601 3.19544752905 3.3308428975 3.38035439303 3.40168453318 3.36436299042 3.3561179535 3.39068436065 3.33506819738 3.37910616259 3.4231441278 3.51126634186 3.61195174647 3.65169941163 3.70411304699 3.75652668235 3.80894031771 3.86135395307 3.91376758843 4.07792258648 4.68997188618 5.30202118589 5.60418810079 5.61414095398 5.62409380717 5.49211611625 5.30120002133 5.11028392641 5.27377066915 5.13882169704 5.1662349412 5.20777757237 5.24932020354 5.2908628347 5.30149185423
4.27589069121 4.28467417097 4.30747540793 4.33027664488 4.35307788184 4.37587911879 4.42869938008 4.55557574677 4.26796427642 4.03184408111 3.7957238858 3.5960400177 3.47604616066 3.35605230361 3.22039109489 3.03628489234 3.03663280657 3.06870369797 3.1098143814 3.15223202444 3.25908044148 3.2964909405 3.31782108065 3.3391512208 3.33656914047 3.37403646041 3.31523224359 3.30233211844 3.38536263089 3.46870825393 3.5454001399 3.53981151875 3.54577918298 3.59819281834 3.6506064537 3.70268139648 3.74309699499 3.7835125935 4.18409452232 4.79614382203 5.13356679202 5.14351964521 5.1534724984 5.16342535159 4.99201953442 5.44520806069 5.69721855816 5.41856965843 5.32670338928 5.23483712014 5.20197732803 5.2435199592 5.27683775379
4.20072425639 4.21733489372 4.23394553105 4.25055616837 4.2671668057 4.296884774 4.41410434419 4.68737614924 4.50985708163 4.27373688631 4.037616691 3.80149649568 3.58717127321 3.441997154 3.25789095145 3.07378474891 2.98643946662 3.02418123374 3.06659887679 3.10901651983 3.18731798547 3.21262748797 3.23395762812 3.28569871196 3.34666470577 3.3775110282 3.39887291117 3.31550745203 3.32546476139 3.40811731337 3.47438710064 3.45820719802 3.42123518079 3.43985895433 3.49016465184 3.53058025035 3.57099584886 3.61141144737 3.84407113792 4.29026645817 4.66294548324 4.67289833644 4.68285118963 4.69280404282 5.15496697987 5.94311999529 6.12066644717 5.80875955035 5.60645135068 5.51458508153 5.42271881239 5.33085254324 5.2389862741
4.11680096113 4.1105060744 4.12711671173 4.14372734906 4.17884760216 4.21512516166 4.25140272117 4.47111283899 4.60916017731 4.36346077969 4.11776138207 3.87206198445 3.62636258683 3.49698451927 3.30949370805 3.12200289682 2.9396675366 3.01267512047 3.04377596361 3.07487680675 3.10876510908 3.16529111903 3.22102758917 3.27676405931 3.33250052945 3.37675074202 3.37984773968 3.35581747756 3.32233086139 3.33710427411 3.40337406138 3.37660287728 3.33963086005 3.32625836754 3.33339801382 3.35847910422 3.39889470273 3.43931030124 3.57914728103 3.90704301235 4.19232417447 4.23956557706 4.3158617628 4.54559130587 5.16286274018 5.26805875668 5.37325477318 5.57818261853 5.88165085524 5.73824590208 5.54485573003 5.35146555799 5.16855871364
4.04255327767 4.00367725509 4.02453287083 4.06081043033 4.09702123423 4.13312619434 4.16923115446 4.1291944346 4.19819644555 4.32421653857 4.07851714095 3.83281774333 3.58711834571 3.45918955873 3.36762505133 3.19051793391 3.00302712268 3.05693558864 3.08803643177 3.10383269814 3.1023633587 3.11479260394 3.15301958732 3.20875605746 3.2644925276 3.34338559765 3.36082256819 3.33860607683 3.29468172234 3.26561140958 3.34183871126 3.3359598589 3.33242185117 3.32888384343 3.33106278411 3.33954977676 3.34803676941 3.35652376205 3.39791497595 3.6831318553 3.84462714499 3.94247921573 4.01877540147 4.38260548507 4.48780150157 4.59299751807 4.69819353457 4.80338955107 5.11459168089 5.57734534919 5.43158196159 5.23819178955 5.10594756825
3.96830559422 3.90635050248 3.9424554626 3.97856042271 4.01466538283 4.05077034294 4.08687530306 4.02360228763 3.95275153235 3.92528005212 4.03927289982 3.7935735022 3.54787410458 3.41714003981 3.32557553241 3.23401102502 3.07154215977 3.1011960568 3.10317278741 3.10170344796 3.10023410851 3.10664123246 3.123707575 3.14077391753 3.19648452575 3.27709950536 3.34179739669 3.3213946761 3.30297901469 3.34690991705 3.37176089828 3.37538569874 3.35251646598 3.33150931933 3.32872755441 3.33721454706 3.38026262641 3.42388920516 3.45255730595 3.49232875144 3.60203567163 3.71174259183 3.83745711254 3.99200048117 4.1465438498 4.30108721843 4.45563058706 4.61017395569 4.72088203401 4.99809789409 5.23814776095 5.12491802111 5.05055453737
3.94700216358 3.91102423958 3.88353690013 3.89620457131 3.93230953142 3.96841449154 3.98886089593 3.91801014066 3.84715938538 3.7763086301 3.70545787482 3.75432926108 3.50862986346 3.37509052089 3.28352601349 3.1919615061 3.11134985771 3.10251287667 3.10104353722 3.09957419778 3.09810485833 3.09848986098 3.11555620351 3.13262254605 3.14968888859 3.21489020897 3.29838822369 3.3271301416 3.35198112284 3.37683210407 3.40168308531 3.42653406654 3.4064641479 3.38359491513 3.33124448123 3.33877661545 3.36744471624 3.39611281703 3.42478091781 3.45710025297 3.55949066909 3.66919758928 3.7365276624 3.94818399751 4.10272736614 4.25727073477 4.4118141034 4.58967821832 4.62383580487 4.77650486077 4.92917391668 4.92987455505 5.00270915936
3.93076346219 3.91896354621 3.88081560557 3.86323540014 3.84995368002 3.88605864014 3.88326874896 3.81241799368 3.7415672384 3.67071648313 3.59986572785 3.52901497257 3.46938562234 3.33304100197 3.25198361005 3.18340473683 3.12987821374 3.1167548448 3.10230710561 3.0974449476 3.09597560815 3.09450626871 3.10740483203 3.12447117457 3.14591435296 3.21000167354 3.28463848532 3.33300710819 3.37619750548 3.4067542911 3.43160527233 3.45645625357 3.46041182981 3.43754259705 3.33562785804 3.33444801397 3.3396683281 3.36833642889 3.39700452968 3.42748305807 3.51694566654 3.62223606632 3.67734820253 3.73246033874 4.05891088248 4.21345425111 4.36799761974 4.56809725208 4.52678957572 4.6790325196 4.82826617531 4.82341972595 4.87604557324
3.91452476081 3.91415171178 3.89068113237 3.86051410559 3.84293390016 3.82535369473 3.77975111189 3.71388966262 3.64802821335 3.58216676408 3.51630531481 3.45044386554 3.38458241628 3.32393730541 3.25545961596 3.18688074274 3.14926127841 3.13661299358 3.12216525438 3.10771751519 3.09384635797 3.09237701852 3.09925346055 3.11838357958 3.14226981816 3.20511313811 3.27085501026 3.31770718359 3.36089758088 3.40408797817 3.44727837546 3.48637844059 3.51122942182 3.40250671283 3.34001123486 3.33883139079 3.33765154671 3.34056004076 3.36922814155 3.39789624233 3.474400664 3.56305660646 3.61816874266 3.67328087887 3.77620167689 4.16963776745 4.3435725729 4.4889712689 4.42832858585 4.57756224157 4.72679589728 4.71696489685 4.74786315964
3.89828605942 3.90933987735 3.88586929795 3.86104653059 3.8402126056 3.79459602948 3.76176067778 3.69804708756 3.6321856383 3.56632418903 3.50046273976 3.43460129049 3.38459010575 3.3198906747 3.25519124365 3.19035674865 3.16864434307 3.15647114235 3.14202340316 3.12757566396 3.11312792476 3.09868018557 3.09110208906 3.11473904478 3.13862528337 3.20022460268 3.25658205567 3.30686457973 3.34559765628 3.38878805357 3.43197845086 3.47516884815 3.49851410726 3.34806249592 3.34220654614 3.3432147676 3.34203492353 3.34085507946 3.34145175341 3.3701198542 3.43185566145 3.50387714659 3.5589892828 3.61410141901 3.66921355521 3.95169897067 4.29901280161 4.43186163289 4.37668004606 4.47609196354 4.62532561925 4.62340122458 4.61968074604
3.88204735803 3.89980760456 3.88105746352 3.85758688411 3.8048014357 3.74700890055 3.72056007818 3.68220451251 3.61634306324 3.55048161397 3.48462016471 3.42097509194 3.38054347504 3.31584404399 3.25114461295 3.22018797531 3.20005978327 3.18695152873 3.17376096943 3.16057041014 3.14737985084 3.13418929154 3.09691379908 3.11286132275 3.13498074857 3.18603968033 3.24230910108 3.29834768406 3.33029773168 3.37348812897 3.39132419835 3.37270450209 3.35408480583 3.35862635366 3.35072336499 3.33796200495 3.33817607841 3.34001916596 3.3418622535 3.34287876813 3.40431537145 3.46818828333 3.53085192006 3.59351555679 3.65617919352 4.01106934236 4.17930602848 4.29691774663 4.34660793989 4.38402349175 4.52385534122 4.54786924432 4.49149833244
3.86409575482 3.88321529281 3.86315316944 3.81009415709 3.75658848087 3.70580830095 3.67935947857 3.6529106562 3.60050048819 3.53463903892 3.46877758965 3.42537458572 3.37649684433 3.31179741329 3.28293086565 3.2580794991 3.23144712009 3.20481474107 3.20662632322 3.20055153999 3.1873609807 3.1741704214 3.11366685998 3.11560388781 3.1423661077 3.14064146151 3.20904992382 3.27603610162 3.2994030109 3.28577092415 3.2721388374 3.25850675065 3.28410979965 3.3691902114 3.36303357084 3.35068047735 3.33623217919 3.33230252315 3.33414561069 3.36747915071 3.39829669828 3.46362504429 3.52485376734 3.58751740406 3.67924087885 3.92675042407 4.04436214222 4.16197386037 4.27958557853 4.30279727443 4.42238506319 4.47233726406 4.37375718749
3.93640561868 3.90809530143 3.79752213726 3.75640341316 3.70724187033 3.66460770134 3.63815887897 3.61171005659 3.58465791314 3.51879646387 3.46043612921 3.42977407949 3.37245021363 3.34273159396 3.31609921494 3.28946683592 3.26283445691 3.23620207789 3.22254010795 3.22621332204 3.22734211056 3.20850721298 3.13041992088 3.11834645288 3.18082932767 3.14498615456 3.13101010223 3.16836950739 3.21910486799 3.2698402286 3.26882365698 3.25519157023 3.29586065067 3.37975406914 3.37359742858 3.36744078802 3.3506375897 3.33450235343 3.34707742273 3.39876705591 3.42958460349 3.46040215106 3.52087601287 3.58193477864 3.70468920321 3.81553684717 3.90941825597 4.02702997412 4.14464169227 4.22157105712 4.34046971688 4.3968052838 4.28101644422
