Examples/results/velocity/asciifiles/KR2_140510_120000.JPG_interpmap.txt
ncols 286
nrows 445
xllcorner 446880.0
yllcorner 8754270.0
cellsize 10.0
NODATA_value -999.999
[rows 240 to 263 of 445, columns 212 to 264 of 286]
8.46189266398 8.61323050816 8.76456835234 8.97910249623 9.29039922609 9.95004027337 11.8159799387 11.0320124355 10.4712892322 10.4260007933 10.3807123545 10.3354239156 10.2258610265 9.0512071282 7.64587413303 7.74543203925 7.84498994547 7.94454785168 8.0441057579 8.14366366411 8.18492032306 7.53123247421 6.86331012162 7.12689141582 7.88095547736 8.71381208534 8.80358990795 7.12526891313 6.92442223679 6.92873752247 6.21152440556 -999.999 -999.999 -999.999 -999.999 -999.999 -999.999 -999.999 -999.999 -999.999 -999.999 -999.999 -999.999 -999.999 -999.999 -999.999 -999.999 -999.999 -999.999 -999.999 -999.999 -999.999 -999.999
8.72872407794 8.88006192212 9.0313997663 9.20717969718 9.51847642704 11.5268836832 12.2559294786 11.4719619754 10.7770676202 10.7317791813 10.6864907424 10.6412023036 10.2060470629 8.13279689663 7.54581725433 7.39977900289 7.47886238155 7.57842028777 7.67797819398 7.7775361002 7.87156049171 7.75665969427 7.12174160358 7.89906767206 8.73192428004 9.56478088802 9.98338464648 8.10825935865 6.65667559899 7.4057941589 5.92868192416 -999.999 -999.999 -999.999 -999.999 -999.999 -999.999 -999.999 -999.999 -999.999 -999.999 -999.999 -999.999 -999.999 -999.999 -999.999 -999.999 -999.999 -999.999 -999.999 -999.999 -999.999 -999.999
9.00965004106 9.14689333609 9.29823118027 9.44956902444 10.7871813826 13.103727093 12.6958790186 11.9119115153 11.1279440121 11.0375575693 10.9922691304 10.7960790605 9.34423897933 7.3077085667 7.44735918488 7.3468003435 7.20076209207 7.21229272386 7.31185063007 7.41140853629 7.50538216142 7.59456668377 7.61919487281 8.40314550691 8.97952893114 9.63991364704 10.0986758787 8.65548407014 6.59507174724 7.58835959565 6.15950937628 6.09063590603 -999.999 -999.999 -999.999 -999.999 -999.999 -999.999 -999.999 -999.999 -999.999 -999.999 -999.999 -999.999 -999.999 -999.999 -999.999 -999.999 -999.999 -999.999 -999.999 -999.999 -999.999
9.50518262459 9.62145228981 9.73772195503 9.97380871562 12.3640247924 13.9197960617 13.1358285585 12.3518610553 11.5678935521 11.3433359573 11.2980475184 9.93427097688 8.48243089573 7.1644487333 7.32335782456 7.29382168411 7.14778343268 7.00174518124 6.94572306616 7.04528097238 7.13920383113 7.20284556198 7.41172693134 7.98811035557 8.74765666407 9.56428981226 9.75836671498 9.20270878163 7.27102166395 7.32120083005 6.63656601271 6.31678433764 -999.999 -999.999 -999.999 -999.999 -999.999 -999.999 -999.999 -999.999 -999.999 -999.999 -999.999 -999.999 -999.999 -999.999 -999.999 -999.999 -999.999 -999.999 -999.999 -999.999 -999.999
10.0007152081 10.1169848733 10.2332545386 11.4586437881 13.8841184301 14.3597456016 13.5757780984 12.7918105952 12.007843092 11.6491143453 10.5243029744 9.07246289329 7.62062281214 7.04044737298 7.19935646425 7.24084302472 7.09480477329 6.94876652185 6.80272827042 6.67915340846 6.68574380189 6.42310356711 7.03876653291 7.8553996811 8.67203282929 9.48866597748 9.41805755122 9.32621294714 7.81824637544 7.05345419225 7.11362264914 6.24324420437 -999.999 -999.999 -999.999 -999.999 -999.999 -999.999 -999.999 -999.999 -999.999 -999.999 -999.999 -999.999 -999.999 -999.999 -999.999 -999.999 -999.999 -999.999 -999.999 -999.999 -999.999
10.6616969588 10.6125174569 10.7287871221 12.7867372056 13.5933020827 13.8834562485 13.3094637813 12.7280714546 12.1466791278 11.5286356371 10.2574717604 8.98630788361 7.71514400686 6.93598415146 7.07535510393 7.18786436533 7.0418261139 6.89578786246 6.74974961103 6.22411491791 5.68035057581 6.33673746479 6.99585275921 7.77977584632 8.59640899451 9.16959299154 9.07774838745 8.98590378337 8.36547108693 6.78570755446 7.59067928558 5.96040172297 -999.999 -999.999 -999.999 -999.999 -999.999 -999.999 -999.999 -999.999 -999.999 -999.999 -999.999 -999.999 -999.999 -999.999 -999.999 -999.999 -999.999 -999.999 -999.999 -999.999 -999.999
11.3570292395 11.2777769488 11.2404128432 12.0469777204 12.8535425976 13.0374613411 12.8261394402 12.2447471135 11.6633547868 11.2618593649 10.9355310077 9.79697690907 8.52581303232 7.31790940722 7.08315774317 7.11026283488 6.98884745451 6.5626923314 5.7936357831 5.11234053644 5.76872742542 6.4251143144 7.08150120339 7.73883005663 8.52078515973 8.82928382777 8.73743922369 8.64559461961 8.55375001553 7.35060229974 7.71797942331 6.34439450296 6.18071141775 -999.999 -999.999 -999.999 -999.999 -999.999 -999.999 -999.999 -999.999 -999.999 -999.999 -999.999 -999.999 -999.999 -999.999 -999.999 -999.999 -999.999 -999.999 -999.999 -999.999
11.1425784024 10.607385812 10.6999773545 11.3072182352 12.0818615388 12.1914664337 12.3010713286 11.7614227724 11.1800304457 10.8368687725 10.5105404154 10.1842120582 9.33648205779 8.06531818104 7.46508299894 7.23033133489 6.58936675169 5.89082503968 5.09872458299 5.02121342085 5.70695829334 6.39270316584 7.07844803833 7.76419291083 8.44993778332 8.48897466401 8.39713005993 8.30528545585 8.21344085176 7.58411702135 7.45023278552 6.82145113939 6.40685984936 -999.999 -999.999 -999.999 -999.999 -999.999 -999.999 -999.999 -999.999 -999.999 -999.999 -999.999 -999.999 -999.999 -999.999 -999.999 -999.999 -999.999 -999.999 -999.999 -999.999
10.1440806641 10.2151981399 10.3077896824 10.56745875 11.2358666314 11.3454715263 11.4550764211 11.2780984314 10.7382065373 10.4118781802 10.085549823 9.7592214658 9.43289310862 8.8759872065 7.84700825471 7.47596561681 6.7774239048 5.78531142765 5.00648319903 4.82705394967 5.36376751162 6.04951238411 6.73525725661 7.4210021291 7.95957200078 8.46402875219 8.5260587531 8.2612356151 7.9964124771 7.78128708392 7.18248614772 7.29850777582 6.27496400318 -999.999 -999.999 -999.999 -999.999 -999.999 -999.999 -999.999 -999.999 -999.999 -999.999 -999.999 -999.999 -999.999 -999.999 -999.999 -999.999 -999.999 -999.999 -999.999 -999.999
9.47715929424 9.78487092212 9.91560201023 10.0081935527 10.389871724 10.4994766188 10.6090815137 10.7186864086 10.313215945 9.98688758777 9.66055923059 9.33423087341 9.00790251623 8.68157415905 8.35524580187 7.48799415739 6.47189827231 5.45580238723 5.0962155726 4.91678632324 5.0205767299 5.70632160239 6.39206647489 6.94502219219 7.44947894361 7.95393569502 8.47054984336 8.47898892525 8.08154373549 7.68994136324 7.47405961661 7.77556441226 6.05222299321 -999.999 -999.999 -999.999 -999.999 -999.999 -999.999 -999.999 -999.999 -999.999 -999.999 -999.999 -999.999 -999.999 -999.999 -999.999 -999.999 -999.999 -999.999 -999.999 -999.999
8.35430635745 8.56821302943 8.87592465731 9.18363628519 9.03081382644 9.15485357693 9.27889332743 9.40293307792 9.82827624761 9.48960870223 9.15094115685 8.81227361148 8.4736060661 8.13493852072 7.81516992989 7.15848511697 6.14238923189 5.36537719554 5.18594794617 5.00651869681 4.82708944745 5.36313082067 5.93047238361 6.43746321255 7.02584337469 7.61422353684 8.20260369898 8.33920893092 7.94221207137 7.59318365409 7.71276212556 7.84701137878 6.52927962964 6.27078692948 -999.999 -999.999 -999.999 -999.999 -999.999 -999.999 -999.999 -999.999 -999.999 -999.999 -999.999 -999.999 -999.999 -999.999 -999.999 -999.999 -999.999 -999.999 -999.999
7.40563269697 7.35155513673 7.65926676461 8.16951126153 7.54147278847 6.94057790156 7.06461765205 7.71258429895 8.90313954533 8.90001648811 8.56862904038 8.22996149501 7.89129394963 7.55262640425 7.31320051098 6.82075112688 5.81288019148 5.45510956911 5.27568031975 5.09625107039 4.91659018765 5.02149859849 5.58113690603 6.16951706817 6.75789723032 7.34627739246 7.93465755461 8.19942893659 7.81297613001 7.5318281244 7.49047615512 7.57926474098 7.00633626607 6.49693536109 -999.999 -999.999 -999.999 -999.999 -999.999 -999.999 -999.999 -999.999 -999.999 -999.999 -999.999 -999.999 -999.999 -999.999 -999.999 -999.999 -999.999 -999.999 -999.999
6.57057277686 6.20234601703 6.52126348955 7.3002138658 6.30970609498 5.01733821057 5.06356349814 6.25411874452 7.44467399091 8.01114619569 7.9337399303 7.64764937854 7.30898183316 6.97031428778 6.81123109207 6.30349953751 5.72427119204 5.53164803402 5.32086464129 5.11008124855 4.98710231511 5.13203545391 5.56502775968 6.11140990457 6.65779204947 7.20417419436 7.75055633926 8.06524683815 7.68374018865 7.47047259471 7.52829431571 7.31151810318 7.4833929025 6.30668380199 -999.999 -999.999 -999.999 -999.999 -999.999 -999.999 -999.999 -999.999 -999.999 -999.999 -999.999 -999.999 -999.999 -999.999 -999.999 -999.999 -999.999 -999.999 -999.999
5.82734177448 5.50483414146 6.06124882781 7.06083941711 6.60497139815 4.9401101334 4.7661299904 4.86675825537 5.98620843649 7.12227590326 7.04486963788 6.96746337249 6.72666971669 6.42978522575 6.30926167317 5.86689548996 5.72513909492 5.51435570218 5.30357230945 5.09278891671 5.22228133855 5.36721447735 5.56217477596 6.10855692086 6.65493906575 7.20132121065 7.74770335554 7.91995761561 7.55450424729 7.40911706502 7.46693878602 7.84140722976 7.96044953894 6.23710811989 -999.999 -999.999 -999.999 -999.999 -999.999 -999.999 -999.999 -999.999 -999.999 -999.999 -999.999 -999.999 -999.999 -999.999 -999.999 -999.999 -999.999 -999.999 -999.999
5.70168899579 5.59351836492 6.19411136574 6.82146496841 7.05455435498 5.78887371644 6.27027445617 6.37090272115 6.47153098612 6.57215925109 6.41293579256 6.28135887728 6.14978196201 6.13580914145 6.12378258769 5.81734172923 5.68894077602 5.49706337034 5.28627997761 5.31252722319 5.45746036199 5.60239350079 5.7473266396 6.10570393714 6.65208608204 7.19846822693 7.61328094973 7.6912534109 7.42526830593 7.34776153534 7.40558325634 7.70935767972 7.97604333424 6.71416475632 6.3608624412 -999.999 -999.999 -999.999 -999.999 -999.999 -999.999 -999.999 -999.999 -999.999 -999.999 -999.999 -999.999 -999.999 -999.999 -999.999 -999.999 -999.999 -999.999
5.47184060299 5.61303254408 6.22917492815 6.84531731221 7.50413731181 7.3116569346 7.77441892195 7.87504718692 7.6330513958 7.05117767754 7.12515074258 7.15600515598 7.02442824071 7.04200283788 6.56291460574 6.06117314668 5.63938701529 5.4797710385 5.40277310783 5.54770624663 5.69263938543 5.83757252424 5.98250566304 6.12743880184 6.64923309832 7.19561524322 7.38457674501 7.46254920619 7.29603236456 7.28640600565 7.34422772665 7.04599293381 7.70829669644 7.19122139275 6.58701087281 -999.999 -999.999 -999.999 -999.999 -999.999 -999.999 -999.999 -999.999 -999.999 -999.999 -999.999 -999.999 -999.999 -999.999 -999.999 -999.999 -999.999 -999.999
5.23922885959 5.63254672323 6.2486891073 6.86483149137 7.75717545991 8.83444015276 9.22788795054 8.64601423228 8.06414051403 7.62848146983 7.73222405585 7.81931606978 7.8990745194 7.50378808284 7.00204662378 6.49982867261 5.9924182719 5.50344758649 5.63795213127 5.78288527007 5.92781840888 6.07275154768 6.21768468648 6.36261782529 6.64638011461 7.07790007913 7.1558725403 7.23384500148 7.16722875496 7.22505047596 7.28287219696 7.34069391796 7.97005233397 7.66827802918 6.3384036008 -999.999 -999.999 -999.999 -999.999 -999.999 -999.999 -999.999 -999.999 -999.999 -999.999 -999.999 -999.999 -999.999 -999.999 -999.999 -999.999 -999.999 -999.999
5.03591851832 5.65206090239 6.63537891152 7.64717393146 8.51162614453 9.37607835759 8.62441885666 7.69386238691 7.07562704424 7.13497205952 7.85405611845 8.43824492395 8.53475617731 7.95562041664 7.31576316872 6.80835276801 6.30094236729 5.85978739314 5.98620236782 6.1126173425 6.23903231717 6.36544729185 6.49186226653 6.6182772412 6.74469221588 6.84775259458 6.91998905479 6.992225515 7.09741777053 7.16369494627 7.22151666727 7.27933838827 7.92823920432 8.14533466561 6.42199324657 -999.999 -999.999 -999.999 -999.999 -999.999 -999.999 -999.999 -999.999 -999.999 -999.999 -999.999 -999.999 -999.999 -999.999 -999.999 -999.999 -999.999 -999.999
5.36093824379 5.94736661616 6.81181882923 7.67627104229 8.54072325536 9.40517546843 8.53840994186 6.79060290022 5.53601134164 6.10450094098 7.31011827317 8.51573560536 9.16396709815 8.63191469377 7.9006852044 7.16945571503 6.60946646269 6.2161271998 6.34254217448 6.46895714915 6.59537212383 6.69147828211 6.76745393273 6.84342958335 6.91940523396 6.75892914878 6.57348404232 6.64572050253 6.71795696275 7.08010502571 7.16016113758 7.21798285858 7.17302260142 8.1050752897 6.899049883 6.45093795292 -999.999 -999.999 -999.999 -999.999 -999.999 -999.999 -999.999 -999.999 -999.999 -999.999 -999.999 -999.999 -999.999 -999.999 -999.999 -999.999 -999.999
6.40318580079 6.26553149883 6.84091594006 7.70536815313 8.56982036619 9.43427257926 8.45240102706 6.70459398542 5.49232029922 6.66828665211 7.84425300499 9.02021935788 9.56764259177 9.22919022272 8.50227884795 7.77536747317 7.0484560984 6.5443814776 6.62035712822 6.69633277884 6.77230842945 6.84828408007 6.92425973069 7.00023538131 7.07621103193 6.89161879322 6.67942253886 6.46722628449 6.37145195028 6.68487945116 7.06279228089 7.1566273289 6.71455413717 8.04245118833 7.37610651943 6.65296588101 -999.999 -999.999 -999.999 -999.999 -999.999 -999.999 -999.999 -999.999 -999.999 -999.999 -999.999 -999.999 -999.999 -999.999 -999.999 -999.999 -999.999
7.44543335778 7.30777905583 7.17012475387 7.73446526396 8.59891747703 9.46336969009 8.36639211226 6.63259534421 6.59238249919 7.76834885208 8.89863340543 9.23099666783 9.48972771874 9.1927429066 8.40132608771 7.64282859195 7.11060678822 6.85494433416 6.85963275535 6.88459058246 6.92911422742 7.00508987804 7.08106552866 7.15704117927 7.23301682989 7.02430843766 6.81211218329 6.59991592893 6.21308206289 6.40694550034 6.66756670635 7.04547953608 7.05039836947 8.14712072892 7.85316315586 6.37012339961 -999.999 -999.999 -999.999 -999.999 -999.999 -999.999 -999.999 -999.999 -999.999 -999.999 -999.999 -999.999 -999.999 -999.999 -999.999 -999.999 -999.999
8.48768091478 8.35002661283 8.21237231087 8.07471800892 8.62801458786 9.49246680093 8.28038319746 7.5216112055 7.69244469916 8.60989802131 8.86862907223 9.12736012314 9.38609117405 9.18432748721 8.39291066832 7.92039034099 7.98437373143 7.36717619971 7.15211922423 7.17707705134 7.20203487844 7.22699270555 7.25195053266 7.31384697724 7.36919433646 7.1569980821 6.76961743537 6.36606664303 6.17616779733 6.39885543713 6.62154307693 6.84423071673 7.06691835654 7.39190412602 8.33021979229 6.60687837325 -999.999 -999.999 -999.999 -999.999 -999.999 -999.999 -999.999 -999.999 -999.999 -999.999 -999.999 -999.999 -999.999 -999.999 -999.999 -999.999 -999.999
9.52649389048 9.39227416983 9.25461986787 9.11696556592 8.97931126396 9.52156391176 8.69643294998 8.4106270668 8.24861572486 8.50787821478 8.76714070471 9.02640319463 9.28566568456 9.54950672749 9.2662058821 8.79759030198 8.72217887676 7.87940806526 7.44460569311 7.46956352022 7.49452134732 7.51947917443 7.54443700154 7.56939482865 7.46084339352 6.92260201551 6.51905122318 6.11550043084 6.16807773412 6.39076537393 6.63078737295 7.06161559982 7.29521941123 6.63668752312 8.23410724517 7.08393500968 6.54101346464 -999.999 -999.999 -999.999 -999.999 -999.999 -999.999 -999.999 -999.999 -999.999 -999.999 -999.999 -999.999 -999.999 -999.999 -999.999 -999.999
10.4775564621 10.3547261906 10.231895919 10.1090656475 9.98623537592 9.91286717909 9.91045877742 9.85374822813 9.62502540992 8.891430398 8.67074352676 8.93000601668 9.1892685066 9.45569362132 9.72341592582 9.67479026298 9.23441074231 8.39163993081 7.73709216199 7.76204998909 7.7870078162 7.81196564331 7.83692347042 7.70044320957 7.48982958105 6.97436761133 6.26848501098 5.93730003112 6.21247544123 6.64330366809 7.07413189496 7.50496012182 7.26534029804 6.66276939911 8.36600225352 7.56099164611 6.68468567983 -999.999 -999.999 -999.999 -999.999 -999.999 -999.999 -999.999 -999.999 -999.999 -999.999 -999.999 -999.999 -999.999 -999.999 -999.999 -999.999
