Examples/results/velocity/asciifiles/KR2_140512_123000.JPG_interpmap.txt
ncols 141
nrows 253
xllcorner 447190.0
yllcorner 8756220.0
cellsize 10.0
NODATA_value -999.999
[rows 48 to 71 of 253, columns 53 to 105 of 141]
1.67639684045 1.7393364847 1.52737271792 1.42314826329 1.43979100742 1.45643375154 1.47307649566 1.48516986768 1.44570520486 1.40624054204 1.41266291565 1.43992140684 1.43680123516 1.41812273634 1.4125625378 1.39190769305 1.36694727382 1.45171444612 1.58886933265 1.56675359609 1.39281325258 1.55597159763 1.58107989295 1.57998899799 1.70214459378 1.80457610311 1.90700761244 1.95218193912 1.78808492441 1.57235158161 1.56042438441 1.64156418305 1.8271965991 1.54006388924 1.51807841263 1.61566827859 1.81010898653 1.41827523347 1.31079514295 1.25753567753 1.17606192896 1.41268061463 1.19281128212 1.04652577016 1.01179259801 1.00735439106 1.09919309943 1.10017133317 1.05237011873 0.993497964108 1.02739298917 1.06613856041 0.998529132863
1.70127548547 1.68751488615 1.50107769577 1.43454289597 1.45118564009 1.46782838421 1.48447112833 1.48225382162 1.4427891588 1.40676935075 1.43149497823 1.44238551472 1.50753759017 1.50225112601 1.47917403857 1.44336649779 1.39021433756 1.44562716712 1.39235961475 1.4459132684 1.37576491083 1.55765157868 1.51257468199 1.45701214588 1.6466638033 1.79333360867 1.895765118 1.91850954375 1.7138132555 1.40548892979 1.38118329587 1.55584311702 1.77327369578 1.63935000039 1.48217352168 1.60525294931 1.50360874348 1.43761724145 1.3453683381 1.25311943476 1.16087053142 1.23097753921 1.25583424319 1.2102149146 1.11637336427 1.0806352156 1.3480640918 0.928977986336 0.950297232119 0.993410878139 0.83592150252 1.01461767943 0.995042103185
1.72615413049 1.63569328759 1.46178792766 1.44593752864 1.46258027277 1.47922301689 1.49586576101 1.47933777556 1.43987311275 1.43243861785 1.44867885467 1.46132862243 1.47456918015 1.5285797454 1.47806181016 1.45138033136 1.42112243744 1.37228294237 1.37752114857 1.40241709309 1.54802964963 1.69364220617 1.49517710538 1.48016123268 1.38482803645 1.62993534971 1.87121543484 1.85863731474 1.56658080124 1.40321864234 1.74415511398 1.75735373868 1.71090929631 1.68053683866 1.61207022633 1.58852669646 1.59880614706 1.30146361775 1.25120371912 1.2009438205 1.13674952501 1.08796678739 1.08339998294 1.25004180406 1.16483557864 1.22672080927 1.38753802685 0.959869315447 0.97264196173 0.957784274463 0.875119225339 1.01485593154 0.965460673202
1.75103277551 1.58387168904 1.4406894172 1.45733216132 1.47397490544 1.49061764956 1.50806356628 1.47642172951 1.43695706669 1.44962249429 1.4658627311 1.48027173014 1.4910512215 1.4905400797 1.47624854427 1.46195700883 1.48573379542 1.44617112244 1.40127406573 1.43148357439 1.55973060342 1.47421748933 1.59033137307 1.56410012838 1.43989636619 1.31569260399 1.55775124027 1.58110094764 1.40766037906 1.51805617916 1.60422187536 1.64120949176 1.50194876184 1.64347244804 1.69442995193 1.53178320985 1.58527104216 1.32373743875 1.27347754012 1.19561354026 1.08530039123 1.03997052983 1.04828373077 1.17371758021 1.11240190541 1.05969616829 1.17075192615 0.990760644557 0.959266790031 0.951597714828 1.01157153501 1.06072274962 0.941405688139
1.77591142053 1.5582040781 1.45208404987 1.46872679399 1.48536953812 1.50201228224 1.51297034627 1.47350568345 1.43404102063 1.46680637072 1.48304660753 1.49921483786 1.50999432921 1.50002517981 1.47489613201 1.47048618457 1.38864144963 1.36103981338 1.36615909699 1.42430583299 1.53611910366 1.46482272512 1.68548564075 1.64803902408 1.52383526189 1.3996314997 1.2754277375 1.28185037954 1.38636650604 1.35729194387 1.37775463975 1.63932640885 1.48267331224 1.54078641499 1.69159129586 1.61414495611 1.53582995489 1.34601125974 1.25447755551 1.13349863495 1.03836420657 1.0437458178 1.07012858255 1.10186338141 1.10427813829 1.15965747307 1.03489470635 0.992306047787 1.01530582673 0.948545015561 1.08409008565 1.07910249589 1.00064588243
1.72977897689 1.53743021574 1.46347868255 1.48012142667 1.49676417079 1.51340691491 1.51005430021 1.47058963739 1.44294197558 1.48399024715 1.50023048397 1.51647072078 1.52893743692 1.52403618954 1.4659881696 1.43294593393 1.35747048878 1.33492335338 1.38070040543 1.42562090381 1.48341198108 1.48233456563 1.69239510815 1.62362843924 1.47819929095 1.33277014265 1.35832605501 1.4031894891 1.60933929725 1.66191287793 1.51412638028 1.57695673198 1.43087382892 1.5375738232 1.60323997196 1.56277793252 1.47971614291 1.39842322292 1.2432367885 1.10882634244 1.03934575235 1.0657285171 1.09211128185 1.12350981599 1.11989692774 1.13516355851 1.15981331237 1.07665479912 1.07494512743 0.953837134817 1.03590417599 1.09531933747 1.11227342568
1.67795737834 1.49814044764 1.47487331522 1.49151605934 1.50815880347 1.52499661395 1.50713825416 1.46767359134 1.43601017476 1.50117412359 1.5174143604 1.53365459721 1.54788054464 1.54804719926 1.48999917933 1.43360636323 1.43388165565 1.38212668702 1.31787018966 1.3910265401 1.45843846857 1.48558777488 1.57270485529 1.52453669423 1.47894490151 1.57846788006 1.38825732173 1.38820095567 1.6408161825 1.82867566383 1.55327242518 1.51407579834 1.44444545622 1.46674763274 1.51136093264 1.42400970941 1.34014871826 1.26844508416 1.21078419248 1.17633713314 1.09443045589 1.09929750034 1.11409398116 1.09824424619 1.01166839681 1.05130407444 1.07813092272 1.12497808581 1.1166691502 0.968899352815 0.894110074559 1.10063025921 1.1730413982
1.62613577978 1.46962520378 1.4862679479 1.50291069202 1.51955343614 1.53765487415 1.5042222081 1.46475754528 1.46744857957 1.51835800002 1.53459823683 1.55083847365 1.56682365235 1.57205820898 1.51578294291 1.46252515606 1.43793156193 1.42866858545 1.39016054944 1.45497431659 1.48531322067 1.48544300116 1.52167791471 1.52248661897 1.74115875514 1.65546725714 1.41818858844 1.37321242223 1.49258671634 1.53341054276 1.49407504626 1.47185479682 1.46189274059 1.43134892725 1.38541858051 1.30792550139 1.26441032214 1.22532364304 1.20453590001 1.16676860787 1.10102359926 1.10398783 1.10241820748 1.09557624166 0.98272962731 1.05832440973 1.07588441889 1.1274056713 1.08690221233 1.02629253544 1.03042715905 1.104784166 1.07675680559
1.58903543828 1.48101983645 1.49766258057 1.5143053247 1.53094806882 1.54077082486 1.50130616204 1.46785207595 1.51924094067 1.53554187645 1.55178211327 1.56802235008 1.5842625869 1.6039114704 1.56704571719 1.52512817466 1.52004650259 1.45990221624 1.46594655651 1.53665851619 1.53088620995 1.50545887891 1.50348585038 1.50998231361 1.73601956334 1.66186850849 1.39291502723 1.38290735054 1.52298416118 1.48440872893 1.40434880519 1.46449750064 1.44297679028 1.3811655231 1.41715590361 1.41500935567 1.38522327855 1.2258386483 1.20401286965 1.17843253601 1.10137187256 1.05448907709 1.00858172996 1.06129193783 1.13218952721 1.11848778327 1.1032993494 1.09738613701 0.995752595388 0.896908688008 0.875927694749 0.869826507447 0.888442177612
1.57212252329 1.49241446913 1.50905721325 1.52569995737 1.54234270149 1.5378547788 1.49839011599 1.47911460042 1.53648551607 1.55272575289 1.5689659897 1.58520622652 1.60144646333 1.61522541855 1.61282966674 1.59655426329 1.53527971351 1.46542749095 1.39550791471 1.52637017284 1.65364427045 1.78263990858 1.6520954784 1.44430159706 1.60377902817 1.41697372543 1.45582346514 1.62627539582 1.70347792511 1.53165206989 1.47671417095 1.56258790847 1.46280963039 1.48338149119 1.5259166685 1.53582231208 1.50603623496 1.22705924363 1.32433966724 1.23827181958 1.11593489154 1.058890098 0.987443824401 0.91838970349 0.934996580946 0.886350721827 0.885086996223 0.90279955706 0.903797992935 0.916206834494 0.913210888978 0.91620715566 0.931580362873
1.53449296761 1.5038091018 1.52045184592 1.53709459005 1.55458792182 1.53493873275 1.49547406993 1.47218279959 1.55366939251 1.56990962932 1.58614986614 1.60239010295 1.61863033976 1.57984410059 1.67587911964 1.57015402571 1.53083845346 1.45990116338 1.38896387331 1.4897964463 1.56129848132 1.68068032133 1.53360292137 1.37862088052 1.51681320708 1.57040856747 1.72960246618 1.87170620072 1.67588901545 1.48728200634 1.52948000368 1.65923054576 1.48539609718 1.48303166166 1.40103835183 1.44796210306 1.52318409445 1.53981200432 1.45657652474 1.33698154134 1.20473819155 1.04305743023 0.970150799527 0.896807392616 0.969496448927 0.879907865372 0.846922060497 0.930422339604 0.986384123838 1.02947278003 1.03507470963 0.94947221751 0.966560145363
1.49856099035 1.51520373448 1.5318464786 1.54848922272 1.56724618202 1.53202268669 1.49255802387 1.46525099876 1.57085326894 1.58709350576 1.60333374257 1.61957397938 1.61636384607 1.58352128961 1.6159213877 1.53485228159 1.50454597246 1.45924386034 1.41428989441 1.56022637178 1.44299148977 1.59013454517 1.49701230672 1.49209535446 1.60134642565 1.65347403623 1.8120509032 1.79985092788 1.56019010829 1.46836383017 1.53493188452 1.89692243697 1.54316107103 1.47662555049 1.40903891296 1.47029028273 1.54524452495 1.41731997724 1.40500962231 1.33029400572 1.20349583211 1.0783366943 0.946332398602 0.881709032119 0.943095789313 1.09508218054 1.17920085548 1.14633180825 0.958359739226 1.07727641449 1.02042948169 0.87165679683 0.953576646838
1.50995562303 1.52659836715 1.54324111127 1.5598838554 1.56857130345 1.52910664063 1.50648078443 1.4981613855 1.58803714538 1.60427738219 1.620517619 1.63675785582 1.61779858093 1.58495602447 1.57586595611 1.49955053747 1.4683938563 1.44582565146 1.45895655557 1.56712603656 1.56192760054 1.54032424353 1.54237714388 1.58704720783 1.60357672855 1.62010624927 1.56428717049 1.61455447737 1.61175847885 1.42374810334 1.43805314176 1.63586100874 1.53730592428 1.46507374909 1.49107449487 1.51707524064 1.45963892032 1.35070349181 1.40659092931 1.31361877072 1.19033576798 1.09722181964 0.967274702334 0.915034278871 0.902983925366 0.843538370709 0.772684424708 1.2104490347 0.983835328134 1.01921640114 0.987665983886 0.879052967232 0.942462253885
1.5213502557 1.53799299983 1.55463574395 1.57152096949 1.5656552574 1.52619059458 1.51528722526 1.54995374661 1.60522102181 1.62146125862 1.63770149544 1.65394173225 1.61923331579 1.58639075933 1.55342733642 1.52691334182 1.48884126084 1.43858043247 1.42518751602 1.51027810699 1.52126039916 1.52837014285 1.64356299534 1.67382660447 1.59084518769 1.51546526483 1.44685245094 1.50554515237 1.59243608617 1.41313476155 1.42672377474 1.39584258903 1.40352098064 1.3613848761 1.37640923961 1.38613176997 1.35843765316 1.3514905392 1.40466842765 1.30580253951 1.19114944373 1.08552888197 0.983637789674 0.929807069528 0.943586642674 0.923116024939 0.844489420238 1.06140541866 1.08317190279 0.888926560699 0.871514751994 0.875079000049 0.93106350858
1.53274488838 1.5493876325 1.56603037662 1.58417922969 1.56273921134 1.52327454852 1.50835542443 1.60174610771 1.62240489824 1.63864513506 1.65488537187 1.67112560868 1.62066805065 1.58782549419 1.54996218403 1.53366771422 1.50696215195 1.43632931223 1.37474291351 1.45343017742 1.45340496761 1.45110190385 1.44879884009 1.44916445953 1.44700795559 1.44485145165 1.37262983828 1.44194125691 1.51095132501 1.40887743667 1.39955406493 1.37397309462 1.34740838682 1.32695071169 1.33687516685 1.3544790391 1.34613456792 1.35788355507 1.40240415851 1.13200662125 1.1698170015 1.05587972887 0.994781404768 0.936855234374 1.02588720635 1.15312600305 0.956244822868 0.92945556002 0.975143398004 0.832171873557 0.805413263142 0.861014642309 0.879855992013
1.54413952106 1.56078226518 1.5774250093 1.59683748989 1.55982316528 1.52644117548 1.5014236236 1.62334853786 1.63958877468 1.65582901149 1.6720692483 1.67287812244 1.62210278551 1.58926022905 1.54649703164 1.53020256183 1.50125509269 1.49141969977 1.419137164 1.39476439446 1.43227186747 1.45207345727 1.48906189053 1.59720638991 1.62834920928 1.56662445857 1.45802328716 1.35015511085 1.34437696042 1.34503699896 1.38270325964 1.42042342932 1.28453007929 1.34091206327 1.32521967929 1.33915333898 1.41971437687 1.52860584524 1.49558410579 1.22332477139 1.09988561323 1.07281200241 1.04940841888 0.982585235958 1.02796224143 1.05560829049 0.90059167884 0.860285917342 0.865315600278 0.833928625893 0.799826207857 0.884543758009 0.932978573248
1.55553415373 1.57217689785 1.58881964198 1.59637178204 1.55690711923 1.54510949291 1.49449182277 1.6405324143 1.65677265111 1.67301288792 1.68925312474 1.66461009346 1.62353752037 1.59069496391 1.54303187925 1.52673740944 1.51044293963 1.45343855789 1.47634471675 1.40950762322 1.39209675551 1.45568741185 1.52976222189 1.55050092115 1.6196502319 1.55887679834 1.43757819456 1.32969549162 1.34180461186 1.31967613433 1.38397527431 1.46314050385 1.47247959454 1.42434168161 1.41608942578 1.40869397371 1.53955017532 1.4534099774 1.49267775289 1.41062444978 1.30076235407 1.19090025837 1.08104515725 0.993777770983 0.935022963573 0.934225695899 0.895327285262 0.844565251591 0.930642018006 0.832967467602 0.85529675869 1.04255811862 1.05310784691
1.56692878641 1.58357153053 1.60111227736 1.59345573599 1.55399107317 1.5514598501 1.52887419144 1.65771629073 1.67395652754 1.69019676436 1.70643700117 1.6578148117 1.62497225524 1.59039599064 1.53956672686 1.52327225705 1.50697778724 1.49068331744 1.42988228199 1.43584268914 1.38552003158 1.48113160978 1.57046255325 1.59534342302 1.55818514037 1.49601966339 1.40700766028 1.32571550109 1.35513011054 1.33378034715 1.27628542566 1.39890013829 1.50730705379 1.50777129994 1.4786005874 1.39310093237 1.31119529663 1.31455682095 1.43146257495 1.35865390891 1.24879181321 1.1389297175 1.08487464233 1.04585716863 0.925519294426 0.909596198917 0.871256169118 0.887135675518 0.888724592392 0.852330154648 0.880723684409 0.905508609728 0.993539482466
1.57832341908 1.5949661632 1.61377053756 1.59053968993 1.55107502711 1.54452804927 1.58066655254 1.67490016716 1.69114040398 1.70738064079 1.7236208776 1.65924954656 1.6264069901 1.58714165345 1.53610157447 1.51980710466 1.50351263486 1.48721816505 1.47092369524 1.4051156351 1.39354839561 1.40537138034 1.57524914603 1.76073608274 1.68235676193 1.47785526186 1.3966289511 1.3497106969 1.42253269244 1.32615983636 1.24978081423 1.32063313436 1.42656293897 1.47940019385 1.37878321282 1.3148688952 1.24350629097 1.46266946007 1.3685389841 1.30208402179 1.19682127234 1.12137153139 1.0930307187 1.0715615584 1.05465893396 0.888223544573 0.860708478401 0.849779708055 0.853726257024 0.849020377273 0.871380070925 0.893420645412 0.920102292342
1.58971805176 1.60636079588 1.62642879776 1.58762364387 1.56506988395 1.53759624844 1.63245891365 1.6920840436 1.70832428041 1.72456451722 1.72996913941 1.66068428142 1.62784172496 1.58388731626 1.53263642208 1.51634195227 1.50004748247 1.48375301266 1.46745854285 1.45116407304 1.40798100713 1.40710966527 1.52971611527 1.8301919075 1.6925440103 1.54181933401 1.35977109876 1.3737058927 1.38405946397 1.34082400609 1.27860708912 1.23971009557 1.28818120674 1.28936326361 1.30825842805 1.30539403639 1.20791358573 1.38062290828 1.23704385006 1.23465166745 1.16477366824 1.1223456164 1.0937544898 1.11312709584 1.04614543029 0.889945025829 0.865393734444 0.870599311626 0.852078597509 0.857586066127 0.868862356192 0.860129301198 0.855065614642
1.60111268443 1.61804532503 1.62417226064 1.58470759782 1.58373820139 1.53066444761 1.68425127475 1.70926792003 1.72550815684 1.74174839366 1.72170111043 1.66211901628 1.62927645982 1.58063297907 1.52917126969 1.51287679989 1.49658233008 1.48028786027 1.46399339046 1.44769892065 1.3926309592 1.4287437461 1.55357508995 1.58220694704 1.43799621461 1.61361843797 2.13158582886 2.10345251839 1.46053917577 1.34537609418 1.32344610635 1.28309729511 1.24255664601 1.31024124326 1.28917113539 1.25985521816 1.30432422159 1.19782996808 1.14137144477 1.14737949174 1.13911247723 1.11079863376 1.07707766858 1.01976218861 0.976712730297 0.894486059524 0.856057674026 0.870677425541 0.871286377306 0.871925988861 0.840382251236 0.822432125694 0.862496437014
1.61250731711 1.63070358523 1.62125621458 1.58179155176 1.58763247493 1.52373264678 1.71021155965 1.72645179647 1.74269203328 1.75893227009 1.71343308145 1.66355375114 1.63071119468 1.57737864187 1.52570611731 1.5094116475 1.49311717769 1.47682270788 1.46052823807 1.46300807889 1.42404255749 1.70129206064 1.78109650913 1.39094025296 1.66269772489 1.95350649663 1.86450847871 1.7396700028 1.40875298746 1.23449052522 1.27402449262 1.29612575874 1.24655898027 1.25654093467 1.24873162893 1.21093020349 1.23637917351 1.27604743849 1.19530355343 1.09862029952 1.1074910974 1.13611789819 1.11276015183 1.01280493475 0.927477155102 0.897832520606 0.871988467193 0.891908448167 0.938365048612 0.910320256397 0.833339723346 0.87697035007 0.920600976794
1.62390194978 1.64336184543 1.61834016852 1.585030275 1.58070067411 1.55958699737 1.72739543609 1.7436356729 1.75987590971 1.77611614653 1.70516505246 1.664988486 1.62904853034 1.57412430468 1.52224096492 1.50594649511 1.4896520253 1.47335755549 1.45706308568 1.47455240557 1.42912285285 1.47827918174 1.86942938186 1.48504421171 1.4795444993 1.44085459118 1.39501403193 1.36222270718 1.31213278277 1.20210074404 1.32562060825 1.366319369 1.25794426015 1.21061347656 1.20604606851 1.18957576979 1.21017074799 1.29694896789 1.20928437342 1.1082217797 1.11402757142 1.19273967538 1.10382792269 1.01050410604 0.945570450013 0.892577409374 0.850972510659 0.890756324759 0.94000670308 1.0139820392 0.969107366065 0.92013555535 1.54702659126
1.63529658246 1.65488878528 1.61542412247 1.60369859243 1.57376887328 1.61137935848 1.74457931252 1.76081954933 1.77705978615 1.78706015638 1.69926577732 1.66642322086 1.62579419314 1.57086996749 1.51877581253 1.50248134272 1.48618687291 1.4698924031 1.4535979333 1.47963270093 1.4342031482 1.38617186899 1.79539040203 1.58973910296 1.39073983675 1.36095111308 1.31511055384 1.35009308234 1.35650896207 1.22434773532 1.28414152349 1.28867855579 1.34675325213 1.20581082863 1.2003630576 1.18976843629 1.18919881476 1.1528833217 1.12667153053 1.12413265362 1.1379767519 1.13497114469 1.06998065983 1.03188710599 0.964067868792 0.929128554805 0.865730989804 0.889206557523 0.930483433195 0.940000835973 0.928426074289 0.971109334408 1.13694954841
