Examples/results/velocity/asciifiles/KR2_140512_123000.JPG_interpmap.txt
ncols 141
nrows 253
xllcorner 447190.0
yllcorner 8756220.0
cellsize 10.0
NODATA_value -999.999
[rows 168 to 191 of 253, columns 53 to 105 of 141]
2.09978587435 2.10223965088 2.16201556313 2.00084079396 2.05008279663 2.29322605749 2.25791805684 2.16550782451 2.07689873632 2.03234841955 1.98779810277 1.94324778599 1.89869746921 1.85414715244 1.88344921286 1.92127450935 1.86482860284 1.90469809155 1.83896003162 1.81451275003 1.81125889305 1.81998665813 1.82175799459 1.80929468005 1.7968313655 1.81131412819 1.84927998424 1.90060192837 1.98985964347 2.03365085331 2.01884734243 2.00404383155 1.98924032066 1.9145166361 1.72540946129 1.64015786006 1.70486315793 1.7495136001 1.71635586998 1.74519567494 1.65699168453 1.56024807737 1.76643812064 2.1326760008 1.71377909764 1.50339692708 1.48162794938 1.50188600944 1.5221440695 1.97393509185 2.30364226768 2.18231770934 2.04420519207
2.25903896228 2.33802127611 2.28694519586 2.13535302288 1.99394043329 2.18700393659 2.1835477034 2.13875966243 2.06576880422 2.09137732979 2.11698585537 2.04709772848 1.94266104281 1.85164548092 1.86243148781 1.95754192821 1.97610106226 1.92991254014 1.85025081753 1.80083051907 1.79721804571 1.79693796989 1.80566573497 1.81439350005 1.81669170078 1.82243954202 1.886301373 1.91945002511 1.95259867722 1.98574732933 1.99844029525 1.98363678436 1.92680516772 1.73769799291 1.59708852698 1.64382651139 1.66150759177 1.70478565996 1.69074320112 1.7861020581 1.75383592774 1.65709232058 2.3069825566 3.20101468126 2.90653261273 2.35220663077 1.79788064881 1.43850741937 1.45876547943 1.80706919856 2.18185175544 2.04652663292 1.9112015104
2.34809614978 2.43724023306 2.41193290024 2.3089778152 2.16756522562 2.15799185707 2.17974102518 2.1260750163 2.04959494701 2.06259945394 2.08820797951 2.11866394299 2.09609982054 1.94062301171 2.03523966364 2.04750403298 2.00131551086 1.95510880881 1.86154160344 1.78714454998 1.78355717721 1.77992334139 1.78261704673 1.79134481181 1.80007257689 1.84848646505 1.85304796399 1.87631541524 1.90078670853 1.93393536064 1.96708401275 1.93909369934 1.75590322808 1.57445325541 1.67473898787 1.71433374215 1.73132322766 1.69962762178 1.67084740303 1.80184596578 1.85068017096 1.9534948679 2.75696279629 2.91137753972 2.6518194671 2.39226139448 2.13270332185 1.87314524923 1.53803838859 1.60703514181 1.9854220017 1.90526808454 1.76994296202
2.27930894621 2.38851540099 2.36193155988 2.30606807269 2.2502045855 2.1943410983 2.10467899475 2.04264717942 2.0516685888 2.04753429195 2.08050684708 2.11347940222 2.05216121688 1.96101114875 2.07555598289 2.0582179578 2.02652995945 1.96639959472 1.87283238935 1.77926518399 1.7698963087 1.76626247289 1.76262863707 1.80715468128 2.00900381595 1.94607574248 1.88314766902 1.88790487089 1.91117232214 1.93443977339 1.95770722463 1.77427193032 1.59282195765 1.57806511492 1.75238944876 1.79651145056 1.7586610103 1.68494307348 1.75502231179 2.01900047842 1.94585815676 2.28108912556 2.51593221231 2.52473988745 2.26518181483 2.00562374221 1.85117151716 1.73234185965 1.61351220215 1.47409923375 1.75509330494 1.76400953617 1.62868441364
2.08275181031 2.21154512706 2.18211496274 2.11196214765 2.08145877479 2.05095540192 1.99816111108 2.08496822222 2.22577862566 2.07223883339 2.07532230631 2.0978765047 2.00345082326 1.9743505345 2.02353246846 2.02094909435 2.02626866694 1.98908891374 1.91044212017 1.82962468893 1.74032441027 1.73762611928 1.73492782828 2.11755440317 2.10659309338 2.04366501992 1.98073694646 1.917808873 1.92276177779 1.94602922904 1.92416943421 1.67045841489 1.48139124197 1.65571557581 1.83003990965 1.80210318378 1.71318028864 1.63577653309 1.83193361083 1.89701401799 1.95634212089 2.1178687102 2.33136671325 2.31815455438 2.20062554565 2.08394445275 1.96726335985 1.85058226695 1.73390117404 1.61722008114 1.52476460818 1.62275098779 1.56842100312
2.05157505738 2.12771379962 2.13060623841 2.12467241631 2.113987897 2.10106198338 2.11095309284 2.25907825907 2.39988866251 2.27990019482 2.07013776554 2.04813269822 1.95370701678 1.93717710987 2.02737837186 2.00529873014 1.99057899724 2.01800564245 1.97209046797 1.88661296237 1.79096427152 1.70426503567 1.70156674468 2.03676092274 2.12427556638 2.1189287336 2.07204795216 2.01539815043 1.95247007697 1.9576186847 1.8212132286 1.76343508192 1.64737023707 1.69837904676 1.75644481067 1.70814745014 1.66874285255 1.6358899401 1.73238605847 1.84217054943 1.9519550404 2.06173953136 2.26222244598 2.28811692245 2.12048964566 1.99581202341 1.87274627172 1.75606517881 1.63938408591 1.54578053942 1.53833880953 1.52958352204 1.51788174693
2.26123358629 2.27175124777 2.31409550283 2.30116958922 2.2882436756 2.27531776199 2.26239184838 2.45363005925 2.57399869937 2.48756155625 2.16456592486 2.01473536887 1.9039632103 1.9608642284 2.02388570195 2.01579440296 2.0494294553 2.02880051393 2.02033031334 1.9436012358 1.84795254495 1.75230385411 1.69545157646 1.94117083256 2.06990479144 2.09582276233 2.11967406988 2.07279328844 2.025912507 1.97355857697 1.91730948068 1.87093736876 1.65826862622 1.67231656467 1.69537111772 1.63291607397 1.60186758479 1.59631219657 1.72799897798 1.83778346894 1.9475679599 2.05735245086 2.19307817871 2.38229004453 2.04750235918 1.92282473693 1.79814711468 1.67346949243 1.54879187018 1.48568358586 1.4884859782 1.48118038916 1.46935375766
2.40819850927 2.32273314526 2.27541489964 2.4320097005 2.46249945421 2.4495735406 2.43664762698 2.599759449 2.49227612473 2.38036966482 2.27844078123 2.16469155654 2.11802331027 2.02296435365 2.10271302507 2.14267250606 2.16378084688 2.14315190551 2.0192775935 1.96374152986 1.90168588552 1.80803689286 1.7006891062 1.84558074237 2.01553401649 2.04145198739 2.06736995828 2.09328792917 2.05552370407 1.95727675405 1.86681009038 1.80938316219 1.64823841226 1.65852295917 1.65393046752 1.6288056087 1.67420737776 1.63763552173 1.65972901653 1.81249648724 1.94318087941 2.05296537037 2.16274986133 2.33743191449 2.0936440277 1.84983745045 1.7251598282 1.60048220595 1.50940263819 1.44184855392 1.44463983891 1.43281320741 1.42098657591
2.47079022292 2.37703556176 2.2905872973 2.27907855151 2.43567335237 2.59226815323 2.61090340559 2.61002997633 2.29126763185 2.17877143165 2.28212402224 2.2517332081 2.01336117337 2.05011503209 2.20959509677 2.26955060917 2.27813223846 2.04208220747 2.00155187996 1.94570247486 1.88364683051 1.80360146255 1.72088762898 1.84597192041 1.96116324155 2.02594322044 2.09449257348 2.1372894785 2.04620454666 1.94740803975 1.8779953748 1.78436607839 1.6382081983 1.61282137906 1.66832262058 1.71673532912 1.72261339197 1.67895884688 1.63530430179 1.73061217282 1.88337964353 2.03614711425 2.15836278084 2.26828764721 2.18781714978 1.80499801087 1.65217254172 1.57269963859 1.49443601673 1.41617239487 1.39627265716 1.38663093026 1.42611065538
2.66202434795 2.47413155375 2.3448897138 2.25844144934 2.28274220337 2.43933700423 2.55505821028 2.50907041688 2.24269887797 2.31111489792 2.27026354953 2.03703303076 1.87208628597 2.02674353584 2.19901692482 2.37078997935 2.16036817601 2.02113540897 1.98382616643 1.92766341985 1.8571632554 1.77585261886 1.74108615175 1.84022489015 1.92912783182 2.02848083024 2.13999770271 2.12846762384 2.03799352195 1.96043665279 1.87284624841 1.80818508155 1.63536432881 1.63812901777 1.73943682825 1.73065093533 1.81780556987 1.72028217203 1.67662762694 1.6487278584 1.80149532911 1.95426279982 2.10703027054 2.25979774125 2.28199027186 1.85294450684 1.57028376486 1.49921992716 1.42815608947 1.38667626812 1.4077563211 1.44723604621 1.48671577132
2.95993491224 2.7522269174 2.55083925369 2.40929220358 2.26775518996 2.26086808987 2.30461540196 2.3295991453 2.26231695909 2.2214656107 2.09814648681 1.94905028148 2.03939511641 2.14235671623 2.27928786045 2.21272911973 2.04071893798 2.00340969543 1.96610045289 1.90962436484 1.82941441171 1.75172864425 1.71240123131 1.7998681518 1.88877109347 1.97767403515 2.08317579468 2.09013118624 2.04515748938 1.98779358578 1.93042968218 1.87306577857 1.75113961459 1.65209928987 1.69126681365 1.73001446815 1.95650832039 1.83962069476 1.72273306912 1.674296407 1.71961101469 1.8723784854 2.02514595611 2.17791342683 2.26630675771 1.8373591141 1.46769336638 1.45278326654 1.4378731667 1.42296306687 1.45493720083 1.50784116216 1.54732088727
3.24180802796 3.03410003311 2.82639203827 2.56709883119 2.47231531327 2.40644062926 2.36089954797 2.31535846669 2.19032809431 2.13181632348 2.02853393264 2.11887876757 2.2092236025 2.29956843744 2.28932615214 2.12594523409 2.00317234745 1.9939762109 1.94837473935 1.88297620456 1.8189608222 1.76187810249 1.71067402909 1.78627471203 1.86187539496 1.9374760779 2.02635388665 2.03696071996 2.00565508169 1.97434944342 1.94304380514 1.91173816687 1.8804325286 1.77336853678 1.64635776041 1.82533243255 2.09521107092 1.97832344528 1.86143581965 1.74454819402 1.67196518706 1.79049417098 1.94326164169 1.9806029239 2.0416761433 1.97022707861 1.58579447701 1.51348627343 1.47415996545 1.45924986561 1.49347760969 1.5619523925 1.60792600322
3.52368114367 3.31597314883 2.93938493771 2.51933324857 2.37153404724 2.33426125026 2.34665886937 2.28946769941 2.14888180934 2.07626762158 2.12382216249 2.1713767034 2.21893124432 2.26648578523 2.24375288279 2.08727453446 1.95269781556 1.97425118553 1.95093206927 1.88619300014 1.82911028044 1.77202756074 1.71534204988 1.78454750981 1.86014819274 1.93574887568 1.98048339367 2.0304121278 2.00339351681 1.97637490581 1.94935629482 1.92233768382 1.89531907283 1.95690713998 1.91792968749 1.92065039696 2.22936942263 2.11702619581 2.00013857017 1.88325094454 1.76636331891 1.70793980836 1.72710302785 1.74626624734 1.82129750994 1.87414368338 1.62257511442 1.58660896284 1.55064281127 1.49693620034 1.53201801854 1.60049280135 1.66853111916
3.80555425939 3.39756387566 2.97751218651 2.55746049736 2.2707527812 2.23537138716 2.23191721405 2.17929187305 2.07205647884 2.08762838198 2.12053973656 2.15345109114 2.18636244572 2.2192738003 2.18576635437 2.04421617118 1.90222328367 1.92377665364 1.95553580606 1.9015107248 1.8471824693 1.78217701898 1.72509429928 1.78282030758 1.83056467981 1.86418016407 1.90219561754 1.96057801924 2.02181065172 1.99827399226 1.97125538126 1.94423677026 1.94177375241 2.01076948293 2.04414688912 2.22371009147 2.32468738703 2.25572894633 2.04888247495 1.80762547527 1.68631899022 1.68379258843 1.72035779132 1.734623925 1.80251200162 1.80249517095 1.60823538739 1.57226923581 1.53900224119 1.53360163037 1.76883744112 1.85395741904 1.93629017896
3.8557428136 3.43569112445 3.0156394353 2.59558774616 2.17553605701 2.13648152405 2.18468118831 2.17728225786 2.10678264675 2.09902380806 2.13193516265 2.16484651723 2.14369144847 2.0805946861 2.01484704421 1.92137944798 1.85587135897 1.96508195372 1.9330181495 1.87151623382 1.82031214439 1.76910805496 1.7245810243 1.73650577695 1.75386833203 1.78170053684 1.83888204658 1.88464655161 1.94587918409 2.00711181656 1.9931544677 1.96613585671 1.99349624132 2.07810708266 1.99957460466 2.17913780702 2.28301258307 1.93901261138 1.81770612633 1.69639964128 1.68587631746 1.68794961713 1.74428598782 1.76204125677 1.85769914928 1.8796443559 1.59737678694 1.57299903637 1.5486212858 1.69345370726 1.92868951802 2.13952586371 2.22185862362
3.8938700624 3.47381837325 3.0537666841 2.63371499495 2.20403059029 2.14424517792 2.14231081709 2.13491188664 2.12751295619 2.11041923415 2.09349654487 2.04658104923 2.02669553772 2.01365914957 2.01838060881 1.97826791517 1.85589164009 1.98693039708 1.91411758979 1.84152174284 1.79031765341 1.74709338175 1.72431297445 1.7414558658 1.76872048971 1.82041054555 1.84623118168 1.80201869014 1.86623783863 1.93045698713 1.9924129814 1.98803494315 2.05814415472 2.14544468239 2.00560273326 2.13456552256 1.98014926255 1.83827418422 1.70648029235 1.68796004649 1.69003334616 1.69210664582 1.7248161119 1.78945858854 1.82406409591 2.01772195888 1.76426171941 1.58261808098 1.6180699734 1.85330578416 2.08854159491 2.32377740566 2.50742706828
3.9205898648 3.49043946176 3.06028905872 2.63013865568 2.19116299946 1.95889890622 1.99083578309 2.02991033664 2.06898489019 2.10805944373 2.10256991567 2.08268440415 2.10027495003 2.12858338453 2.1017486986 2.01123597716 1.84910508107 1.9862225618 1.90418907347 1.81571481103 1.7696057392 1.7468253319 1.72904339957 1.76830058881 1.83499844458 1.90873372275 1.85094495675 1.7780468324 1.78189156401 1.84611071251 1.91032986101 2.00279461736 2.12548175445 2.20825118714 2.03467705867 2.08999323811 1.8859294998 1.85521228335 1.82154606479 1.78332952562 1.76935191651 1.75377359222 1.72671971867 1.812833804 1.74131030709 1.76732811577 1.63035442602 1.59550078972 1.71414407229 1.9920660151 2.2483936718 2.48362948256 2.71886529331
3.91654752715 3.48639712411 3.05624672107 2.62609631803 1.96208191364 1.99209164713 2.02210138061 2.05211111409 2.08212084757 2.11213058105 2.13387269494 2.18689075048 2.21519918498 2.22831928611 2.1199115889 1.99293894115 1.99602510169 1.95075788338 1.90549066506 1.8279119857 1.7389996459 1.72333443914 1.76058919262 1.86518725661 1.95228056787 1.98066927899 1.84898021949 1.78245088708 1.70986248313 1.76176443789 1.85077864362 1.96297485053 2.14582937094 2.23732551255 2.06375138409 1.93358481538 2.2150049325 2.24883495152 2.04071791318 1.89227041737 1.88264335144 1.86855784581 1.83665618958 1.79847893271 1.71463451633 1.67634419146 1.6380538666 1.60275357852 1.6112644039 1.8891863467 2.1671082895 2.43043605307 2.6733452487
3.91250518949 3.48235478646 3.05220438342 2.37299971938 1.99527465455 2.02528438803 2.05553535043 2.08849282704 2.12145030365 2.15440778026 2.13945058737 2.17749264254 2.24283988253 2.3556187305 2.10501119275 2.00338357837 1.96867811913 1.9548080872 1.94093805528 1.92706802335 1.75972577708 1.78094039605 1.80396215203 1.89644564579 2.0756150087 2.00165729452 1.88033233118 1.75290720234 1.69408643162 1.71721882073 1.80435957709 1.92315508369 2.07851592791 2.19925141769 2.07841593334 2.40398671238 2.59281341945 2.24744642006 1.90207942067 1.852883464 1.84871175097 1.81722714474 1.78292404352 1.799786874 1.74141198606 1.69733790197 1.65712987155 1.6148558136 1.62602549678 1.65742511773 1.89628379191 2.13919298753 2.38210218316
3.21998020809 3.09052529003 2.96107037196 1.99965934078 2.03261681739 2.065574294 2.09853177061 2.13148924723 2.16444672384 2.19740420045 2.15232314859 2.15576535015 2.24752601263 2.67374288233 2.38285536828 2.09950389137 2.07195609796 2.04440830456 2.01686051116 1.99869306316 1.98482303123 1.95587872523 2.04441164415 2.13294456307 2.14257512911 2.02125016576 1.89992520242 1.77860023908 1.66454274688 1.71503899851 1.83695775699 1.94944167661 1.99034519054 2.05381521659 2.12123489474 2.26579640025 2.2828902599 1.98530459284 1.76517674794 1.81405793148 1.81374934521 1.70501938695 1.67071628574 1.68187863028 1.75407896326 1.70135751945 1.70407692387 1.73381268214 1.72886554345 1.67037325134 1.65420827905 1.85310435929 2.09085911762
2.34458483346 2.31136990711 2.680909304 2.00355108155 2.07394977776 2.10857071419 2.1415281908 2.17448566741 2.20744314402 2.24040062064 2.16519570981 2.13403805775 2.37976209594 2.80131770836 2.40409865076 2.25607924567 2.21165553189 2.18410773849 2.15655994509 2.12901215169 2.09451628017 2.00978135872 2.05747014585 2.11092818049 2.17277321238 1.99645425477 1.87855335125 1.76065244773 1.64275154421 1.8419785534 1.99828513552 2.12726172882 2.17282002217 2.20082260319 1.96516220848 1.88938778605 1.84174520435 1.72700993303 1.70717222058 1.76257342416 1.82765422282 1.77664255764 1.60642833474 1.56397038655 1.68826372735 1.78046254233 1.83130957663 1.8610453349 1.83170559012 1.773213298 1.71472100589 1.65622871378 1.84988752061
2.09820865507 2.11334427654 2.48288367343 1.98383399729 2.0542326935 2.12463138971 2.18452461099 2.2174820876 2.25043956421 2.28339704082 2.17806827104 2.13269756939 2.6052602465 2.86101495555 2.5158647777 2.41564713338 2.35135496582 2.32380717242 2.29625937902 2.26871158562 2.10100791594 1.95543948492 2.00312827205 2.12486417246 2.26129779371 1.9874279354 1.84884788878 1.73094698526 1.62775349144 1.84773545577 2.0677174201 2.28769938444 2.30112775473 2.13335235699 1.79525537461 1.75372326679 1.75475751524 1.6715853407 1.64916769322 1.7012875741 1.76909236718 1.83689716025 1.71317842172 1.60338146418 1.73319809772 1.81785850554 1.8856931149 1.92247777535 1.90253218647 1.87605334467 1.81756105256 1.75906876044 1.70057646833
2.11845619833 2.03325274652 2.28485804286 1.96411691302 2.03451560923 2.10491430544 2.17531300165 2.24571169786 2.2934359844 2.30160994937 2.19094083226 2.61653155739 2.80174309858 2.91968638806 2.67543266542 2.57521502109 2.49105439975 2.46350660635 2.43595881294 2.37431363276 2.10749955172 1.90109761111 1.99058600573 2.13880016444 2.28701432314 2.07595251673 1.81914242632 1.7012415228 1.63351039381 1.85349235814 2.07347432248 2.22042905848 2.20323181781 2.12274778072 1.83145073536 1.80361394882 1.80452111465 1.67922839142 1.59116316585 1.64000172404 1.68525343986 1.71232533999 1.72516599091 1.60001276638 1.7781324681 1.85525446875 1.87746506072 1.82490595334 1.8142776954 1.79110618447 1.76793467354 1.74476316261 1.72159165168
2.12047962494 2.05350028978 2.08683241228 2.07070026948 2.01479852497 2.08519722118 2.15559591738 2.22599461359 2.2963933098 2.43246540606 2.52346890242 2.8317931999 2.89534185227 2.94092967054 2.83500055313 2.7347829088 2.63456526448 2.60320604027 2.57565824687 2.38080526854 2.11399118749 1.84766376829 2.0045219977 2.15273615641 2.30095031512 2.16447709806 1.89060723976 1.67153606033 1.63926729618 1.85924926052 1.9821493162 2.08759035472 2.07612309527 2.00054212888 1.88097379879 1.82549782237 1.81104880314 1.7192481115 1.60823713934 1.59486723544 1.5666356228 1.53840401015 1.56492224837 1.59183893847 1.82306683847 1.83245234609 1.75555567738 1.73156830783 1.72602320432 1.70285169339 1.67968018246 1.65650867153 1.66701633598
