Examples/results/velocity/asciifiles/KR2_140509_120000.JPG_interpmap.txt
ncols 224
nrows 356
xllcorner 447110.0
yllcorner 8755190.0
cellsize 10.0
NODATA_value -999.999
[rows 184 to 206 of 356, columns 159 to 211 of 224]
2.43440438824 2.38265121396 2.59234528486 3.55294485875 4.40093951253 4.46027420203 4.57696953233 4.18570459784 3.19913723138 2.70497118541 2.47890204719 2.29995197078 2.33387112774 2.49202558221 2.74957961648 3.31753408671 4.07497244136 4.04549634895 3.94978863684 3.85408092474 3.75837321263 3.88504511971 3.76609273895 3.28163982409 2.75467784735 2.59491272348 2.56627392289 2.57389742693 2.55989756824 3.07333738746 4.2576281829 4.91027135508 3.45628284882 -999.999 -999.999 -999.999 -999.999 -999.999 -999.999 -999.999 -999.999 -999.999 -999.999 -999.999 -999.999 -999.999 -999.999 -999.999 -999.999 -999.999 -999.999 -999.999 -999.999
2.3048688827 2.32605581934 2.61038630859 3.57515539933 4.94684493994 5.10938396487 5.22607929518 4.94656864764 3.79759936379 2.6290725393 2.38842391972 2.57427294467 2.38075846231 2.3143539552 2.4785778327 3.11159704367 3.24619893822 3.31488857167 3.38357820511 3.48212570941 3.8527428088 4.20216492369 3.94479332762 3.41516531332 2.88553729902 2.69134256497 2.83442503627 2.67133791069 2.5782864826 3.05095373105 4.0610009275 4.82601258739 3.4736643432 -999.999 -999.999 -999.999 -999.999 -999.999 -999.999 -999.999 -999.999 -999.999 -999.999 -999.999 -999.999 -999.999 -999.999 -999.999 -999.999 -999.999 -999.999 -999.999 -999.999
2.38985075619 2.30421648409 2.7997488564 4.06750760145 4.41029098994 4.75307437843 5.23219920936 5.4005568293 4.28640051967 3.16581216595 2.88325698355 2.76538690643 2.62975312683 2.49411934723 2.35848556764 2.45872740875 2.70587941255 2.95303141636 3.20018342016 3.30708980848 3.54482941187 4.19086682132 3.97663004625 3.36370531689 2.90564438709 2.81067251272 2.91746168226 2.73198871164 2.61291411363 3.14315892069 3.74989742034 4.74175381971 4.37945777953 -999.999 -999.999 -999.999 -999.999 -999.999 -999.999 -999.999 -999.999 -999.999 -999.999 -999.999 -999.999 -999.999 -999.999 -999.999 -999.999 -999.999 -999.999 -999.999 -999.999
2.4592365383 2.29772578705 3.18817026297 3.5402843161 4.11135829063 4.68243226515 5.07716977683 5.29762842627 4.57782047791 3.77849197311 3.20441145363 2.63108157679 2.44902303176 2.31338925216 2.36381650352 2.42839157973 2.6696749543 2.91682695811 3.16397896191 3.13205390756 3.03459366157 3.62820446637 3.72648764565 3.36516878934 2.95169445505 2.82110244106 2.85871594275 2.7926395126 2.64754174467 3.09692369693 3.43879391319 4.65749505202 5.43070528132 -999.999 -999.999 -999.999 -999.999 -999.999 -999.999 -999.999 -999.999 -999.999 -999.999 -999.999 -999.999 -999.999 -999.999 -999.999 -999.999 -999.999 -999.999 -999.999 -999.999
2.25915360776 2.41944339737 2.99051737189 3.56159134642 4.13266532094 4.60433743231 4.82479608175 5.0452547312 4.77844004984 4.17773920389 3.52556592371 2.82392652454 2.39125318364 2.44947618884 2.40358395646 2.41375269552 2.63542972968 2.88062249986 3.05447825262 2.95701800663 2.85955776064 2.96371851952 3.4142367879 3.56229148757 3.09962754041 2.76045658775 2.80167789738 2.85329031355 2.69170466414 2.87784329473 3.17682327239 4.57323628434 5.22587945652 -999.999 -999.999 -999.999 -999.999 -999.999 -999.999 -999.999 -999.999 -999.999 -999.999 -999.999 -999.999 -999.999 -999.999 -999.999 -999.999 -999.999 -999.999 -999.999 -999.999
2.35651152541 2.44075042768 3.01182440221 3.58289837673 4.13150508779 4.35196373723 4.57242238668 4.79288103613 4.97905962178 4.34121056707 3.76669810947 3.25597940862 2.68525708167 2.45279646868 2.44153811167 2.39911381132 2.62079084548 2.8444180416 2.87944235169 2.81889910117 2.771140051 2.84070524512 3.20698759446 3.5732699438 3.30384686532 2.80896650255 2.744639852 2.85156709511 2.73937107474 2.76360429795 3.15443961598 4.48897751665 5.14162068883 3.51530747368 -999.999 -999.999 -999.999 -999.999 -999.999 -999.999 -999.999 -999.999 -999.999 -999.999 -999.999 -999.999 -999.999 -999.999 -999.999 -999.999 -999.999 -999.999 -999.999
2.4381124097 2.55760546263 3.03313143252 3.60420540705 3.87913139272 4.09959004216 4.32004869161 4.54050734105 4.7609659905 4.39068963002 3.73701327531 3.28859393657 2.83583745761 2.41377697377 2.40251861677 2.46654681255 2.6100847777 2.83203066454 2.84921669996 2.79826506176 2.73112343531 2.80004101717 3.16632336651 3.32492921691 3.21635306449 2.93540561003 2.68760180663 2.79452904974 2.78703748535 2.92198909583 3.13205595957 4.29874829385 5.05736192115 3.53268896806 -999.999 -999.999 -999.999 -999.999 -999.999 -999.999 -999.999 -999.999 -999.999 -999.999 -999.999 -999.999 -999.999 -999.999 -999.999 -999.999 -999.999 -999.999 -999.999
2.61151671238 2.7310097653 3.05443846284 3.4062990482 3.62675769764 3.84730561678 4.0679337788 4.28856194082 4.44306528855 4.23941969176 3.71071134604 3.2622920073 2.81387266856 2.47942127748 2.49133849836 2.58157914046 2.67181978256 2.82415071928 2.85044306816 2.71066031559 2.68912810558 2.73034700006 2.87338265875 3.01641831744 2.96890285632 2.84684226403 2.70185540761 2.77454734635 2.83470389596 2.99627957938 3.19440069182 3.98764478669 4.97310315346 3.86488155147 -999.999 -999.999 -999.999 -999.999 -999.999 -999.999 -999.999 -999.999 -999.999 -999.999 -999.999 -999.999 -999.999 -999.999 -999.999 -999.999 -999.999 -999.999 -999.999
2.78492101505 2.89868580504 2.92275972667 3.15428892474 3.37491708676 3.59554524878 3.8161734108 3.99993967386 4.09051803723 3.93271484211 3.53927000377 3.16312545627 2.81100029363 2.56033527684 2.63155681908 2.71782733512 2.80409785117 2.87709275256 2.82848374017 2.47706028553 2.50451757584 2.56991717239 2.69683745491 2.87913002975 2.89790729644 2.92571736454 2.86687888947 2.87800060251 2.88475296762 2.96160770014 3.30389816617 3.67654127954 4.88884438577 5.72169446222 -999.999 -999.999 -999.999 -999.999 -999.999 -999.999 -999.999 -999.999 -999.999 -999.999 -999.999 -999.999 -999.999 -999.999 -999.999 -999.999 -999.999 -999.999 -999.999
2.73219366467 2.75547293926 2.77991001406 2.80664625297 3.07671948488 3.34378488079 3.55681405917 3.64739242254 3.72782943921 3.67834680143 3.33477068253 3.18507585412 2.8793306008 2.64695132645 2.68977968932 2.77605020537 2.86232072141 2.93085576467 2.86019998494 2.63789098315 2.50739309128 2.52861792036 2.72142760852 2.90497276705 2.74587778538 2.74834094876 2.90313422255 2.9301801206 2.9375287461 2.95319408428 3.20871050801 3.36543777238 4.80458561809 5.48495390259 -999.999 -999.999 -999.999 -999.999 -999.999 -999.999 -999.999 -999.999 -999.999 -999.999 -999.999 -999.999 -999.999 -999.999 -999.999 -999.999 -999.999 -999.999 -999.999
2.62398716784 2.61226007347 2.63706030145 2.66379654036 2.75156186443 2.97694038408 3.1399297913 3.33263038812 3.45925245867 3.39876721236 3.15914984406 3.07568142299 2.94766090796 2.73356737607 2.7543218619 2.82336327485 2.88597464127 2.9485860077 2.82476856066 2.63716997373 2.56626340957 2.64748686521 2.81102021745 2.85250728579 2.66498804648 2.74493844654 2.92852337634 2.97680478447 2.98869472626 2.99767316157 3.01318846347 3.2355418445 4.7203268504 5.37297002258 3.57433209853 -999.999 -999.999 -999.999 -999.999 -999.999 -999.999 -999.999 -999.999 -999.999 -999.999 -999.999 -999.999 -999.999 -999.999 -999.999 -999.999 -999.999 -999.999
2.77380634784 2.5442146447 2.52958299365 2.59071514855 2.74641426823 2.7282984145 2.93015414221 3.14118898433 3.09553004153 3.07371988503 3.18977461305 3.04540878732 2.8828185708 2.81257969488 2.79778946952 2.92653681876 2.84687053896 2.96631625073 2.80263709093 2.64095186468 2.6312023518 2.67271490897 2.71787165751 2.76302840604 2.81352710035 2.85364717581 2.95391253012 3.02342944834 3.03531939013 3.03519897861 3.08339348365 3.21315818809 4.53649566019 5.2887112549 3.59171359291 -999.999 -999.999 -999.999 -999.999 -999.999 -999.999 -999.999 -999.999 -999.999 -999.999 -999.999 -999.999 -999.999 -999.999 -999.999 -999.999 -999.999 -999.999
2.84794595059 2.68280889828 2.64250234344 2.60929207181 2.69735099981 2.68100245319 2.85164780499 3.01014542984 2.9959450424 3.00292466128 3.1995846098 3.56403413524 3.13745488713 2.84096331487 2.82172142378 3.13720813566 3.07991718284 2.68231078504 2.65498406212 2.65098674295 2.60474683169 2.64709130989 2.68865439077 2.73021747166 2.78515415022 2.91192919498 3.02626448295 3.03317932161 3.00338021471 3.08446954525 3.24177828153 3.24564246295 4.22539215304 5.20445248721 3.60909508729 -999.999 -999.999 -999.999 -999.999 -999.999 -999.999 -999.999 -999.999 -999.999 -999.999 -999.999 -999.999 -999.999 -999.999 -999.999 -999.999 -999.999 -999.999
2.82831485595 2.78800830111 2.77088827049 2.76707031768 2.71364427225 2.63012406539 2.79581655346 2.93783782546 2.94090748299 2.93212943753 3.20939460655 3.42362758556 3.2061640576 2.87349360397 2.8802325918 3.25113130799 2.99827272159 2.8512835062 2.78007567526 2.68413014249 2.57212526073 2.62397281235 2.67218964873 2.74517638448 2.80515008515 2.85774076681 2.94294485191 2.97156145081 3.02376830026 3.14717659231 3.40016307941 3.3551399373 3.91428864588 5.12019371953 5.20711823416 -999.999 -999.999 -999.999 -999.999 -999.999 -999.999 -999.999 -999.999 -999.999 -999.999 -999.999 -999.999 -999.999 -999.999 -999.999 -999.999 -999.999 -999.999
2.93630242199 2.93248446917 2.92866651636 2.92484856355 2.90784238097 2.57924567759 2.72054679178 2.86256806379 2.92237519787 2.87166953614 3.06493841959 3.23441624389 3.27487322807 2.9287924901 3.07758930757 3.18044196346 3.13709747303 3.01015847948 2.90847205854 2.7753310097 2.64503235697 2.63328334202 2.8784475711 2.95327026268 2.82821302987 2.74320575957 2.83118520187 2.96306705528 3.08647534732 3.20988363937 3.43266159052 3.46463741165 3.60318513873 5.03593495184 5.79810026046 -999.999 -999.999 -999.999 -999.999 -999.999 -999.999 -999.999 -999.999 -999.999 -999.999 -999.999 -999.999 -999.999 -999.999 -999.999 -999.999 -999.999 -999.999
2.8972612718 2.97408591953 3.05091056726 3.08262680942 3.0788088566 2.87552059244 2.83227115694 2.86399271315 2.91492930966 2.94853142158 2.98579229878 3.0979064785 3.21002065822 2.98323009969 2.96331787865 3.04989447756 3.15065401645 3.0805178264 3.15834891515 3.02520786631 2.83888175869 2.72563967176 3.06003273112 2.95615676511 2.81422255036 2.78795991487 2.86290959976 3.02577410233 3.14918239438 3.27439224164 3.43899947583 3.32049731909 3.31664407302 4.95167618415 5.60431935634 3.57724439013 -999.999 -999.999 -999.999 -999.999 -999.999 -999.999 -999.999 -999.999 -999.999 -999.999 -999.999 -999.999 -999.999 -999.999 -999.999 -999.999 -999.999
2.61264458216 2.76033567595 2.91459704696 3.06885841797 3.18577829012 3.07797020945 2.94593157116 2.88602974723 2.84344371259 2.87070123325 2.9103889793 3.01944552225 3.11400239706 2.98541801992 3.00933690214 3.03788366281 3.06643042348 3.12086606943 3.40822577175 3.19556767016 2.91525789463 2.8100358283 2.93026227859 2.82470794679 2.81803966599 2.85523820124 2.862888094 3.01424933094 3.21188944144 3.34005697033 3.50466420452 3.24479787147 3.29426041661 4.77424302654 5.52006058865 3.65073821777 -999.999 -999.999 -999.999 -999.999 -999.999 -999.999 -999.999 -999.999 -999.999 -999.999 -999.999 -999.999 -999.999 -999.999 -999.999 -999.999 -999.999
3.7065785401 3.17369813594 3.18735179883 3.22787561714 3.24882066582 3.136306493 3.02999327257 2.86099930514 2.80406005232 2.82125488101 2.83675736907 2.88097212543 2.92360543857 3.02680916496 3.05535592563 3.0839026863 3.11317290654 3.14302765356 3.52756653125 3.27038733384 2.99163403058 2.88585593016 2.82067991549 2.79654566509 2.77974029484 2.81693883008 2.85609147056 2.99852489743 3.21709446328 3.40572169901 3.5703289332 3.40318266935 3.29688423408 4.46313951938 5.43580182096 3.66811971215 -999.999 -999.999 -999.999 -999.999 -999.999 -999.999 -999.999 -999.999 -999.999 -999.999 -999.999 -999.999 -999.999 -999.999 -999.999 -999.999 -999.999
4.04463505651 4.0206939879 4.11500553362 3.94889575605 3.55621301676 3.30376104957 3.21133761601 3.01936353998 2.93957787419 2.87957901545 2.76436285265 2.85867299343 2.9768885122 3.07292909178 3.1032214923 3.13307623932 3.16293098634 3.19278573336 3.22264048038 3.27647936926 3.01930017186 2.86315603376 2.79366367951 2.76952942911 2.74539517872 2.77863945893 2.87222831611 2.99310300448 3.21167257033 3.46258121685 3.63584595807 3.56156746723 3.40638170843 4.15203601223 5.35154305328 4.69254200609 -999.999 -999.999 -999.999 -999.999 -999.999 -999.999 -999.999 -999.999 -999.999 -999.999 -999.999 -999.999 -999.999 -999.999 -999.999 -999.999 -999.999
3.79305221442 3.65195322977 3.51085424512 3.66073577556 3.83015506292 3.54745473079 3.40012341629 3.26230509066 3.04002982654 2.98499999455 2.92105906267 2.94056199438 3.00794163926 3.05980745539 3.11167327151 3.15645628661 3.20056302737 3.24254381316 3.27239856018 3.28257140469 3.11642859999 2.99664494732 2.87686129466 2.8051452104 2.74325963928 2.79433033835 2.88836516166 2.98768111153 3.24880864113 3.51384382217 3.68710856339 3.7199522651 3.51587918278 3.84093250508 5.26728428559 6.11124661832 -999.999 -999.999 -999.999 -999.999 -999.999 -999.999 -999.999 -999.999 -999.999 -999.999 -999.999 -999.999 -999.999 -999.999 -999.999 -999.999 -999.999
3.54146937234 3.40037038769 3.3305948018 3.42123173763 3.58558364793 3.543395504 3.4608215414 3.39767834187 3.17367578124 2.76083485944 2.96159301088 3.04844055376 3.06019413144 3.06590360678 3.09745757834 3.14932339447 3.19587674067 3.23998348143 3.28409022219 3.28488778907 3.19371346248 3.09411829424 2.994523126 2.89056655556 2.85720200366 2.84881209175 2.91150554726 2.97280266502 3.27532560976 3.56148620559 3.58701127883 3.71357743721 3.62537665713 3.52982899792 5.18302551791 5.85234888172 -999.999 -999.999 -999.999 -999.999 -999.999 -999.999 -999.999 -999.999 -999.999 -999.999 -999.999 -999.999 -999.999 -999.999 -999.999 -999.999 -999.999
3.28988653025 3.21813641724 3.27187846624 3.33126510886 3.48983106273 3.51381308399 3.5152911372 3.56902472575 3.41587865959 3.01943066096 3.0370017601 3.13995357331 3.14566304865 3.15137252399 3.15708199933 3.16279147467 3.18697351742 3.23529719473 3.27940393549 3.22757984116 3.14858657757 3.06090677642 2.96131160819 2.91832203896 2.91332586746 2.89639082224 2.88547028252 2.95544466979 3.25796761454 3.42487967186 3.47002661911 3.56427015266 3.45207774023 3.37536264513 5.01199039289 5.7514099224 3.70976284262 -999.999 -999.999 -999.999 -999.999 -999.999 -999.999 -999.999 -999.999 -999.999 -999.999 -999.999 -999.999 -999.999 -999.999 -999.999 -999.999
3.0915545138 3.12910658941 3.19846482426 3.26690417969 3.38263330247 3.38814880191 3.57066690316 3.74037110963 3.65808153795 3.41697950801 3.43455060716 3.29378612738 3.28269289937 3.27929937512 3.27590585088 3.27251232663 3.26911880239 3.26572527814 3.24926515685 3.17088490083 3.09252737421 3.01416984759 2.9604829129 2.93172880192 2.93790521487 2.91420011451 2.89455624405 2.93808667457 3.15009703235 3.27922813268 3.39237954 3.41496286811 3.56458705717 3.35297898872 4.70088688573 5.66715115471 3.72714433701 -999.999 -999.999 -999.999 -999.999 -999.999 -999.999 -999.999 -999.999 -999.999 -999.999 -999.999 -999.999 -999.999 -999.999 -999.999 -999.999
