Examples/results/velocity/asciifiles/KR2_140513_120000.JPG_interpmap.txt
ncols 222
nrows 349
xllcorner 447130.0
yllcorner 8755260.0
cellsize 10.0
NODATA_value -999.999
[rows 207 to 229 of 349, columns 159 to 211 of 222]
3.61580130547 3.31251242132 3.31734548569 3.31573902669 3.10818107942 2.48076220302 2.99393570765 3.63455153975 4.54014087074 5.21804145711 4.52185530051 4.60435523787 4.91179345116 5.21923166445 5.52666987774 5.83410809103 6.03957923674 5.26296767657 4.35016097077 3.45982488916 3.88974169995 5.13597111992 5.11878950586 4.46521286158 3.81666905085 4.82349369709 5.51231131723 6.06412885272 6.03942620464 5.48656067839 4.34825863497 3.15002159469 3.3027038508 2.4510702259 3.02493532039 -999.999 -999.999 -999.999 -999.999 -999.999 -999.999 -999.999 -999.999 -999.999 -999.999 -999.999 -999.999 -999.999 -999.999 -999.999 -999.999 -999.999 -999.999
3.41421964272 3.90653396684 3.64589978944 3.53485167972 3.51939782998 2.95351774402 3.06951399711 3.71012982921 4.35074566132 4.99824390642 4.70569657711 5.05662119958 5.41754749555 5.77847379151 6.13940008748 6.50032638345 6.59971496315 5.69637818758 4.79304141201 3.89709224566 4.15157266769 5.13342431606 4.9028881119 4.20755180625 3.51869889815 5.09698217463 5.78579979476 5.77243878306 5.74773613498 5.80294231592 4.86947364296 3.10961362087 3.26229587698 3.2819444131 2.92328176045 -999.999 -999.999 -999.999 -999.999 -999.999 -999.999 -999.999 -999.999 -999.999 -999.999 -999.999 -999.999 -999.999 -999.999 -999.999 -999.999 -999.999 -999.999
3.55780825638 4.01921307453 4.01047481364 3.86690532766 3.72120454601 3.35254100561 3.14509228656 3.7901662809 4.44989208778 5.10961789467 5.06788804031 5.42881433628 5.78974063225 6.15066692822 6.31940208035 6.41439163236 6.50938118436 6.30952265162 5.40618587605 4.4651247397 4.01647614092 4.96329974735 5.85088908877 3.94989075092 3.25455444527 5.29271760014 5.50545136148 5.48074871341 5.45604606533 5.48878097227 5.00813623188 3.2381891224 3.22188790316 3.64755366404 2.81615249308 -999.999 -999.999 -999.999 -999.999 -999.999 -999.999 -999.999 -999.999 -999.999 -999.999 -999.999 -999.999 -999.999 -999.999 -999.999 -999.999 -999.999 -999.999
3.37241515425 4.0902897664 4.37357046485 4.19604034785 3.96658009539 3.59930524978 3.37475498837 3.89275094775 4.55247675464 5.21220256152 5.44008117701 5.80100747298 6.00211486343 6.09710441543 6.19209396744 6.28708351945 6.38207307145 6.46957753984 5.96759314956 4.99851311113 4.0294330727 4.78574585173 5.69046617435 5.30345421031 3.25143545169 3.67266843436 4.56620964434 4.53643454115 4.76637774719 5.289557585 5.3252014792 3.23296172447 3.18147992935 3.34004211342 2.7090232257 3.29626603256 -999.999 -999.999 -999.999 -999.999 -999.999 -999.999 -999.999 -999.999 -999.999 -999.999 -999.999 -999.999 -999.999 -999.999 -999.999 -999.999 -999.999
3.39316628301 3.72271267409 3.98577316864 4.08526990904 4.14677799427 3.91734126964 3.94616675667 4.07584020162 4.28157078109 5.20427318653 5.67964602285 5.75459505487 5.82954408688 5.9044931189 5.97944215092 6.05439118293 6.12934021495 5.91115168381 5.47320819474 5.03526470566 4.56282144412 4.60679643466 5.54037712946 6.213078542 4.19381614395 2.84644279764 3.34457543067 3.92130967051 4.4218657943 4.94504563212 5.2752918307 3.85785549653 3.14107195553 3.29375421164 2.60189395832 3.19611721903 -999.999 -999.999 -999.999 -999.999 -999.999 -999.999 -999.999 -999.999 -999.999 -999.999 -999.999 -999.999 -999.999 -999.999 -999.999 -999.999 -999.999
3.59867846805 3.98417252368 4.08549015781 4.10821949851 4.19071539866 4.18819659959 4.40890274682 4.64725196993 4.69764357462 4.59361440901 5.07947206773 5.39669309029 5.4716421223 5.54659115432 5.62154018634 5.69648921835 5.65645399304 5.18020507976 4.74226159068 4.3043181016 3.96496524131 4.31810566628 5.42461510893 6.36085743903 5.13619683622 3.68821312479 2.78420488177 4.14428525793 4.46691658138 4.78954790482 5.12371351704 4.48274926858 3.10066398171 3.25334623782 2.49476469094 3.09596840551 -999.999 -999.999 -999.999 -999.999 -999.999 -999.999 -999.999 -999.999 -999.999 -999.999 -999.999 -999.999 -999.999 -999.999 -999.999 -999.999 -999.999
3.78938413877 3.84304094047 4.40020322514 4.51407302075 4.62794281635 4.4318771751 4.57234707408 4.84866805531 5.11634969118 4.90044577222 4.54749435519 4.73982580022 5.11374015773 5.18868918974 5.26363822176 5.33858725378 4.90917985607 4.4492584757 4.01131498662 3.75689773443 3.51975560334 3.84304440226 4.99437425632 6.14570411037 6.03825507697 4.34918650831 3.35225194064 4.1057833208 4.6898921688 4.95470070707 4.77773508778 4.50501820827 3.0602560079 3.212938264 3.17904503989 2.99376015713 -999.999 -999.999 -999.999 -999.999 -999.999 -999.999 -999.999 -999.999 -999.999 -999.999 -999.999 -999.999 -999.999 -999.999 -999.999 -999.999 -999.999
3.6922461911 3.41360582519 4.30028063341 4.95130043844 4.95327998802 4.67555775061 4.73579140134 5.00834584638 5.2232102021 5.39643982664 4.80894500011 4.65493435006 4.56747268747 4.83078722516 4.90573625718 4.67346925286 4.16190571909 3.78597235864 3.54883022755 3.31168809646 3.07454596537 3.36798313824 4.5193129923 5.72637951295 5.92922310446 4.82875912856 4.89191902312 4.86744349827 4.49282441412 4.25928104164 4.08231542235 3.90534980306 3.01984803408 3.17253029019 3.56619325543 2.88663088975 -999.999 -999.999 -999.999 -999.999 -999.999 -999.999 -999.999 -999.999 -999.999 -999.999 -999.999 -999.999 -999.999 -999.999 -999.999 -999.999 -999.999
3.40164742054 3.37367917481 4.19605533692 5.08235795585 5.17286611871 4.91923832612 4.8992357286 5.1152063573 5.33007071302 5.50517359233 5.57136001253 4.84983600751 4.76237434492 4.67491268233 4.56914149542 4.26943187982 3.93942623871 3.55288026439 3.18123616796 2.86647845848 2.62933632739 2.89292187422 4.12288601684 5.3658319398 6.17723960326 5.80395299485 5.43066638643 4.99186877565 4.4503086474 4.56822957312 4.06287299783 3.55751642255 3.05215984727 3.13212231637 3.28480457248 2.77950162238 3.36729911768 -999.999 -999.999 -999.999 -999.999 -999.999 -999.999 -999.999 -999.999 -999.999 -999.999 -999.999 -999.999 -999.999 -999.999 -999.999 -999.999
3.80267117424 3.88468876847 4.47511134237 5.18419768234 4.90693864725 4.78865033533 4.97368936891 5.22206686822 5.43693122394 5.61390735802 5.76775988965 5.45168841573 4.92316777131 4.79174276697 4.66031776263 4.5110235293 4.28621076967 3.85697931749 3.43654157355 3.04999559923 2.66402658604 3.18115898115 4.08228502884 4.98341107654 5.53170074576 5.74284134923 5.61130215727 5.06974202903 4.52818190078 4.31280596531 4.62657911284 4.13827815683 3.45377588114 3.09171434255 3.24439659866 2.672372355 3.26715030415 -999.999 -999.999 -999.999 -999.999 -999.999 -999.999 -999.999 -999.999 -999.999 -999.999 -999.999 -999.999 -999.999 -999.999 -999.999 -999.999
4.17806537038 4.3953845028 4.75416734782 4.98968465035 4.66966387115 4.53383034087 4.90499058217 5.27615082347 5.54379173487 5.7226411237 5.87649365533 4.63397924729 4.5159686756 4.73726923891 4.74955086955 4.62814286911 4.79989519807 4.8004711614 4.37123970921 3.94200825703 3.51277680484 3.15241070622 3.45227130412 4.35339735182 4.73615117449 5.18385859804 5.54810911327 4.8770645724 4.60605515416 4.06449502591 4.23294495313 4.54671810066 3.78636746473 3.05130636874 3.20398862484 2.56524308762 3.16700149063 -999.999 -999.999 -999.999 -999.999 -999.999 -999.999 -999.999 -999.999 -999.999 -999.999 -999.999 -999.999 -999.999 -999.999 -999.999 -999.999
4.69799469601 4.89959767473 5.08349914587 4.79517161836 4.47515083916 4.46513155414 4.83629179543 5.20745203673 5.57601509126 5.38064201457 4.73120721077 4.16723279611 4.07447766136 4.09433466338 4.35773708601 4.68647714571 4.98294319664 5.1546955256 5.31473155313 4.88550010094 4.49787034702 4.13987676367 3.76557464099 3.72338362709 4.49648734476 5.42402183594 5.37424097438 4.73224466787 3.84501927411 3.71600857048 3.95206575143 4.34959095056 4.11895904832 3.01089839492 3.16358065103 3.067736931 3.06423855381 -999.999 -999.999 -999.999 -999.999 -999.999 -999.999 -999.999 -999.999 -999.999 -999.999 -999.999 -999.999 -999.999 -999.999 -999.999 -999.999
5.21792402163 5.40381084666 4.63153324418 4.08595814487 3.78946544433 3.91170364827 4.27961372196 4.77928017331 5.49914134693 5.56531161102 4.84894522804 4.34809495697 3.93684522212 3.92533816968 4.4610902985 5.33425186115 4.55808254816 4.90084102116 5.24359949417 5.58740062136 5.48365325841 5.12734282111 4.86315236577 4.63478578063 4.73665058266 5.46578675048 5.2003728355 4.93495892052 3.61355258431 3.16963758568 3.85646893192 4.14159210183 4.42556132685 3.3904509212 3.12317267721 3.48483284682 2.95710928643 -999.999 -999.999 -999.999 -999.999 -999.999 -999.999 -999.999 -999.999 -999.999 -999.999 -999.999 -999.999 -999.999 -999.999 -999.999 -999.999
5.67305594215 4.89526815702 4.1174803719 3.35757799651 3.06108529597 3.28858306184 3.95079509771 4.60446179903 5.88216883381 5.66002288041 4.83584131829 4.54373980716 4.27265192775 4.02654040392 5.266776033 6.10638745134 4.7463031967 4.42968795061 4.77244642361 5.30299994392 5.65746725086 5.4592328026 5.44684056256 5.43444832252 5.42205608248 5.24566977771 4.95291871916 4.6601676606 4.75724843724 4.19120838854 3.76651732638 3.93359325311 4.21756247812 3.22590213507 3.08276470339 3.2354469595 2.84998001905 3.4383322028 -999.999 -999.999 -999.999 -999.999 -999.999 -999.999 -999.999 -999.999 -999.999 -999.999 -999.999 -999.999 -999.999 -999.999 -999.999
4.92451018796 4.30650958553 3.60342749961 2.82563971448 2.33270514761 2.79693229141 3.64711884382 4.88000286378 5.89868990704 5.60011019235 4.95402634064 4.68293846123 4.41185058182 4.14076270241 5.92880372491 6.41307705559 5.27988593785 4.14669482011 4.35153563846 5.12119665043 5.68079117793 5.40370785275 5.25052065742 5.23812841738 5.16102790947 4.80479482674 4.47719359953 4.18444254098 4.72803386055 5.01154663899 4.65477885591 4.39442516665 4.1340714774 3.98609169727 3.04235672957 3.19503898568 2.74285075168 3.33818338928 -999.999 -999.999 -999.999 -999.999 -999.999 -999.999 -999.999 -999.999 -999.999 -999.999 -999.999 -999.999 -999.999 -999.999 -999.999
4.14593552912 3.60578329201 2.92698317148 2.24818305094 1.64477875118 2.92647292619 4.30645805119 5.32514509445 5.68715443386 5.60807977812 5.09322499471 4.8221371153 4.88633556303 4.98661342217 6.86781842307 6.16216558358 5.03618347592 4.02271582462 4.0076111503 4.93939335694 5.63426313154 5.35717980636 5.08009648118 5.04180851224 4.74386295637 4.38762987364 4.03139679091 3.70871742135 4.25784769039 5.83188488943 5.54304038544 4.98840826388 4.42544693288 4.02744336826 3.00194875576 3.15463101186 2.6357214843 3.23803457575 -999.999 -999.999 -999.999 -999.999 -999.999 -999.999 -999.999 -999.999 -999.999 -999.999 -999.999 -999.999 -999.999 -999.999 -999.999
3.76301680137 2.87321400147 2.80222529017 3.37744207819 3.26318599645 3.59867852259 4.62885216141 4.90998469933 5.19111723725 5.362077295 5.56842112951 5.64768968708 5.72695824466 6.48060430013 6.53742665756 5.83177381807 4.79248101399 4.0490612893 4.03395661498 5.21360593021 5.45228022579 5.21818277015 4.98408531451 4.79689211798 4.35911295838 3.97046492054 3.61423183781 3.25799875508 3.62783506539 4.09700523447 4.56617540354 4.39143457134 3.85000609713 3.72904960336 3.38139919311 3.11422303805 2.94961366991 3.13471695049 -999.999 -999.999 -999.999 -999.999 -999.999 -999.999 -999.999 -999.999 -999.999 -999.999 -999.999 -999.999 -999.999 -999.999 -999.999
3.89470753032 3.84526828276 4.38919700602 4.98015078853 4.58096952083 4.166587739 4.51264863726 4.91769343035 5.32273822343 5.66728191585 6.46066793712 6.49215351521 6.56758092628 6.91268773155 6.20703489205 5.50138205256 4.54877855206 4.07540675398 4.41311258719 5.43009726968 5.19599981405 4.9578790676 4.70864367414 4.64470470398 5.23936028088 4.80158112129 4.36380196169 3.9260228021 3.69279744732 3.68455160447 3.74577851401 3.88926826543 3.38998545101 3.43065583845 3.63026463177 3.07381506423 3.4034724382 3.02758768311 -999.999 -999.999 -999.999 -999.999 -999.999 -999.999 -999.999 -999.999 -999.999 -999.999 -999.999 -999.999 -999.999 -999.999 -999.999
4.14403781766 4.25052494722 4.05739967614 4.46295473554 4.24350569734 4.66642806271 4.93670663061 5.27199364571 5.6770384388 5.51538619398 6.3995345138 6.70984166309 7.03987627453 6.58229596604 5.87664312654 5.17099028705 4.30507609013 4.27135266509 4.82492302749 5.17381685794 4.92546006499 4.67622467154 4.42698927808 4.17775388462 4.93199093 5.68182844378 5.24404928419 4.80627012459 4.60233688776 4.59409104491 4.58584520207 4.57759935922 3.88255648565 3.13226207354 2.94826162482 3.03340709041 3.18608934652 2.92045841573 3.50936528792 -999.999 -999.999 -999.999 -999.999 -999.999 -999.999 -999.999 -999.999 -999.999 -999.999 -999.999 -999.999 -999.999 -999.999
3.98778520493 4.64259047402 4.46448747288 4.24391937941 4.43220499005 5.16118839249 5.55717515946 5.70682552222 5.94368142799 5.66488106125 5.95588507386 6.33886901535 6.69452166103 6.06797132968 5.44142099833 4.81487066697 4.14320235766 4.67464533151 5.20938813674 5.00803841433 4.64380566893 4.39457027548 4.14533488202 3.89609948856 4.45093074494 5.21927715602 5.98762356709 5.68651744709 5.5118763282 5.50363048535 5.16236520912 4.66876122222 4.17515723531 3.1992946805 3.3044776896 2.9929991166 3.1456813727 2.81332914835 3.4092164744 -999.999 -999.999 -999.999 -999.999 -999.999 -999.999 -999.999 -999.999 -999.999 -999.999 -999.999 -999.999 -999.999 -999.999
3.83153259219 4.90343688611 4.87157526962 4.45530364706 4.86336867628 5.65594872227 6.17764368831 6.32729405107 6.18231706823 5.81902129249 5.84632486083 6.04607984779 6.16945874628 5.52591855909 4.83833712931 4.15075569953 4.36266246568 5.02940164166 5.56414444689 5.29289044845 4.64397348486 4.11291587941 3.86368048596 3.6144450925 3.96987055988 4.73821697095 5.50656338203 6.27490979311 6.14764631576 5.65404232885 5.16043834194 4.66683435504 4.17323036813 3.67962638122 3.0060839247 3.37234746502 3.10527339889 2.70619988098 3.30906766087 -999.999 -999.999 -999.999 -999.999 -999.999 -999.999 -999.999 -999.999 -999.999 -999.999 -999.999 -999.999 -999.999 -999.999
3.57791837153 4.41604437517 4.94624604533 4.43659942956 5.23263851284 6.05429079219 6.67711281629 6.59826064511 6.46210077192 6.21201706756 5.95661725063 6.15637223759 5.60126130594 4.75344903745 4.06586760767 3.67561524233 4.50028363876 5.3249520352 5.91890075704 5.57774248256 4.92882551898 4.27990855539 3.63099159181 3.33279069644 3.48881037482 4.25715678589 5.23176870581 6.05118171366 6.03008281379 5.57142467325 5.1127665327 4.65410839215 4.17130350095 3.67769951404 3.18409552713 4.18716919645 3.06486542507 2.83149040882 3.20519534716 -999.999 -999.999 -999.999 -999.999 -999.999 -999.999 -999.999 -999.999 -999.999 -999.999 -999.999 -999.999 -999.999 -999.999
4.09644299398 3.59826741047 4.6611596783 4.78025607007 5.5628859779 6.23436547463 6.76368474369 6.70871308308 6.32843111937 6.2073887747 6.08634643004 6.74928609147 5.32061961333 3.98097951582 3.29339808604 3.81323641541 4.63790481184 5.46257320828 6.2736570672 5.86259451668 5.21367755309 4.56476058951 3.91584362592 3.26692666234 3.00775018976 4.62110070704 5.39731825403 5.68267317 5.87894816734 5.4202900268 4.96163188625 4.5029737457 4.04431560515 3.58565746461 3.12699932406 3.794182957 3.02445745125 3.32211202959 3.09806607979 -999.999 -999.999 -999.999 -999.999 -999.999 -999.999 -999.999 -999.999 -999.999 -999.999 -999.999 -999.999 -999.999 -999.999
