Examples/results/velocity/asciifiles/KR2_140508_120000.JPG_interpmap.txt
ncols 212
nrows 329
xllcorner 447110.0
yllcorner 8755460.0
cellsize 10.0
NODATA_value -999.999
[rows 276 to 298 of 329, columns 0 to 52 of 212]
-999.999 -999.999 -999.999 -999.999 1.28260276116 1.30475162603 1.32882512043 1.27017231104 1.3177236916 1.36527507216 1.41282645272 1.46037783328 1.50792921383 1.58805308569 1.55301134336 1.49811737529 1.44322340722 1.38832943915 1.36332938104 1.55307433188 1.70525740006 1.85509965967 2.00494191928 2.0611071012 1.98265497666 1.94233036411 1.90200575157 1.74937057223 1.76819474574 1.77690140259 1.78560805945 1.79772908969 1.86258886129 1.94045342087 2.01008834264 2.05661750003 2.11483961601 2.14370413025 2.12576212642 2.10782012258 2.08987811874 2.15809957504 2.28408452355 2.39097283362 2.55656875209 2.70782372521 2.84783740814 2.98785109107 2.93371611567 2.84890352052 2.76409092537 2.83255081485 3.48592389373
-999.999 -999.999 -999.999 -999.999 1.30628846389 1.23317062727 1.22869591382 1.285999801 1.33357483408 1.38114986715 1.42872490023 1.47629993331 1.52387496639 1.52408773297 1.50382650442 1.44893253635 1.39403856829 1.33914460022 1.39339521017 1.58314016101 1.77288511185 1.96263006269 2.15237501353 2.14041126342 2.05398665523 1.99951597514 1.9591913626 1.70397093663 1.72393358371 1.74010941874 1.74881607559 1.75752273245 1.79862641565 1.87649097523 1.95435553481 2.03222009439 2.0665866782 2.04854066748 2.03049465676 2.01244864604 2.02496234651 2.06146992636 2.2185927901 2.32420328642 2.31744493927 2.38735222948 2.52736591241 2.66737959534 2.63955544921 2.55474285406 2.60736804887 2.92838325524 3.36333093133
-999.999 -999.999 -999.999 -999.999 -999.999 1.19879092238 1.19052038198 1.22507304238 1.30957158792 1.37942754107 1.42700257415 1.47457760723 1.42673562737 1.48592507852 1.45032397568 1.39974769742 1.34485372935 1.33585151176 1.4234610393 1.61320599014 1.80295094098 1.99269589182 2.02310490614 2.02522186558 2.1257352037 2.05670158617 1.63860865395 1.65857130103 1.67853394811 1.69849659519 1.71202409174 1.72073074859 1.75728670755 1.81252852959 1.89039308917 1.94165255108 2.00079355183 2.05310095239 2.09958111423 2.1359056362 2.15655804393 2.17721045166 2.19286436616 2.24252279572 2.23576444857 2.22900610143 2.22224775429 2.3469080996 2.34539478275 2.41858323316 2.58926801954 3.02421569563 3.45916337172
-999.999 -999.999 -999.999 -999.999 -999.999 1.20873295932 1.15579774417 1.16235565785 1.24685420339 1.33135274894 1.41585129448 1.3280213023 1.36596199165 1.4251514428 1.39236051586 1.35056285849 1.30885447786 1.34528226251 1.45352686842 1.64327181926 1.8330167701 1.86398295033 1.86609990976 1.8682168692 1.87821665114 1.99371631553 1.59320901835 1.61317166543 1.63313431251 1.65309695959 1.67305960666 1.68393876474 1.71682111001 1.75730992294 1.81764289651 1.90116476011 1.96749645747 2.02737363052 2.0795593123 2.12603947413 2.17251963597 2.17372781214 2.12935517846 2.16084230502 2.15408395787 2.14732561073 2.14056726359 2.13380891645 2.22979841745 2.39786041946 2.68510045993 3.12004813602 3.55499581211
-999.999 -999.999 -999.999 -999.999 -999.999 -999.999 1.12141803927 1.12093931858 1.20548623677 1.29003315497 1.39606853765 1.48571870915 1.38190373775 1.36437780709 1.3696667415 1.30137801955 1.3182852286 1.35471301326 1.48359269755 1.67333764839 1.70102205276 1.70697795395 1.70909491338 1.71121187282 1.71332883226 1.74619776297 1.54085998708 1.5604070985 1.58384747902 1.60728785953 1.62765997106 1.64714678088 1.67635551248 1.86651406614 1.79614164039 1.87432219007 1.93419936311 1.99407653616 2.0539537092 2.1060176722 2.1377452606 2.05746270343 2.06584599077 2.07916181432 2.07240346718 2.06908719776 2.10339638804 2.15628736327 2.28124222503 2.38083330666 2.76096162488 3.15970766532 3.55845370577
-999.999 -999.999 -999.999 -999.999 -999.999 -999.999 1.11117745474 1.08055387508 1.16510079327 1.25910819119 1.39518862067 1.51498328113 1.47283838681 1.41307306264 1.3470849674 1.27919549391 1.32771597935 1.364143764 1.51365852667 1.53714622147 1.54785599813 1.54997295757 1.552089917 1.55420687644 1.55632383588 1.55844079532 1.53632639745 1.50189015391 1.52533053443 1.54877091495 1.57477375516 1.64634114874 1.87407178514 2.01710603508 1.85037339189 1.81301950452 1.87541304583 1.93780658715 2.00020012847 2.06259366979 2.01940989427 1.94119759471 2.00233680307 2.0090266702 2.04333586048 2.07764505077 2.11195424105 2.25437649347 2.35396757509 2.29858317269 2.49634158396 2.89508762441 3.29383366485
-999.999 -999.999 -999.999 -999.999 -999.999 -999.999 -999.999 1.04404515617 1.12471534977 1.25822827422 1.35381494608 1.43169460738 1.37192928321 1.3249589187 1.31749146689 1.28393448746 1.30501085637 1.36565569519 1.37327039018 1.38819143069 1.39085100175 1.39296796119 1.40652615917 1.43776168926 1.46899721934 1.50023274943 1.57814106029 1.58488356298 1.55650695746 1.62807435105 1.69964174463 1.77120913822 2.05672828195 1.89563898458 1.72890634139 1.70037614862 1.7351414913 1.79753503262 1.85992857394 1.92232211526 1.87656163261 1.90517483761 1.94596344796 2.01758452321 2.05189371349 2.08620290378 2.1287888485 2.32710184353 2.30606871127 2.20898238767 2.29186188896 2.63046758349 3.03305740858
-999.999 -999.999 -999.999 -999.999 -999.999 -999.999 -999.999 -999.999 1.09847416089 1.19264661104 1.28681906118 1.33078550378 1.29478629904 1.28731884724 1.27985139544 1.27238394364 1.27597154426 1.35235808516 1.31848165902 1.26571401538 1.29694954547 1.32818507556 1.35942060564 1.39065613573 1.42189166582 1.4531271959 1.54021593419 1.73764504465 1.73693310612 1.75294234052 1.8245097341 1.93497428755 2.00891564565 1.78271029864 1.60743929089 1.60412180861 1.61795143584 1.65726347809 1.71965701941 1.77900796589 1.79699957961 1.84576957826 1.9052711189 1.99556460458 2.06045156651 2.09476075679 2.24168438015 2.39982719359 2.03750427109 2.11938160264 2.20226110393 2.40827455108 3.28908899893
-999.999 -999.999 -999.999 -999.999 -999.999 -999.999 -999.999 -999.999 -999.999 1.04594036699 1.17414535265 1.28013229019 1.27680920097 1.27348611174 1.27016302252 1.26683993329 1.26351684407 1.26028554807 1.30154927381 1.34281299956 1.26881854195 1.28107952203 1.31231505211 1.3435505822 1.37478611229 1.40602164237 1.50229080809 1.81415498046 1.8829432824 1.88898264925 1.94937772358 2.11763078436 1.90173055479 1.67552520777 1.49403784137 1.5078674686 1.52169709584 1.53552672307 1.57938546488 1.62357089022 1.72527903621 1.78636431891 1.86457878983 1.95487227551 2.04516576119 2.1033186098 2.3545799118 2.16872298421 1.94690131632 2.02978081762 2.19576636629 2.6107075701 2.93987723007
-999.999 -999.999 -999.999 -999.999 -999.999 -999.999 -999.999 -999.999 -999.999 -999.999 -999.999 -999.999 1.16945002117 1.30364767815 1.34479233094 1.34146924172 1.33814615249 1.33482306327 1.32377995236 1.24508990421 1.28142665328 1.29471379365 1.26520949858 1.29644502867 1.32768055876 1.35891608884 1.56167121328 1.89066491628 1.95945321822 2.02824152016 2.07424571305 2.02075081094 1.79454546392 1.56834011691 1.39778350136 1.4116131286 1.42544275583 1.43927238307 1.4531020103 1.50209867896 1.65355849281 1.73359297508 1.82388646076 1.91417994644 1.98604694755 2.13652410444 2.30827853651 1.90385723882 1.93739076684 2.10990623149 2.28242169614 2.76365673693 2.68689755622
-999.999 -999.999 -999.999 -999.999 -999.999 -999.999 -999.999 -999.999 -999.999 -999.999 -999.999 -999.999 -999.999 -999.999 1.18356748186 1.29662821798 1.41277546092 1.40945237169 1.40612928247 1.40280619324 1.36418517226 1.2854951241 1.26130403274 1.24933947514 1.28057500523 1.32056317598 1.63377256038 1.9671748521 2.03596315404 2.10475145598 2.12958547485 1.9858234433 1.75781139831 1.52979935332 1.36689735316 1.36256624947 1.37796128959 1.39335632971 1.40875136983 1.4498666213 1.58183794941 1.69290064601 1.75313952367 1.80824957374 1.86335962382 2.0522482635 2.06379492978 1.79131675313 1.87512707574 2.10120813009 2.36907702599 2.53973640577 2.46493235842
-999.999 -999.999 -999.999 -999.999 -999.999 -999.999 -999.999 -999.999 -999.999 -999.999 -999.999 -999.999 -999.999 -999.999 -999.999 -999.999 1.19768494255 1.30707713605 1.42613054347 1.47743550167 1.47411241244 1.47078932322 1.40459039215 1.325900344 1.24721029584 1.32745880935 1.70587390748 2.04368478792 2.11247308985 2.11086674387 2.08671343866 2.01463346915 1.78662142415 1.55860937916 1.43677885799 1.38450726172 1.37313372327 1.38852876339 1.40392380351 1.42433953282 1.55381861562 1.65260723105 1.66584769165 1.68556225001 1.76772577213 1.82456057925 1.81931132306 1.79908924788 1.88289957049 1.99314225823 2.2934348057 2.39180298697 2.33330492684
-999.999 -999.999 -999.999 -999.999 -999.999 -999.999 -999.999 -999.999 -999.999 -999.999 -999.999 -999.999 -999.999 -999.999 -999.999 -999.999 -999.999 -999.999 -999.999 1.32119459674 1.43058679023 1.54541863164 1.54209554242 1.5236856602 1.44499561205 1.36630556389 1.7409631444 2.11630131808 2.09214801288 2.06799470768 2.04384140247 2.01968809727 1.81543145 1.58741940501 1.50666036283 1.45438876656 1.40211717028 1.38370119708 1.39909623719 1.41449127731 1.52829152714 1.74830665848 1.68128574977 1.69452621036 1.70177313332 1.70650563045 1.73053287024 1.86481603593 1.99909920162 2.13338236731 2.2197525148 2.15467085662 2.05283526567
-999.999 -999.999 -999.999 -999.999 -999.999 -999.999 -999.999 -999.999 -999.999 -999.999 -999.999 -999.999 -999.999 -999.999 -999.999 -999.999 -999.999 -999.999 -999.999 -999.999 -999.999 1.33531205743 1.44470425092 1.55409644442 1.61007867239 1.5640908801 1.67339414922 1.94456925117 2.01371335371 2.02512267149 2.00096936628 1.97681606108 1.84424147585 1.62881346393 1.57654186766 1.52427027139 1.47199867512 1.41972707885 1.39426867088 1.409663711 1.51066142418 1.87010024954 1.69672380788 1.70812753926 1.74029746049 1.84020220442 1.79195077193 1.87026079406 2.00454395975 2.13882712543 2.12806993819 2.10848310905 2.08889627991
-999.999 -999.999 -999.999 -999.999 -999.999 -999.999 -999.999 -999.999 -999.999 -999.999 -999.999 -999.999 -999.999 -999.999 -999.999 -999.999 -999.999 -999.999 -999.999 -999.999 -999.999 -999.999 -999.999 1.34942951811 1.45882171161 1.56821390511 1.67806180236 1.75344478753 1.82258889007 1.89173299261 1.95809733009 1.93394402489 1.8730515017 1.69869496876 1.64642337249 1.59415177622 1.54188017995 1.48960858368 1.43733698741 1.40483614468 1.67341315584 1.99189384059 1.80713283024 1.81014196684 1.91004671077 1.95336631329 1.86885729015 1.87570555218 2.00998871787 2.05597419071 2.03638736157 2.01680053244 1.9972137033
-999.999 -999.999 -999.999 -999.999 -999.999 -999.999 -999.999 -999.999 -999.999 -999.999 -999.999 -999.999 -999.999 -999.999 -999.999 -999.999 -999.999 -999.999 -999.999 -999.999 -999.999 -999.999 -999.999 -999.999 -999.999 -999.999 1.4729391723 1.58233136579 1.69172355929 1.7422631811 1.77669194208 1.83889673405 1.8669186835 1.7685764736 1.71630487733 1.66403328105 1.61176168478 1.55949008851 1.50721849224 1.893427181 2.21899967156 2.20879126314 2.15527020535 2.10174914757 2.07979596105 2.03027283151 1.94576380837 1.88115031031 1.98387844323 1.96429161409 1.94470478496 1.92972824946 1.92417859633
-999.999 -999.999 -999.999 -999.999 -999.999 -999.999 -999.999 -999.999 -999.999 -999.999 -999.999 -999.999 -999.999 -999.999 -999.999 -999.999 -999.999 -999.999 -999.999 -999.999 -999.999 -999.999 -999.999 -999.999 -999.999 -999.999 -999.999 -999.999 1.48705663299 1.59644882648 1.70584101998 1.77054705048 1.80497581146 1.83940457244 1.85681976332 2.20170458637 2.27371276147 2.34572093657 2.41772911167 2.48973728677 2.56174546187 2.63375363697 2.70576181207 2.71659003731 2.64032538694 2.56406073658 2.30405966631 2.03832238024 1.90721682574 1.90166717261 1.89611751948 1.89056786634 1.88501821321
-999.999 -999.999 -999.999 -999.999 -999.999 -999.999 -999.999 -999.999 -999.999 -999.999 -999.999 -999.999 -999.999 -999.999 -999.999 -999.999 -999.999 -999.999 -999.999 -999.999 -999.999 -999.999 -999.999 -999.999 -999.999 -999.999 -999.999 -999.999 -999.999 -999.999 1.50117409368 1.61056628717 1.71995848067 1.79883091986 1.83325968084 1.86768844182 1.88776992264 1.83122420282 2.17015476047 2.54908477408 2.90449125218 2.97649942728 3.04850760239 3.12051577749 3.19252395259 3.22744352067 3.1511788703 2.93876868052 2.70339722685 2.52934858217 2.35529993749 2.1812512928 2.00720264812
-999.999 -999.999 -999.999 -999.999 -999.999 -999.999 -999.999 -999.999 -999.999 -999.999 -999.999 -999.999 -999.999 -999.999 -999.999 -999.999 -999.999 -999.999 -999.999 -999.999 -999.999 -999.999 -999.999 -999.999 -999.999 -999.999 -999.999 -999.999 -999.999 -999.999 -999.999 -999.999 -999.999 1.62468374786 1.73407594136 1.82711478925 1.86154355022 1.8959723112 1.93219410595 1.88890300967 1.83235728985 2.10455974402 2.48348975762 2.86241977123 3.24134978484 3.607277918 3.6792860931 3.73829700403 3.57347769473 3.39076447881 3.21671583413 3.04266718944 2.98276461009
-999.999 -999.999 -999.999 -999.999 -999.999 -999.999 -999.999 -999.999 -999.999 -999.999 -999.999 -999.999 -999.999 -999.999 -999.999 -999.999 -999.999 -999.999 -999.999 -999.999 -999.999 -999.999 -999.999 -999.999 -999.999 -999.999 -999.999 -999.999 -999.999 -999.999 -999.999 -999.999 -999.999 -999.999 -999.999 1.63880120855 1.74819340205 1.85539865863 1.88982741961 1.92425618058 1.96032376754 1.94658181652 1.8900360967 1.83349037689 2.03896472756 2.41789474117 2.79682475478 3.17575476839 3.554684782 3.93361479561 3.66749795832 3.40527529926 3.14843549535
-999.999 -999.999 -999.999 -999.999 -999.999 -999.999 -999.999 -999.999 -999.999 -999.999 -999.999 -999.999 -999.999 -999.999 -999.999 -999.999 -999.999 -999.999 -999.999 -999.999 -999.999 -999.999 -999.999 -999.999 -999.999 -999.999 -999.999 -999.999 -999.999 -999.999 -999.999 -999.999 -999.999 -999.999 -999.999 -999.999 -999.999 1.65291866924 1.76231086274 1.87170305623 1.91811128899 1.95254004997 1.98845342912 2.00426062337 1.94771490355 1.89116918373 1.83462346392 1.9733697111 2.35229972471 2.73122973832 3.11015975193 3.48908976554 3.2325534396
-999.999 -999.999 -999.999 -999.999 -999.999 -999.999 -999.999 -999.999 -999.999 -999.999 -999.999 -999.999 -999.999 -999.999 -999.999 -999.999 -999.999 -999.999 -999.999 -999.999 -999.999 -999.999 -999.999 -999.999 -999.999 -999.999 -999.999 -999.999 -999.999 -999.999 -999.999 -999.999 -999.999 -999.999 -999.999 -999.999 -999.999 -999.999 -999.999 -999.999 1.77642832342 1.88582051692 1.94639515837 1.98082391935 2.01658309071 2.05439554263 2.0053937104 1.94884799058 1.89230227077 1.83575655095 1.90777469465 2.28670470826 2.66563472187
-999.999 -999.999 -999.999 -999.999 -999.999 -999.999 -999.999 -999.999 -999.999 -999.999 -999.999 -999.999 -999.999 -999.999 -999.999 -999.999 -999.999 -999.999 -999.999 -999.999 -999.999 -999.999 -999.999 -999.999 -999.999 -999.999 -999.999 -999.999 -999.999 -999.999 -999.999 -999.999 -999.999 -999.999 -999.999 -999.999 -999.999 -999.999 -999.999 -999.999 -999.999 -999.999 1.79054578411 1.89993797761 1.97467902775 2.00910778873 2.0447127523 2.08252520422 2.06307251725 2.00652679743 1.94998107762 1.8934353578 1.83688963798
