Examples/results/velocity/asciifiles/KR2_140513_120000.JPG_interpmap.txt
ncols 222
nrows 349
xllcorner 447130.0
yllcorner 8755260.0
cellsize 10.0
NODATA_value -999.999
[rows 230 to 252 of 349, columns 53 to 105 of 222]
4.51936390703 4.51015738865 4.59968317455 4.73270785416 4.85330585326 5.04497160158 5.51106110438 5.90650551786 5.15343128476 5.10833035498 4.85347118432 4.79815982259 4.67419168308 4.57773961908 4.54871372197 4.50795611215 4.37184425326 4.43546489308 4.45935294539 4.54575941088 4.55788665135 4.58378498789 4.7452151259 4.87486529381 4.54089609137 4.52725076233 4.62086277961 4.71658963371 4.80072871969 4.87453284198 4.94833696427 5.02214108656 5.09594520885 5.23583902606 5.67426068553 6.21325624555 6.23897072793 6.23210272902 6.22523473011 6.64190980548 7.65480315547 8.10301299122 8.63945216779 9.53070399965 9.22073838459 7.15961836271 5.98410330139 6.4203363121 8.57146626963 8.6830489038 8.00936173874 7.37176813093 6.73724458608
5.4858678737 5.26782292985 5.00873220541 4.57775707787 4.69835507698 4.81895307608 5.24953833408 5.637091742 5.36977533482 5.18963332182 4.76961490344 4.86809678747 4.74412864796 4.67660973262 4.62571228333 4.45578576428 4.3100525578 4.72235449013 4.60830296862 4.47269113106 4.44347565462 4.42948169902 4.55457877351 4.86573034627 4.61841541568 4.46785120733 4.59614992875 4.62721116428 4.85249163832 4.97899042068 5.10548920304 5.19422049821 5.2680246205 5.34182874279 5.59007836686 6.16285102314 6.30209320016 6.29522520125 6.28835720234 6.79010060847 7.89738939703 8.76795356092 9.36023160022 9.42396443521 9.10234776876 6.9925432537 6.57095944992 6.6015829862 8.08689874144 8.642880013 8.20054744035 7.67904833713 7.49864346817
5.65549632193 6.85367994025 6.67468283411 5.34021764991 4.54340430069 4.66400229979 4.98801556379 5.36767796615 5.58611938488 5.23879913572 4.67588496592 4.84067168205 4.81406561284 4.74346845451 4.57354193546 4.40361541642 4.24826086234 4.49702110068 4.51990942759 4.38429759003 4.35659356663 4.37853648953 4.61740594259 4.8263911687 4.7502893274 4.40550090429 4.38425397759 4.49558052614 4.78882031985 4.92108328146 5.04758206382 5.17408084618 5.30057962854 5.42707841091 5.57256759608 6.12932208993 6.613786522 6.35834767349 6.35147967458 6.93829141145 8.04558020002 9.15286898859 9.62719048582 9.30557381938 8.98395715293 7.57939940223 7.15781559845 6.78282966029 7.48321466976 8.25764216455 8.65517084738 8.71641688381 8.53601201485
6.02829282149 6.63081653359 6.90855423997 6.45416992022 5.6717030944 4.5090515235 4.72649279349 5.0982641903 5.46365414101 5.11658978213 4.5963390266 4.68658309594 4.80647449558 4.65216163513 4.49784877469 4.34353591424 4.18646916687 4.23617960558 4.28570689454 4.295904049 4.30321110658 4.36772762777 4.60735379081 4.78705199113 4.90885653328 4.5071975768 4.22818110014 4.51182915665 4.81788800531 5.16095734271 5.3650729821 5.56918862148 5.57127104074 5.50705136327 5.73317501181 6.18183675754 6.74328458071 6.69147641308 6.41460214681 7.08648221444 8.15534052324 8.78717005644 9.68265697428 9.24566351314 8.8655665371 8.16625555076 7.85801245932 7.5561869055 7.98564456912 8.31796741798 7.95370994425 8.99943244447 9.57338056152
6.4391480913 6.51245024613 6.1039824144 6.30075999959 5.6906079086 5.08045581762 4.49487172803 5.42410487392 5.27407985095 5.56543628773 5.65796152002 4.36689188203 4.28744422212 4.13736126245 3.983048402 4.3384392355 4.60990848224 4.58881108767 4.43069741894 4.20875717201 4.2360415299 4.38831641292 4.56801461324 4.74771281357 4.92741101389 4.70536036128 4.48796165397 4.79060384174 5.21637539171 5.66138665185 5.57604567817 5.50575480793 5.44153513046 5.48787783161 5.92925656874 6.37612899861 6.8344076174 6.86778306552 6.50032378299 7.12183146738 7.52046535737 7.76832099337 8.05854687151 9.6224373549 7.90587921913 7.9436477003 8.23297058666 8.45884362106 8.36059183882 7.97875086789 7.59690989695 8.29797154134 9.19382259384
6.86844304589 7.18946291842 6.29062873771 5.57714829522 5.53719798797 4.92704589699 4.53823247181 5.52306378149 6.59166879247 6.55802326092 6.60309065863 5.68456090933 4.13744473747 4.05831163518 4.37894520599 4.69957877679 4.98764824493 4.8077983843 4.62794852367 4.44809866304 4.18588466444 4.28955762626 4.47689628158 4.66964643174 4.86239658189 4.9076187323 4.76673633907 5.16988817495 5.61579606943 5.78440905724 5.58553549478 5.38427448693 5.31179922018 5.68308292717 6.12533812567 6.57221055554 6.83753582983 6.72310184182 6.43517979763 7.15828230187 6.74677779433 6.05978677086 6.70305232571 6.60115208976 6.37045658185 6.0289407046 6.53404670086 7.27664824132 8.09434150462 7.71756465133 7.25769334686 7.59651063821 8.06284903705
7.29773800049 7.86647559071 6.96764141 6.0688072293 5.16997304859 4.77363597635 4.58159321559 4.79032380145 5.54036020835 6.83637524268 7.57782575851 7.00222993662 5.25150570616 4.04373419039 4.41404294624 4.84614976593 5.17172135749 5.25791540197 5.07806554134 4.8574731979 4.52956927965 4.25624459527 4.34612408926 4.53146901692 4.67373178269 4.78187490685 5.12679430437 5.57020548701 5.98517129157 5.78629772911 5.58742416664 5.38323387419 5.39818392273 5.86600473571 6.23053996702 6.33296080066 6.43538163431 6.53780246796 6.37003581226 7.19473313636 6.29096638455 5.11380547087 4.54073362902 4.76514694548 4.98956026193 5.31437915695 5.85014135081 7.0678678254 7.66143590792 7.75469253554 6.90630857737 6.93971428153 7.69317229253
7.72703295508 8.40628327273 7.6446540823 6.67261558972 5.65291693965 5.29194086459 5.70302615987 5.94172993499 6.51465316009 7.26468956699 8.0147259739 8.62753917678 6.67089562719 4.89563642436 4.58963480723 4.95263016731 5.27820175887 5.60377335043 5.52818255901 5.20115781311 4.87325389486 4.58567950476 4.56030559647 4.66848505278 4.89619654416 5.22829030914 5.56038407412 5.97529529461 5.97816412933 5.76677748424 5.55539083915 5.34400419406 5.60157215692 6.07046808234 6.05393196421 6.07671411366 6.11750782008 6.15830152649 6.23806910609 7.01231588846 6.18094386646 5.48890479712 4.79686572779 4.80506759796 5.02948091442 5.37184154958 5.77888121623 7.03323165526 7.32513805478 6.25556516373 5.64410636483 6.32921580248 7.51096050349
7.30380774818 7.93412518387 7.77324344281 6.75354479273 5.73384614266 5.82836339341 6.62532174312 7.12036809597 7.48894611182 8.23898251872 9.00990536247 9.83033654398 8.99348324393 7.00226371365 4.67943440283 4.99435787163 5.30928134043 5.62420480923 5.51870173337 5.13786515157 4.75702856977 4.79311071891 4.94501459096 5.18854769715 5.53233141004 5.78448773323 6.0067994764 6.19886092775 5.70940703192 5.72754780411 5.51616115902 5.30477451393 5.80745899928 5.97467202668 5.95813590855 5.94159979042 5.97442389871 6.01521760512 6.49755895132 6.66095052219 6.58286688797 6.09270690785 5.40066783852 4.84498825044 5.0694015669 5.42930394221 6.10807310953 6.71734664076 5.95041935236 5.21754985904 5.16718691087 5.84003275925 6.42765335872
6.57183344103 7.01739623846 6.92068133034 6.82396642222 5.81477534566 6.36478592223 7.16174427194 7.95870262165 8.53771003206 9.21602124605 10.0364524276 10.8568836091 11.3506468414 9.35942731108 9.64137392725 4.88514696038 5.20007042918 5.14995793243 5.01796476253 4.70500975858 4.57828092238 4.63609269277 4.77472983113 5.06999858579 5.41378229868 5.75756601157 6.09936370339 6.08796860292 5.52235810227 5.32922737998 5.38841992345 5.3509907111 5.89541208915 5.87887597102 5.86233985289 5.84580373476 5.83133997734 5.89679618276 6.11497714352 6.12462204965 6.13426695577 6.06668968288 5.79285247421 5.31243087991 5.11421146207 5.70360035739 5.92255866105 6.06877920677 5.84634838774 5.47226570992 5.19932345792 5.36475866896 5.95791333441
5.83985913387 6.10066729306 6.00395238494 5.90723747682 6.00837162502 6.78052858982 7.55876925838 8.33700992693 9.11525059549 10.2500874337 11.0669101578 11.8837328818 12.7038618556 12.9772317457 13.5781933944 4.77593604913 4.73100513051 4.59901196061 4.46701879072 4.38566618496 4.44347795534 4.50128972573 4.60766576153 4.95144947443 5.29304889586 5.63381968349 5.97459047112 5.97783263146 5.41196335972 4.9872390755 5.08209985664 5.1899573758 5.82050771763 6.22945399943 6.16375323359 6.09805246775 6.01889136046 5.65899676221 5.57864867098 5.5882935771 5.59793848323 5.60758338936 5.55051247778 5.27667526912 5.14110955569 5.34028442927 5.53600451168 5.7317245941 5.79940379914 5.81893925779 5.65103305241 5.36404163906 5.57831232211
5.10788482671 5.18393834766 5.23092948429 5.38985707322 5.99887630127 6.67042214361 7.44866281216 8.22690348072 8.2930463021 11.3101057484 12.1269284724 12.9437511964 13.4533620519 11.9680210349 10.9256142903 4.7166643682 4.408212135 4.30119859491 4.19523164428 4.28650565296 4.34923359968 4.39338591242 4.52399334409 4.82750487596 5.16827566359 5.50904645123 5.84981723886 5.86769665999 5.30182738826 4.91121411202 4.89843747151 5.01432544678 5.50996458235 5.81248347334 6.81856241065 6.52480242957 5.91717434064 5.5394497918 5.42701890925 5.3200690731 5.23970796658 5.15934686007 5.08089982294 5.03433527269 5.1524873204 5.37575688916 5.56475544697 5.74382472517 5.64548218663 5.66501764529 5.77988915973 5.72808871156 5.56871338386
4.64084238101 4.70534249556 4.86427008448 5.33728828248 5.98938097752 6.64147367256 7.33855636595 6.03720220571 8.46292925924 11.7288794258 13.186946787 14.003769511 11.3095899893 10.1042014243 4.40435944595 4.40512795361 6.57433126997 4.87382987713 4.08738946755 4.17866347623 4.2699374849 4.31598200247 4.60208673095 4.72833751409 5.04350243133 5.38427321896 5.7250440066 5.75756068853 5.26756731153 4.89508692777 4.71477508638 4.83869351777 5.20583353019 5.43418916771 5.81056615845 6.42308540975 5.81545732081 5.41990282139 5.30747193884 5.19504105629 5.08261017374 4.98481623718 4.90445513067 4.89278539133 5.13662398883 5.37522064128 5.5785171773 5.56791254884 5.49156057413 5.55920831514 5.74704613216 5.81972352868 5.76529846166
4.47131156268 4.33868309574 4.67570026369 5.32779295873 5.89666299216 6.28938266722 6.36048815456 5.19017818371 8.63281221639 11.8987623829 14.2469651016 14.0669664805 9.16581792665 8.24038181379 4.22746117179 4.22822967945 7.15446459499 7.12845931403 4.42298364166 4.02749209058 4.16209530817 4.23857809252 4.60655230872 5.17008823651 4.93268168409 4.98896546243 5.60027077433 5.64742471707 5.25144012728 4.87895974353 4.53111270125 4.66306158875 4.90170247803 5.13762957195 5.55334461276 6.44456442753 5.71374030099 5.30035585098 5.18792496843 5.07549408588 4.96306320333 4.85063232078 4.73820143823 4.85246472084 5.06356974431 5.26921295364 5.47485616298 5.3920003725 5.33852747054 5.50252273573 5.63575967189 5.62229168137 5.56786661435
4.34778670194 4.2699277108 4.29593027031 4.37212471454 4.6640079625 5.05672763755 4.45760501038 4.4088374744 6.85658259148 11.4995531757 15.3069834163 11.9231944178 7.02204586401 4.04979438998 4.05056289763 4.05133140529 6.48975301409 9.25416062366 6.44007378119 3.9459521087 3.92001682537 4.11762145792 4.61101788648 5.30583220795 5.37443240651 5.13702585409 4.89961930168 5.58907431587 5.21075274246 4.8331717069 4.45559067135 4.43515850998 4.66822879913 5.0635552341 5.45853844041 5.87425348122 5.66516304587 5.18080888058 5.06837799802 4.97321118573 5.1383135611 5.06949968388 4.73839713294 4.75895471522 4.85612435991 4.9532940046 5.05046364929 5.14763329398 5.24778336325 5.37628789659 5.50396929 5.42485983406 5.37043476704
4.46035775329 4.38249876215 4.39050661392 4.46670105815 4.54289550238 4.61908994661 4.31107995733 4.41024130089 4.82485446106 8.52298699926 8.33814264957 6.64018445 4.87827380137 3.87289611582 3.87366462347 3.87443313113 5.28278359248 5.40358034045 5.52437708841 5.64307707826 3.7951465022 4.05132283614 4.68480366249 5.31828448884 5.81618312892 5.61610801404 5.36677539374 4.96651827208 5.07705444459 4.68039871558 4.33442017592 4.21840318582 4.83768647591 5.21087607101 5.58289064807 5.93354917929 6.10917631933 5.52553565684 5.69063803221 5.65749288155 5.32639033062 4.99528777968 4.6657960689 4.76296571359 4.86013535828 4.95730500298 5.06607122119 5.19094672204 5.26715493591 5.27350311865 5.30614131345 5.22742798675 5.19136294174
4.57292880464 4.4950698135 4.48508295754 4.56127740177 4.63747184599 4.63237719925 4.24154059521 4.42474970904 4.83659332892 5.04374017933 4.73160563764 4.41947109594 4.10733655424 3.96200326264 5.55607246952 5.39655064173 5.36373879175 5.36654855648 4.95029835402 4.336691735 4.04167881177 3.91636297515 4.58108065134 5.24579832753 5.8925422861 5.99439166693 5.64163444705 5.28887722717 4.93612000729 4.73258762117 4.68919041553 4.40979049163 4.98618233087 5.35819690792 5.69618596692 5.87181310696 6.04744024701 6.21976903983 5.9143835283 5.58328097736 5.25217842642 4.92107587548 4.66980706728 4.76697671197 4.86604286941 4.99091837026 5.09157396719 5.12073346375 5.13652124286 5.11692273199 5.10102696204 5.13323735103 5.18229119778
4.62157079162 4.60764086485 4.57965930115 4.65585374538 4.73204818961 4.53836676762 4.17200123309 4.44448312743 4.70598143047 4.72854364191 4.93982937092 4.62769482923 4.32192836458 4.18998827058 4.05804817657 5.6886685908 5.87584591056 5.26223929154 4.64863267252 4.0350260535 4.06600876899 4.2573653172 4.3950439943 5.05976167049 5.65880083741 5.75223937005 5.47585816674 5.12310094686 4.77087668621 4.73657630685 4.93010648805 4.93371581131 5.13350316778 5.45882275455 5.63444989459 5.8558852785 6.08270872172 6.05221566393 5.86237766865 5.5217526068 5.18112754495 4.84686397129 4.67381806565 4.77551972694 4.8046792235 4.83383872005 4.86299821661 4.89215771316 4.90468741943 4.8911305156 4.97339108563 5.01509674871 5.46530835975
4.66852184419 4.7202119162 4.67423564477 4.75043008899 4.71839278666 4.44435633598 4.10246187097 4.44434787237 4.46691008381 4.48947229525 4.52700465769 4.83591856251 4.54991337252 4.41797327851 4.25040885117 4.07495752847 5.57418022906 4.96057361004 4.34696699102 3.81464975905 4.08086770372 4.28169527442 4.42238561413 4.87372501344 5.4071326074 5.42751607879 5.31008188643 4.95732466655 4.60820783298 4.64432538693 4.83785556813 5.03138574933 5.23975876341 5.46658220663 5.69340564986 5.92022909308 6.06325512496 5.88466228803 5.7060694511 5.37814584288 4.9988782754 4.68971530244 4.59726397809 4.59248587306 4.60386916388 4.6152524547 4.63442246602 4.66358196258 4.68023138282 4.72051954114 4.84265854165 4.92053978261 5.3454310909
4.71547289677 4.78756981561 4.76881198838 4.84500643261 4.62438235502 4.35034590435 4.07210634433 4.2052765257 4.22783873714 4.25040094858 4.27296316002 4.68770122904 4.77789838045 4.61068424269 4.43523291998 4.25978159728 4.08433027457 4.65890792854 4.04765858719 3.70920186604 4.09110040706 4.30602523163 4.49738177985 4.6876883564 5.08240931615 5.10279278753 5.07666501831 4.79351008728 4.59001646373 4.60318530505 4.81478333706 4.920113199 5.05365377794 5.51908116321 5.75774946444 5.98457290766 5.89570174906 5.65638947615 5.35712413679 4.98133330387 4.79536517586 4.65154542986 4.56268562155 4.52635550532 4.50344734455 4.51483063537 4.52621392618 4.537597217 4.89608467515 4.54990856667 4.71192599767 4.85761648763 5.17105910256
4.76242394935 4.83452086819 4.86749502776 4.80440837406 4.53037192339 4.26296803262 4.09624620532 4.10607626251 4.11236409095 4.1186519194 4.12493974784 4.14955752882 4.82656378188 4.7019038085 4.56245945159 4.42301509467 4.26915434338 4.09370302067 3.8303012853 3.71943456938 4.10133311039 4.33035518885 4.52039418953 4.66148953501 4.74038151359 4.76294895056 4.82325277912 4.76864916062 4.71404554211 4.65944192361 4.67443082313 4.74337057301 4.82904615746 5.28273005103 5.7481574363 5.88848092995 5.58921559059 5.28995025123 5.04483479528 4.90101504928 4.75719530328 4.61337555728 4.51776238448 4.5011055799 4.45544703256 4.41440881603 4.42579210685 4.45980367065 4.48842758979 4.41356658446 4.58119345369 4.75127561646 4.99668711422
4.77779738278 4.86175157174 4.95775430187 4.73325162201 4.47889570878 4.22453979556 4.20007054669 4.22275613961 4.22904396806 4.24006487108 4.26096099957 4.28185712806 4.67808995069 4.56803834573 4.45019086852 4.32447586472 4.18503150781 4.0455871509 3.68749268254 3.98687945661 4.22320365627 4.19189006373 4.22459856042 4.25730705711 4.2900155538 4.68918158748 4.90465761718 4.87639035907 4.82178674057 4.72170537976 4.64387355199 4.71281330188 4.66375865241 4.89823840353 5.35114055131 5.25461307744 5.17604057001 4.87359379938 4.99753263456 4.86284517669 4.71902543069 4.57520568469 4.47283914742 4.47449255467 4.43019710714 4.3845385598 4.33888001245 4.33381294891 4.37642954957 4.39954748242 4.42208228205 4.60550046332 5.0449662877
4.86057891345 4.98777108425 4.94494035374 4.69456451689 4.44046747172 4.27267208975 4.30389488806 4.34891276282 4.36373009421 4.3846262227 4.40552235119 4.42641847968 4.52961611951 4.4225155057 4.30915026459 4.19130278739 4.07345531018 4.02397151312 4.05263984897 4.29461336837 4.26327526894 4.23193716951 4.20491252379 4.23762102048 4.27032951717 4.89226679605 5.08654118416 4.96012688453 4.92952793902 4.77313786713 4.61331628086 4.5539429715 4.4924397396 4.48900846797 4.26637167793 4.34000273685 4.43312432169 4.45547964406 4.70644431903 5.11794099923 4.70256830522 4.53703581211 4.42791591035 4.4295693176 4.40494718171 4.36306981086 4.37294732437 4.36205223928 4.35299480634 4.37480807034 4.39662133434 4.60096600492 5.16902271035
