Examples/results/velocity/asciifiles/KR2_140513_120000.JPG_interpmap.txt
ncols 297
nrows 493
xllcorner 446910.0
yllcorner 8753800.0
cellsize 10.0
NODATA_value -999.999
[rows 408 to 431 of 493, columns 159 to 211 of 297]
4.59499449812 5.14542016923 5.50567023727 5.51086966282 5.51606908837 5.52126851393 5.43300940953 5.16666159246 5.04801240693 4.96300907243 5.03803881209 5.03152901048 4.90314204429 4.77475507811 4.64636811192 5.06394559846 5.21179504621 5.07918237125 5.07449220773 5.0698020442 5.06511188067 5.02743690669 4.72029862072 4.6683431913 4.88484947141 5.03336929402 5.1614480632 5.28952683238 5.41760560156 5.50321753389 5.29586397013 5.10046487356 5.08015488125 5.24133952346 5.09492726291 5.21877992863 5.34263259434 5.46648526006 5.59033792578 5.85566244326 6.21314800972 6.43907639488 6.51963412084 6.59756950078 6.67550488073 6.75344026068 6.77562346617 6.34829324184 5.73965251703 5.30472772839 4.96851770681 4.92480549011 5.44613035976
4.74831987846 4.98573898291 5.39832318723 5.40352261278 5.40872203834 5.41392146389 5.45802276495 5.45089902784 5.37971208425 5.26106289872 5.27395382841 5.25717302552 5.24039222263 5.06673214706 4.85249087075 4.6573724931 4.68667601135 4.79501306575 4.90808576605 5.02115846635 5.13423116665 5.12172827322 4.46965787841 4.59172974609 4.71930551036 4.84738427954 4.97546304872 5.1035418179 5.23162058708 5.35969935626 5.46377958094 5.76256865246 6.06135772399 5.90119265091 5.37586449383 5.21393089485 5.20549844244 5.27790828811 5.40176095383 5.65047097719 5.98086221063 5.94321276422 5.96386408657 6.04188801209 6.16400500338 6.34701531587 6.59643255517 6.65481553949 5.94106110198 5.30905929994 5.07440480762 5.13443492861 5.38242264755
4.9016452588 5.02716247644 5.29097613719 5.29617556274 5.37267684244 5.46799225248 5.5342736134 5.5489135896 5.48301350861 5.42301512829 5.40442088666 5.41134183354 5.41826278041 5.40597903804 5.33534546381 5.10199687158 4.86916310005 4.93837871964 5.00759433924 5.11640172561 5.22947442591 5.22389864734 4.55857948338 4.68065135106 4.80272321874 4.92479508642 5.04686695411 5.16893882179 5.29360222249 5.36092296968 5.35691461068 5.63032442726 5.90373424385 6.11051508521 5.78138659921 5.34214825308 5.33371580067 5.32528334826 5.31685089584 5.25534770786 5.26751406688 5.33946531306 5.46158230435 5.58369929565 5.8221723163 6.07158955559 6.32100679489 6.55177566507 6.47772316147 5.47340046878 5.24294126558 5.57682499664 5.82172943623
5.00003814717 5.05877544519 5.19939477821 5.38813497839 5.47796174 5.54424310093 5.61052446185 5.64692815135 5.58102807037 5.53450453224 5.50441466471 5.49327676981 5.50019771668 5.50711866356 5.51403961043 5.46082804445 5.1045636329 5.17377925249 5.24299487208 5.31221049167 5.38142611126 5.31788919626 4.64750108835 4.76957295603 4.89164482371 5.01371669139 5.13578855908 5.30803646728 5.47417539154 5.31777496613 5.16137454072 5.37763906035 5.65104887693 5.87557729533 6.01155408207 5.66158054752 5.4619331589 5.45350070649 5.44455689445 5.3876338696 4.80513720586 4.88127659662 5.04791207743 5.29732931673 5.54674655602 5.79616379531 6.04558103461 6.2949982739 6.37468328705 5.67278461314 5.76328867669 6.18975296934 6.27903107425
4.68310296889 4.74184026691 4.97793626325 5.32542519565 5.54192883449 5.62049394938 5.6867753103 5.7449427131 5.67904263212 5.6459939362 5.61590406866 5.58581420113 5.58213265295 5.58905359982 5.52768402749 5.56371480352 5.38814164872 5.40917978533 5.47839540492 5.54761102451 5.47216848651 5.2843366026 4.73642269332 4.858494561 4.98056642868 5.10263829636 5.32247071207 5.55254415024 5.43102738799 5.27462696258 5.11822653717 5.12495369343 5.39836351002 5.64063950546 5.77661629219 5.91259307893 5.59015051713 5.58171806472 5.54911881788 5.49219579303 4.93816645869 4.53541933696 4.77248631715 5.02190355645 5.27132079574 5.52073803503 5.77015527433 6.01957251362 6.26898975291 5.93868199144 6.25371373192 6.22296977349 6.35305745483
4.36616779061 4.48113156653 4.81401266555 5.30177129262 5.31985765207 5.62042764715 5.76302615876 5.82930751968 5.78757320769 5.75748334015 5.72739347262 5.69730360509 5.66721373755 5.67098853609 5.22609655793 5.55746753117 5.74697282159 5.64458031818 5.71379593777 5.57439402629 5.38656214238 5.19873025847 4.82534429829 4.94741616597 5.10683151868 5.33690495685 5.56697839503 5.54427980984 5.38787938443 5.23147895902 5.07507853361 4.9186781082 5.14567814311 5.40570171558 5.54167850231 5.67765528905 5.81363207578 5.70993542295 5.6536807413 5.65251926434 5.21691366271 5.11014378896 5.0033739152 4.95149667559 5.17328410421 5.39507153282 5.61685896144 5.83864639006 6.06043381868 6.10184752451 6.07110356608 6.10877494483 6.24544376691
4.04923261233 4.30260013546 4.79035876253 5.27811738959 5.23739541972 5.39494487401 5.69551486909 5.89642117627 5.89906261164 5.86897274411 5.83888287658 5.80879300904 5.77870314151 5.73543431281 5.08110743692 5.38812811843 5.76204996925 5.86445144997 5.67661956606 5.48878768215 5.30095579824 5.11312391433 4.91426590326 5.12126576346 5.35133920164 5.58141263982 5.6575322317 5.50113180629 5.34473138088 5.18833095547 5.03193053006 4.87553010465 4.89299277619 5.16640259278 5.30674071244 5.44271749917 5.57869428591 5.7324794816 5.83138918629 5.93029889097 5.90867850913 5.80190863538 5.69513876162 5.58836888786 5.48159901411 5.37482914035 5.58936144283 5.81114887145 6.03293630007 5.91923735867 5.88849340024 6.0011612569 6.13783007898
3.79118760537 4.27894623243 4.7667048595 5.25446348656 5.41246709238 5.53942629585 5.55489372323 5.63255524729 5.36433342268 5.31825038709 5.37206390051 5.44676811947 5.52147233843 5.59617655739 5.08751695924 4.9304731038 5.31287732318 5.96382322774 5.7774244827 5.59102573767 5.40462699264 5.27829272289 5.27028074069 5.36577344643 5.59584688461 5.77078465356 5.61438422815 5.45798380274 5.30158337733 5.14518295192 4.98878252651 4.8323821011 4.67598167569 4.91371722586 5.07180292256 5.20777970929 5.31055340041 5.5131478215 5.65829479121 5.75720449589 5.87656703661 6.01804696559 6.0257004448 6.033353924 6.04100740321 6.04866088241 5.95982411302 5.85305423926 6.00543878146 5.88100873443 5.7568787469 5.89354756898 6.03021639106
4.11816021101 4.25837739035 4.47011899538 4.98728053357 4.992254713 5.10365158824 5.21504846348 5.32644533873 5.07218845435 5.10185936913 5.19041930457 5.26652116514 5.34122538411 5.41592960307 5.16236895136 4.47281808917 5.04864588185 5.78728735315 5.93274154073 5.7463427957 5.7329451044 5.78379968869 5.71331407426 5.64282845983 5.84035456757 5.72763665001 5.5712362246 5.41483579919 5.25843537378 5.10203494837 4.94563452296 4.78923409754 4.63283367213 4.66103185895 4.83686513268 4.97165763957 4.99433674065 5.2727248032 5.48520039614 5.58411010082 5.70986697638 5.8551441606 6.05452025235 6.06217373155 6.06982721076 6.07748068996 6.08513416917 6.09278764837 6.10044112757 5.90000381842 5.54311285022 5.66961558441 5.92260270314
4.50979620776 4.66163512898 4.8134740502 4.79307016727 4.65240945325 4.76380632849 4.87520320374 4.98660007898 4.80121742275 4.8897773582 4.97833729364 5.06689722908 5.15545716453 5.23568264874 5.25781123099 4.64529367571 5.13656255684 5.61416663144 6.13288422246 6.1875974859 6.24231074934 6.22683302227 6.15634740783 6.0858617934 5.86054981965 5.69366518826 5.52808822104 5.37168779563 5.21528737022 5.05888694481 4.9024865194 4.74608609399 4.58968566858 4.43328524317 4.6019273428 4.65544097981 4.73620576171 5.0323017849 5.31210600107 5.4126222679 5.54316691616 5.67371156441 5.93816118629 6.0909935391 6.0986470183 6.10630049751 6.11395397671 6.12035028963 6.06081968972 5.95197954396 5.59622811414 5.28209843375 5.32858905184
4.87996089673 5.12154640564 5.27338532686 5.18107400913 4.73638260703 4.55693735615 4.53535794399 4.64675481923 4.58913541182 4.67769534726 4.76625528271 4.85481521815 4.9433751536 5.03193508904 5.13655643301 5.51583002257 5.76259046695 6.00935091132 6.40034822522 6.69696313084 6.74035197027 6.66986635584 6.42996610548 6.07004745864 5.84911802512 5.71806459265 5.57336683202 5.40516075242 5.23695467282 5.06874859323 4.90054251363 4.73233643403 4.56413035444 4.39592427484 4.31654521897 4.33922432005 4.49578274341 4.7918787666 5.08797478978 5.24592220767 5.37646685593 5.50701150418 5.63755615243 6.02117821199 6.12746682585 6.13512030506 6.13927816752 6.07974756761 6.02021696771 5.9606863678 5.64934337806 5.33521369767 5.02108401728
5.06457859872 5.33108014031 5.5975816819 5.52431463972 5.12438644889 4.67969504679 4.56901399256 4.35172171399 4.37705340089 4.47242454508 4.5816153395 4.69080613392 4.79999692835 4.90918772277 5.3431248567 5.51723532418 5.95790902765 6.39858273113 6.83925643461 7.186529819 7.10488363911 6.74496499228 6.38504634544 6.08141693072 5.85624962053 5.70663279812 5.57557936564 5.44452593317 5.28486239618 5.11665631658 4.94845023698 4.78024415739 4.61203807779 4.44383199819 4.26028119275 4.07070101728 4.2575995858 4.55723401594 4.85686844608 5.08288200587 5.2097667957 5.34031144395 5.47085609221 5.60140074046 6.10419523769 6.15820604541 6.09867544551 6.0391448456 5.97961424569 5.92008364578 5.70245864199 5.38832896159 5.0741992812
5.24919630071 5.37265502223 5.41833737735 5.43500885427 5.19875999868 4.90122521503 4.63076078377 4.61115671722 4.44798237462 4.35424662926 4.46343742368 4.5726282181 4.68181901253 5.28624122309 5.38472313576 5.50187504069 5.94254874417 6.38322244765 6.82389615113 7.04611095389 7.05996387907 6.70004523224 6.34012658541 6.09538156549 5.8702142553 5.69520100358 5.56414757111 5.43309413864 5.30204070616 5.16456403994 4.99635796034 4.82815188074 4.65994580114 4.49173972155 4.30243409887 4.1717094356 4.12839659252 4.42803102267 4.76122949755 5.20415959489 5.18462345047 5.28399260795 5.38336176543 5.48273092292 5.81269649972 5.92454816965 5.76648330704 5.69336240021 5.62024149337 5.54712058653 5.42574138925 5.13479959479 4.84385780034
5.0109339073 5.0753330731 5.20351972271 5.21820351347 5.05741688761 4.64413340567 4.67620841276 4.62748354993 4.94857436204 4.68037190546 4.43079372267 4.45445030228 5.08444559067 5.53500719434 5.42632141483 5.48651475721 5.92718846069 6.36786216417 6.55035980498 6.59452270519 7.01504411904 6.6551254722 6.33451351045 6.10934620026 5.88417889008 5.68376920905 5.55271577658 5.4216623441 5.29060891163 5.15955547916 5.02850204668 4.8760596041 4.7078535245 4.53416718046 4.39157138137 4.29452809726 4.19748481316 4.2988280294 4.73604330616 5.1789734035 5.62190350084 5.28636489506 5.38573405255 5.48510321003 5.88463111832 5.68050454565 5.47637797298 5.27225140031 5.11198703341 5.03886612658 4.96574521974 4.71613443603 4.42519264157
4.77948268028 4.79960017415 4.81989145137 4.92586998778 4.71508232386 4.67237281884 4.72165604175 4.54990826147 4.97286004509 5.288271829 5.02006937241 4.88302080891 5.41018285208 5.78377316558 5.46791969389 5.47115447373 5.91182817721 6.08234561481 6.09386560285 6.14293445649 6.970124359 6.61020571217 6.34847814522 6.12331083504 5.89814352485 5.67297621466 5.54128398204 5.41023054957 5.2791771171 5.14812368462 5.01707025215 4.88601681968 4.7549633872 4.61143332713 4.49993653475 4.36103166861 4.22212680246 4.21619031934 4.71085711477 5.15378721211 5.59671730945 5.77491911459 5.38810633966 5.48747549714 5.64058749433 5.43646092165 5.23233434898 5.02820777631 4.82408120364 4.61995463097 4.45749075978 4.29746927726 4.07066941733
4.67136240464 4.65446459743 4.63756679022 4.6262899592 4.65819868054 4.72406990498 4.73604793069 4.54411759683 4.84802982774 5.26388505377 5.62796929595 5.58575500624 5.81824820342 6.02276223906 5.50951797295 5.45579419025 5.61433142465 5.59320850052 5.64227735415 5.69134620779 6.5966401831 6.58761009018 6.36244277999 6.13727546981 5.91210815962 5.68694084943 5.52985218751 5.39879875504 5.26774532256 5.13669189009 5.00563845762 4.85805082218 4.69431736285 4.54675206707 4.40784720093 4.29152722897 4.28980932546 4.28809142195 4.55110460417 5.06850833177 5.57153111806 6.01446121539 5.91953418031 5.48984778425 5.39654387033 5.19241729766 4.99312064884 4.80055197804 4.60798330724 4.41541463643 4.22284596563 4.22469108116 3.86260564445
4.73032908598 4.71343127877 4.69653347156 4.67963566435 4.71513434231 4.77576699113 4.73025726606 4.53832693219 4.6127358509 5.18303384521 5.55491006245 5.72738518135 5.74182235378 5.7453332321 5.49861782114 5.14631723449 5.09255139818 5.14162025182 5.19068910546 5.2397579591 6.13302690618 6.60763010861 6.37640741477 6.15124010458 5.92607279439 5.7009054842 5.51842039298 5.3873669605 5.25518765003 5.0914541907 4.92772073137 4.76398727204 4.60025381271 4.45466273325 4.3651462351 4.36342833159 4.36171042808 4.35999252456 4.38401355683 4.90141728443 5.41882101202 5.93622473962 6.43220512134 5.97664057391 5.36322675051 5.08368764172 4.89111897092 4.69855030011 4.50598162931 4.31341295851 4.18960292461 4.64223595879 4.28015052209
4.79080973925 4.77239796011 4.7555001529 4.75576406603 4.79268887776 4.8296136895 4.72446660142 4.53253626756 4.37744187405 5.06857610555 5.39085046984 5.40755551705 5.43353865472 5.56615098732 5.56056505307 5.24782152338 5.13425400074 5.17957650341 5.25605969546 5.33254288751 5.92972282584 6.98556409618 6.77822823564 6.46721646537 6.1562046951 5.84519292483 5.50422038758 5.32230459232 5.16077113848 4.99739064056 4.83365718123 4.6699237219 4.50619026257 4.43876524123 4.43704733771 4.4353294342 4.43361153069 4.43189362718 4.43017572367 4.73432623708 5.25172996468 5.76913369228 6.07841640385 5.99941698343 5.78194646193 5.16853263853 4.78911729299 4.59654862219 4.40397995139 4.21141128058 4.57685290899 5.05978083643 4.40822555455
4.87020071087 4.83136464145 4.81446683424 4.83331860148 4.87024341321 4.83517338705 4.7312834112 4.53408345904 4.33688350688 4.94630766665 5.36373716531 5.49634949791 5.62896183051 5.76157416311 5.70990528107 5.43722324064 5.45404047477 5.4708577089 5.50339848848 5.70414841941 6.32961131302 6.95507420662 7.23903786187 6.69833768853 6.1576375152 5.61693734187 5.51962561176 5.57646858578 5.06432780933 4.86653260452 4.70499915068 4.54346569683 4.39442168278 4.39281419675 4.457832635 4.50723053682 4.5055126333 4.50379472979 4.50207682628 4.56723518974 5.08463891734 5.46460758174 5.38560816132 5.3066087409 5.22760932048 5.14860990006 4.97383852655 4.49454694426 4.30197827346 4.40392143365 4.96410289338 5.15474076022 3.87805773604
4.97798554355 4.90569095914 4.8739483252 4.86974035214 4.82875259009 4.7806046529 4.69509976472 4.54986949372 4.35266954156 4.97382515549 5.35593437334 5.69177267371 5.82438500631 5.95699733891 5.85924550908 5.75700971467 5.7738269488 5.79064418293 5.78882148891 5.77936377177 6.23646162575 6.69355947974 6.88993398544 6.39709049105 5.85639031772 5.42961622716 5.48479678587 5.5520073368 5.60678611078 5.14456174404 4.62443523108 4.41076061672 4.29571273959 4.24033909014 4.30535752839 4.37037596664 4.43539440489 4.50041284314 4.56543128139 4.57226002538 4.85079875962 4.7717993392 4.69279991878 4.61380049836 4.53480107794 4.45580165752 4.3768022371 4.29780281668 4.2298100173 4.23838638896 4.24696276062 3.89661214085 3.31964794932
5.3101184739 5.13305144939 4.94241499023 4.82617848214 4.78134403109 4.72175381628 4.63624892809 4.55074403991 4.40588924971 4.91904087302 5.30115009087 5.68325930872 5.99288225911 6.1524205147 6.05997895457 6.0767961887 6.03439209918 5.83734777819 5.6403034572 5.65959597298 5.82182435386 6.26023666874 6.50077398679 6.06038492818 5.55514312023 5.35110810096 5.44996795999 5.52754608782 5.5823248618 5.63710363579 5.22479567875 4.61320658247 4.19700379641 4.11554698332 4.15288242179 4.21790086004 4.28291929829 4.34793773654 4.41295617479 4.47280125574 4.65285189065 4.61190219086 4.57095249106 4.53000279127 4.48905309147 4.44810339168 4.40715369188 4.36620399209 4.26831023676 4.13636523818 4.12421918848 3.50493924059 3.05207630451
5.37458800253 5.20333836069 5.03918307366 4.86685738668 4.76608109912 4.67541277358 4.58474444803 4.49407612249 4.48214737269 4.86425659054 5.24636580839 5.62847502624 5.83798195901 6.25064672641 6.27996270946 6.08291838847 5.88587406747 5.68882974648 5.54631248151 5.56136306416 5.72359144505 5.88581982593 6.11161398814 5.67356155677 5.39884076287 5.31627927507 5.4151391341 5.50308483884 5.55786361282 5.63753214312 5.72522496095 4.90421313152 4.09343796845 4.01683804013 4.00040731518 4.06542575343 4.13044419168 4.19488277659 4.24776927068 4.30065576476 4.62397776486 4.7335972681 4.69264756831 4.65169786851 4.61074816872 4.56979846892 4.52884876913 4.48789906933 4.3382992525 4.18217570968 4.0353869729 3.82035354804 3.73154949202
5.23398559091 5.25275920641 5.08860391938 4.92119840655 4.67030315254 4.57138729939 4.47247144623 4.38519562706 4.47108497355 4.80979485152 5.1913076024 5.57347389434 5.95564018627 5.71465187714 5.91954555494 5.93440035676 5.73735603577 5.54031171477 5.45928737687 5.46313015534 5.62535853623 5.78758691711 5.61374338513 5.27599500449 5.2404545593 5.33166967831 5.48543034568 5.55753473653 5.86803219236 6.17852964818 6.05601222439 5.21211614076 4.3844445175 3.91202817527 3.84793220857 3.91295064682 3.96985079154 4.02273728562 4.0756237797 4.12851027379 4.51486170901 4.86003476875 4.81434264555 4.77339294576 4.73244324596 4.69149354617 4.65054384637 4.56441181105 4.40828826823 4.25216472542 4.20041606997 4.34215284039 4.41102267953
5.0776605324 5.30218005214 5.13102433399 4.90459909738 4.53673026617 4.43781441301 4.3415726112 4.42746195769 4.51335130418 4.75617129683 5.13761297733 5.51905465784 5.76172678423 5.64209810637 5.5225711084 5.43962830158 5.51313351138 5.41907435839 5.37226227224 5.36489724653 5.52712562741 5.26812295948 5.12239558892 5.19671369261 5.27103179631 5.34534990001 5.48088299145 5.6391991505 5.94969660632 5.97639058706 5.82297476111 5.29767614896 4.69900732057 3.86467590348 3.76131763967 3.74481880648 3.79770530056 3.85059179465 3.90347828873 3.99576025662 4.40574565316 4.8157310497 4.93745032168 4.895088023 4.85413832321 4.81318862341 4.77223892362 4.63440082678 4.47827728397 4.30535425507 4.37126918152 4.51300595194 4.65474272237
