Examples/results/velocity/asciifiles/KR2_140513_120000.JPG_interpmap.txt
ncols 297
nrows 493
xllcorner 446910.0
yllcorner 8753800.0
cellsize 10.0
NODATA_value -999.999
[rows 264 to 287 of 493, columns 106 to 158 of 297]
7.38754733478 7.61210929295 7.87312119609 8.03950172574 7.47042185587 7.07564106235 6.99657354093 7.10572387496 7.10759127465 7.10945867433 6.63181186437 6.55326876807 6.97205126282 7.04415453279 6.85317160229 6.66218867179 6.57734539118 6.93713591855 6.87103154202 6.8049271655 6.73882278897 6.55053657969 6.73040456142 6.73253902832 6.73467349523 6.49584364092 5.95360229904 5.45849324283 5.6116607352 6.02857377377 6.44548681233 6.7885763511 6.33724736039 5.88591836968 5.44273676414 5.23281131698 5.26195166392 5.29109201086 5.37286525895 5.12539151155 4.77543058906 4.81688602354 5.01776100781 5.03142782234 5.59817605789 4.73326342472 4.54922584165 4.63141965885 4.91830128573 5.40461007904 5.68298779963 5.87988988259 6.0889061232
7.44335174567 7.69606549108 7.95707739422 7.51906641319 6.94998654333 6.41640857821 6.33734105678 6.98351938344 7.04552812347 6.94639362844 6.30554857517 6.23317589679 6.62701623271 6.70695371102 6.74273731853 6.77852092605 6.84867144738 6.81804109875 6.7528812394 6.68772138005 6.6225615207 6.36475405583 6.60371227993 6.60497127859 6.62776812533 6.3207496023 5.82312578875 5.32550197521 5.18755433909 5.9731611953 6.39788528673 6.12410119141 5.84216850323 5.60897205644 5.55402886753 5.22825738712 4.99540459209 5.02454493903 5.14336341649 5.12692198208 4.75371627401 4.83726169823 5.06263707287 5.26047335559 5.9537270755 7.06345113648 5.9422726082 4.82109407992 4.78740609093 5.47253637855 5.84466847351 5.82423710139 6.033253342
7.51900978608 7.78002168921 7.56771097052 6.99863110065 6.42955123079 5.86047136092 5.81098284129 6.51518443167 7.17539852171 6.85514575753 6.46847580947 6.11480876903 6.46171845436 6.62135052801 6.65713413553 6.7501145206 6.84838825288 6.83859922158 6.77343936223 6.70827950288 6.02310541921 5.64708377641 6.44411246949 6.68363214156 6.84726916462 6.34122515039 5.8438122996 5.34639944881 5.02150323544 5.4519093483 6.19655412326 6.00840379553 5.77520734874 5.6405201202 5.8176495195 5.29570184477 4.77375417004 4.7579978672 4.91386157404 5.0882756285 4.96500306676 5.1435266491 5.3160888832 5.48951888885 5.90726374782 6.63263426008 6.65931162828 5.36364957936 4.93385661398 5.54046267805 6.00634914739 5.93642068207 5.9776005608
7.60296598421 7.61635552785 7.04727565798 6.47819578811 5.90911591824 5.34003604838 5.34678596775 6.1619725526 6.84981478269 6.95156978618 6.47365389996 6.01919503467 6.30890346589 6.55328386155 6.65155759382 6.7498313261 6.84810505838 6.8591573444 6.79399748505 6.04611653118 5.28308119718 4.92941349699 5.77375430642 6.91921515428 6.94029006029 6.42809223722 5.93067388699 5.51012742362 5.2978780003 5.08562857698 5.79207518624 5.88370654995 5.72701137287 5.98223275694 5.88509397715 5.36314630242 4.84119862769 4.50994567712 4.69405852593 4.89614678128 5.07095771389 5.23531611163 5.39967450937 5.56403290712 5.75220488699 5.58636220625 5.63760760002 5.68420086387 5.20935712905 5.66940557577 6.16802982127 6.09810135595 6.02817289062
7.66500008517 7.09592021531 6.52684034544 6.07224487743 5.61835876594 5.23493347778 5.15008523687 5.95824867283 6.47880794663 6.81708168386 6.73254340926 6.35298123502 6.55650652273 6.63713775849 6.70586959682 6.77380777344 6.84782186387 6.83216297715 6.06912764315 5.36470584025 4.71963884575 4.59094247875 5.82032064984 6.58009141278 6.75822739225 6.51956421992 6.01753547438 5.78650218848 5.57425276516 5.36200334183 5.36825176154 5.69192336403 5.97199757731 6.25309324799 6.03348998096 5.63103342707 5.18779712851 4.49519929882 4.57158909999 4.77367735533 4.94527180865 5.10963020639 5.27607945116 5.49257547649 5.70907150183 5.49545198417 5.34101221742 5.21561045205 5.34068882178 5.80755123525 6.04727712856 5.79068732814 5.82946876436
7.04282697075 6.66704281313 6.49256000231 6.04618602484 5.67421961829 5.43786883435 5.36894633359 5.75452479306 6.10780111058 6.44607484781 6.78434858504 6.68676743536 6.75586157298 7.08230458714 7.00047830936 7.08990549296 7.13291540606 6.86510040699 6.13367447611 5.4208256148 4.7757586203 4.77828842827 5.69659227663 6.24096767127 6.54984594438 6.31118277205 6.28369104205 6.03779406096 5.85062753001 5.63837810669 5.42612868337 5.50014017811 6.06421987586 6.4463856957 6.09033032523 5.69433949479 5.27301443672 4.61080744626 4.47699453139 4.65120792939 4.81958590341 5.00139094083 5.21788696616 5.4343829915 5.65087901683 5.46591205536 5.23869908135 5.09566222859 5.17168868337 5.63855109685 5.44540052195 5.45037218272 5.51720137684
6.72784023914 5.9592457517 5.90233064056 5.93196920319 5.84799568179 5.61883018168 5.69367504505 5.63014048583 5.88394460696 6.21716658915 6.55038857134 7.1779549395 7.50542915252 7.95982015436 6.36732627787 7.18875770474 7.47593431514 7.17893732663 6.44751139575 5.71608546486 5.07843132499 5.21763607647 5.56269604633 5.90184392976 6.34146449651 6.47826724108 7.19935429015 6.240608251 5.96376511697 5.78382715292 5.60388918887 5.50340807888 5.74871186405 6.29729518109 6.07328212825 5.74633830364 5.23754248194 4.56341110289 4.59260267883 4.52873850344 4.7267024305 4.94319845583 5.15969448117 5.3761905065 5.59268653183 5.43637212655 5.20915915254 4.98194617853 5.03086919556 5.25024765348 5.20166271001 5.17777750287 5.10200880236
6.5952711312 6.15952230305 5.99349717505 6.04609600338 6.0069648343 5.87901605385 6.14498712205 6.13029575218 5.86019585034 6.15116768981 6.64172393454 7.99626178886 8.47680669564 8.83733572158 7.56294753403 6.77092636958 7.47406291197 7.5500109866 6.9515834585 6.35315593041 5.75472840232 5.84991103867 6.03102157262 6.14807667675 6.34672766367 6.99542503722 7.71651208628 7.17953757505 6.19752545995 5.88973617298 5.88451745002 5.86703989294 5.37533162964 5.70652155791 5.86740571428 5.53428488094 5.12572476723 4.79853695931 4.65696318824 4.84765877127 4.82547269647 4.94660527437 5.10150199617 5.31799802151 5.53449404684 5.40683219775 5.17961922373 4.63834710608 5.02086002616 5.48943898277 5.84104709849 5.34103711784 4.64912411042
6.29168127336 6.22187777832 6.09466123325 6.16022280357 6.16593398681 6.20188809026 6.44790017087 6.75272080624 6.42564233778 6.09025121485 7.54608764093 9.34173134287 10.1086592066 10.3388558964 9.09242653231 8.43225853905 7.77209054579 7.51923641734 7.45017248819 7.02945300773 6.43102547964 6.38229199477 6.49934709891 6.80958624115 7.2339371145 7.82704277293 8.40604624051 8.15537991212 7.16559485277 6.17580979342 6.50976249718 6.230671707 5.7389634437 5.24725518039 5.6615293003 5.34925045384 5.22908569806 5.46106979909 5.43726318202 5.19584351697 5.12265426827 5.24378684618 5.36491942408 5.45241514857 5.41894992302 4.69030065811 4.4181977668 5.08128197126 5.49807575126 5.73757646646 6.10105094355 5.39536149226 4.95908258996
6.53162483284 6.39895187839 6.3222007761 6.29983980395 6.32490313932 6.52476012667 6.77077220728 7.44894166741 8.46161492126 8.82186932313 9.97320409818 11.3267865919 11.7962917551 10.221302615 9.30387889283 8.64371089957 8.09574231892 7.79507988695 7.52743753586 7.25979518477 7.01430795972 6.87789834561 7.2765546111 7.67521087658 8.12114656533 8.62625129734 9.01783982862 8.33644221252 8.00951479241 7.23023834387 7.08601178437 6.59430352106 6.10259525776 5.61088699445 5.11917873115 5.16421602673 5.36441093131 5.81610835774 5.5043760979 5.1226712795 5.15789246366 5.03937786193 5.00591263638 4.97244741083 5.05833459901 4.63991335894 4.91750993906 5.28898721824 5.33760427654 5.74277038965 6.14897220908 5.67890705252 5.27325860193
6.82862750803 6.7234830598 6.66421371119 6.5748853294 6.31809770729 6.34363176762 6.52166106558 7.46137717015 8.65153598299 9.84709345717 11.9067531907 13.1994898368 13.4839243036 10.3841937639 9.51533125334 8.85516326008 8.43651425938 8.11767884194 7.85003649085 7.58239413977 7.31475178868 7.01659995121 7.55152955617 8.08645916114 8.84645635416 9.23804488545 9.50731810901 8.67908650776 8.10174803617 7.80617227102 7.44384058057 6.95125774253 6.45867490449 5.96609206644 5.4735092284 5.02918738857 5.35905470649 5.68892202441 5.99934724778 5.00319029016 4.80977464981 4.61635900946 4.52594489864 4.49247967309 4.80257053022 4.85350315356 5.10960388618 5.10746638835 5.13618537702 5.72391402248 6.04278029157 5.99308306449 5.58743461389
7.55301957684 8.39376753095 9.00832193098 8.08430452044 6.24119213916 6.04607269129 6.22410198925 7.33777860933 8.765505089 11.4397607734 13.7794564356 14.9413601623 13.0346605526 10.5470849128 9.72678361386 9.12598778043 8.77728619984 8.44027779694 8.17263544585 7.90499309476 7.43845206607 6.87332932511 7.40825893008 8.04974610552 9.04139484092 9.84983847355 9.84996240425 9.02173080301 8.19398127994 7.89840551478 7.4779074679 6.99922895042 6.50664611237 6.01406327433 5.94649845872 5.86917287072 5.50187460945 5.49493694825 6.03247668028 5.71676230514 4.96617743021 4.28009597899 4.07482555525 4.01251193536 4.54680646142 5.20601819775 5.32175743103 5.35302580891 4.99863268922 5.47219388216 5.65189267109 5.64092219092 5.62995171076
10.4387024099 11.2952045327 12.0201823529 10.4736088705 8.04673960318 5.90749894892 6.02402123567 7.68391672083 10.3581724052 13.0324280896 15.6521596804 16.6289927108 12.1661025445 10.7099760617 9.93823597437 9.46675972089 9.1180581403 8.76935655971 8.49523440084 8.22759204976 7.28733775467 6.73005869902 7.26498830399 8.21556165893 9.20721039433 10.1988591297 10.1926066995 9.36437509825 8.536143497 7.94171756385 7.49659109754 7.0472001583 6.85341709957 6.85127708729 6.84913707502 6.72305846496 6.32709431635 5.64119525916 5.63524390908 6.05963361833 5.74967227213 5.0440434918 4.2971427898 3.84296650686 4.74812426755 5.64843746379 5.86790376508 6.01245707107 5.54958367037 5.22047374184 5.2610050506 5.25003457044 5.23906409027
11.0434844584 12.0510523893 13.2444934333 12.9396691058 10.507163416 8.07465772609 6.97595749639 9.27658403703 11.9508397214 14.6250954058 17.2993510901 16.7776088299 12.3289936934 10.8728672107 10.1562332419 9.80753166134 9.45883008075 9.11012850016 8.81783335584 8.49766477623 7.13622344328 6.58678807293 7.38972847694 8.38137721234 9.78926853449 11.3828490407 9.04091346673 7.73459476568 6.83732541508 7.65387537904 7.24091855569 6.9595635602 7.0284090222 7.09725448419 7.06975792271 6.8891451707 6.26686010133 5.58096104414 5.30574883217 5.83059715255 5.96593808146 5.21903737946 4.47213667746 3.88084074119 4.98652533001 5.88683852625 6.38523602643 6.52978933241 5.81460240302 5.0606264957 5.16054334533 5.29255836877 5.4245733922
7.43293229415 8.35975080749 12.0576118166 15.6230298947 13.1905242048 10.7724060045 11.0865060189 13.1153031038 15.1441001887 17.1728972736 19.2016943585 14.7522335383 12.4918848423 11.0357583596 10.4970051824 10.1483036018 9.79960202121 9.45090044062 9.14043231083 8.34655046483 6.98510913188 6.56389529495 8.08730712958 9.68088763581 11.274468142 9.4801162066 8.12355467215 6.81723597109 7.09293535145 6.91636523278 6.91360673426 6.86250683087 6.81025021709 6.70886975394 6.60748929079 6.50610882763 6.05954622747 5.50150142407 4.97625375525 5.92975067036 5.91482912673 5.39403126712 4.64713056512 3.91871497552 5.04078706787 6.12523958871 6.90256828777 7.01572076829 6.09729251084 5.74120510051 5.65637585262 5.62261597905 5.75463100248
6.887122923 6.27885353786 10.8707301999 15.883206407 15.8738849937 14.7640511828 15.1970545414 17.2258516263 19.2546487112 21.2834457961 22.8101256885 16.0036084073 12.6547759912 11.2327610492 10.8377771228 10.4890755423 10.1403739617 9.79167238108 9.46303126582 8.23814704277 7.85270186487 7.97892623091 9.57250673714 11.1660872434 12.7596677496 8.51251457862 7.20619587756 6.73495857956 7.33444009424 7.7009948473 6.72229051627 6.44936204833 6.34798158517 6.24660112202 6.14522065887 6.04384019571 5.78799208763 5.22994728424 5.15040052264 5.7741992163 5.75927767267 5.56902515478 4.78800500497 3.95658920986 5.07866130221 6.20073339456 7.26395384742 7.28073950094 6.80558061073 6.4494932004 6.28653645552 6.24049509218 6.12662875753
8.59672453897 6.66054035358 10.6933600726 15.2108049499 19.1479855919 18.7556963611 19.3076030639 21.3364001488 23.3506049975 25.1394782666 22.387027759 20.6472053994 17.8764939403 11.6864062932 11.5199038879 11.6149135872 11.7099232865 11.8049329858 9.39449526426 10.1851864365 9.79974125863 9.8717518491 11.0577063447 12.6512868509 12.3026074066 7.59515578404 6.37698180768 6.97646332236 7.57594483704 8.17542635172 7.58355388691 6.03949572021 5.91598210336 5.79246848652 5.68295202695 5.58157156379 5.48019110064 4.9583931444 5.99816375631 6.62304684803 6.37144118815 5.58880467498 4.88540496135 3.99446344419 5.11653553654 6.23860762889 7.36067972124 7.61677871305 7.04809403754 6.483037855 6.23126595919 6.05898147797 5.88669699675
9.91251332548 7.12388471777 10.5904217301 15.1078666074 19.7233049103 22.7473415393 23.4181515864 25.3863118555 27.1751851246 28.9640583937 25.9060634071 23.489346854 19.2436783507 13.3382977069 11.4729245873 11.6596769428 11.7546866421 11.4207318099 9.5950769426 12.1322258303 11.7467806524 11.9205359577 12.5429059523 14.1364864585 10.0128408054 6.67779698945 6.61848655048 7.21796806516 7.81744957984 8.41693109452 8.44481725754 5.63202275267 5.50850913583 5.38499551898 5.26148190214 5.13796828529 5.01792246872 5.16967678113 5.20958024721 5.16529575509 5.20564295382 5.3179530545 5.05143683697 4.16128561129 5.02137010293 6.07804669555 7.13472328817 7.02946167923 6.46077700372 5.98012086641 5.83565837894 5.67100650768 5.49872202645
10.3758576897 7.58722908197 10.4874833875 15.0426939813 19.6842484328 24.3258028842 27.4220187135 29.2108919826 30.9997652517 31.1649214148 28.3516204342 24.0405171007 19.5850532709 14.9901891206 10.661232503 11.7044402984 11.7994499977 10.8596431764 9.42692667819 14.079265224 13.7098252078 13.9693200663 14.2288149247 15.1250986066 7.72307420422 6.26050977859 6.85999129327 7.45947280795 8.05895432263 8.65843583731 8.61856114109 5.22454978514 5.10103616829 5.01407699698 5.06797863795 5.12188027892 5.1757819199 5.20777059964 5.12636588636 5.04496117309 5.14314456015 5.25545466083 5.3126556257 4.85638209142 5.0154903579 5.84897209465 6.90564868727 6.4421446454 5.92549330993 5.57864554298 5.43418305551 5.28303153738 5.11074705616
10.8392020539 8.05057344616 10.384545045 15.0036375038 19.4521610231 22.1063553186 25.0628465996 28.5121370906 31.9614275815 31.488443096 27.7980905365 24.0566484483 19.6011846185 15.1457207887 10.4483130105 11.0211306786 11.731271041 10.2985545428 8.86583804464 7.25487256135 15.7586093163 16.0181041748 16.2775990333 12.8353320054 6.14939810134 6.50201452139 7.09277941923 7.55378465642 8.01478989362 8.47579513081 5.67859290288 6.41632258544 5.54994680541 5.60384844638 5.65775008735 5.71165172833 5.7655533693 5.81945501027 5.75746131005 5.67605659677 5.5946518835 5.51324717022 5.43184245695 5.55147857155 5.71058683803 5.86969510452 6.42351228709 5.90255178989 5.3908902849 5.17717021955 5.03270773209 4.88824524462 4.72277208587
11.3025464181 8.51391781035 10.3230265748 13.438557034 16.0927513294 18.7469456248 21.6126075735 25.0618980645 28.3130277158 24.6226751563 20.9323225968 17.2419700373 13.5516174778 9.86126491825 10.5098157048 11.6823575545 12.525150982 10.8202956839 9.11544038581 7.41058508774 17.8398929129 12.158762196 10.392426888 6.38801946724 5.94004055527 6.40104579246 6.86205102966 7.32305626685 7.78406150405 6.61045214668 7.81079548554 9.23064344601 8.15640805957 7.08217267313 6.24752153676 6.30142317773 6.3553248187 6.40922645968 6.38855673374 6.30715202046 6.22574730719 5.99508843624 5.21016900614 5.22909624762 5.55525970338 5.43355751514 4.98049254437 5.36794876486 4.92015738359 4.77569489613 4.63123240866 4.48676992119 4.33479711557
9.67629037808 7.99002163376 7.79332436891 10.0791473403 12.7333416357 15.3875359311 18.1623685475 21.6116590385 21.447259776 17.7569072165 14.066554657 10.3762020975 10.2134801384 11.0603717539 11.9072633694 12.9413398544 13.7322656325 12.0274103344 10.3225550363 13.178552804 20.0157165253 16.9844294818 6.72695962019 5.79426066187 5.90518872892 6.17031740289 6.63132264008 7.09232787728 7.54231139049 7.32098996715 10.8016496831 12.0449643066 10.9707289201 9.8964935337 8.82225814726 7.74802276082 6.94509626811 6.99899790908 7.01965215742 6.93824744415 6.52449621477 5.63576984456 5.07954657238 5.23323428378 5.14075583452 5.16039399871 5.1800321629 4.94061223024 4.52988198441 4.38616982466 4.24245766492 4.09874550517 3.98510470642
9.10040224261 8.19713899416 7.93336162804 8.16634398336 9.37393194199 12.0281262374 14.7121295214 18.1614200124 14.5814918363 10.8911392768 9.91714457194 10.7640361874 11.6109278029 12.4578194184 13.3047110339 14.2003221544 14.9393802829 13.2345249849 13.1716123259 20.0087760473 26.8459397686 28.6640312341 19.8846614567 11.1052916792 5.88689850208 5.99782656913 6.40059425051 6.86159948771 6.83118444876 10.3118441647 13.7925038806 14.8592851671 13.7850497807 12.7108143943 11.6365790078 10.5623436214 9.48810823495 8.41387284851 7.64267099946 7.0539039933 6.16517762309 5.27645125287 5.04729301743 5.7149655981 5.6955476396 5.40440915268 5.42404731687 5.28658649784 4.95461255182 4.12306607419 3.91243111824 3.76871895849 4.13079275374
8.8593251114 8.50494263488 8.15056015835 8.30638124249 8.5393635978 8.77234595311 11.3229108391 11.406076456 9.6208090055 10.467700621 11.3145922365 12.161483852 13.0083754675 13.855267083 14.7021586985 15.549050314 16.1464949334 14.4416396354 20.0018355692 26.8339077919 31.540872314 27.9080906559 23.9337251705 19.9593596851 15.4836237382 6.70425396077 6.16986586094 6.34137893037 9.82203864631 13.3026983622 16.7833580782 17.6736060277 16.5221418156 14.9829722092 13.4438026027 11.9046329963 10.3654633899 8.82629378349 7.32193049537 6.54465653729 5.7673825792 4.92921559538 5.52902433175 6.19669691242 6.52201274285 6.05174051838 5.66806247085 5.63256076543 5.3262411984 5.07175226326 4.01467958062 3.86638545302 4.28727475737
