Examples/results/velocity/asciifiles/KR2_140510_120000.JPG_interpmap.txt
ncols 286
nrows 445
xllcorner 446880.0
yllcorner 8754270.0
cellsize 10.0
NODATA_value -999.999
[rows 288 to 311 of 445, columns 53 to 105 of 286]
7.66187038506 7.56769363844 7.47351689182 7.47765111485 7.79736276106 7.84408763688 8.27273975928 8.70139188168 8.75059877073 8.64795390447 8.52874879916 8.43856844321 8.49424083286 8.54991322252 8.60558561218 9.07836458301 8.15209531431 7.67015182497 7.71968622676 7.76922062854 7.81875503033 7.72514554023 7.48989410452 7.29365782826 7.1704406471 7.04722346593 6.92400628476 6.78590177162 6.79275827197 7.04261697591 7.30820955877 7.65676581597 7.971726289 7.89314378191 7.64294723724 7.54057744009 7.21488304135 6.89295398473 6.64452614738 6.72900791406 6.44079206486 6.25227497387 6.71815619183 7.16133411996 7.07044822585 6.97956233173 6.88867643762 7.16117865881 7.44492172794 7.74637429058 8.0531770614 8.35997983223 8.66678260305
7.76770841284 7.67353166622 7.57935491961 7.48517817299 7.6183991269 8.0470512493 8.47570337169 8.83868885223 8.67011484046 8.437274011 8.20443318153 8.26412797722 8.35393931193 8.40961170158 8.46528409124 9.15238549871 9.38446121095 8.69039752833 8.73993193011 8.7894663319 8.83900073368 8.06307253727 7.52045794111 7.59968520958 7.4232598885 7.2189046607 7.01454943291 6.81019420512 6.87959751237 7.18512353825 7.24168720328 7.33323064324 7.44550722775 7.76650130905 7.59731058632 7.55978875954 7.34303170814 7.0173373094 6.73282493168 6.54349807207 6.29777617273 6.32091988422 7.06597860399 7.35988906166 7.26900316754 7.17811727343 7.08723137931 6.9963454852 7.18082536471 7.46947369342 7.77627646424 8.08307923507 8.22494899563
7.87354644062 7.77936969401 7.68519294739 7.60689408971 7.5470613319 7.83859667468 8.06967498278 8.2897025481 8.34579922283 8.11295839337 7.8801175639 8.0295788415 8.21363779099 8.26931018065 8.3249825703 9.22640641441 10.5686143506 9.71064323169 9.76017763347 9.80971203526 9.33700147128 8.40099953431 7.40481935268 7.48404662114 7.5632738896 7.56098090027 7.35662567247 7.15227044468 7.16698841426 7.41126470527 7.27708344356 7.28722991428 7.39950649879 7.51178308329 7.52204501478 7.51415210861 7.46791422667 7.14548597618 6.84947292939 6.57269587863 6.48126803349 6.80870889353 7.41380101615 7.55844400336 7.46755810924 7.37667221513 7.28578632101 7.19490042689 7.10401453278 7.2004720706 7.49937586708 7.76361663887 7.66711072885
7.97846149037 7.88588184055 7.82604908275 7.67205122295 7.55485505525 7.63992879437 7.52068867865 7.74071624397 7.96074380928 7.78864277573 7.55580194627 7.79502970578 8.07333627005 8.12900865971 8.18468104937 9.30042733011 10.6426352663 10.8051484336 10.7804233368 10.6109304053 9.67492846832 8.73892653136 7.70078069795 7.3684080327 7.44763530116 7.52686256962 7.60608983809 7.49434668424 7.45437931615 7.44666094556 7.31247968385 7.24122918532 7.35350576983 7.45041554523 7.44618253954 7.39262584173 7.43099363091 7.27121687119 6.9661209271 6.65762318177 6.46593954037 7.07630479067 7.68667004098 7.68341207736 7.62152826474 7.55964445213 7.48434126271 7.39345536859 7.30256947448 7.21168358036 7.22247526992 7.20577837208 7.10927246207
7.91399393465 7.79084701203 7.62253631778 7.53361213892 7.54789087002 7.66317513893 7.66518893582 7.19172993984 7.41175750516 7.4643271581 7.2525137033 7.56048057006 7.86844743683 7.98870713877 8.04437952843 9.37444824582 10.716656182 12.0375143302 11.8006690402 10.9488574023 10.0128554654 9.0768535284 8.1087170075 7.25276944427 7.33199671273 7.41122398119 7.49045124965 7.56967851811 7.61648084439 7.48205718584 7.34787592413 7.21369466242 7.30066463216 7.38516794384 7.39146112175 7.2593254817 7.26320666867 7.10158401149 6.94213625348 6.71751925099 6.40615092013 6.91042404666 7.2819464165 7.33828636842 7.27640255581 7.21451874319 7.15263493058 7.09075111797 7.02886730536 7.01847465053 6.95924273353 6.84723368438 6.70660956757
7.74133210685 7.5730214126 7.51236922259 7.52460263845 7.57113721457 7.68642148348 7.8017057524 7.65506179297 7.05004169963 7.08279876634 7.01796456758 7.32593143435 7.63389830111 7.84840561784 8.10626122534 9.44846916152 10.7906770977 12.1328850339 12.2227863363 11.2867843994 10.3507824624 9.41478052545 8.47877858848 7.23419900785 7.21635812429 7.29558539275 7.37481266121 7.49232277726 7.6060201427 7.49651521622 7.38604302505 7.26737215529 7.25223785449 7.31992034245 7.33673970397 7.20460406392 7.09249990565 6.95116603358 6.81482816036 6.67849028713 6.46604698935 6.74454330265 6.85198050423 6.92276236512 6.93127684687 6.86939303426 6.82640455348 6.82634931119 6.80390209392 6.74467017692 6.68543825993 6.62952404091 6.52360723126
7.52350650742 7.49112630626 7.50335972212 7.51559313798 7.59438355913 7.70966782804 7.82495209695 7.94023636586 7.64493465013 7.03991455678 6.78341543186 7.09138229863 7.3993491654 7.70731603216 8.18028214104 9.52249007722 10.7635898742 11.3269414218 11.2774393743 11.1953679549 10.6887094595 9.75270752249 8.81670558553 7.64213531739 7.10071953585 7.18442377487 7.31639585309 7.44836793131 7.58034000954 7.48551111557 7.37600618909 7.21959823416 7.2401172566 7.26063627903 7.25106281417 7.15060560112 7.01866663867 6.87185242593 6.7229300989 6.57400777188 6.42508544485 6.36386046087 6.44930634767 6.53475223447 6.62019812128 6.63365006831 6.63359482603 6.58932953731 6.56713418483 6.62405166821 6.68096915159 6.61216318752 6.45244000672
7.42656574114 7.48211680579 7.49435022165 7.50658363751 7.61762990368 7.7329141726 7.84819844151 7.96348271042 8.07876697933 7.63480750728 7.47557945108 7.44077319722 7.40596694335 7.47276689644 8.22631203793 9.31204394614 10.0540740127 10.0045719652 9.95506991763 9.90556787009 9.85606582255 9.56097739433 9.15463258257 8.05007162693 7.01208345022 7.14046892892 7.27244100714 7.40441308536 7.53638516358 7.47450701491 7.31219564584 7.11877337747 7.07624949059 7.09676851302 7.0438787886 7.02003825909 6.96510872712 6.82047497889 6.69653367601 6.60179617777 6.50705867954 6.43866747016 6.43428867421 6.42990987827 6.42553108232 6.43738415412 6.4943016375 6.55121912088 6.60813660426 6.66505408764 6.72197157102 6.59480233412 6.43507915333
7.34270295277 7.4398031585 7.48534072118 7.52559197933 7.64087624824 7.75616051715 7.87144478606 7.98672905497 8.10179220854 8.18821472082 8.0529451234 7.91767552598 7.78240592857 7.68583614999 7.86049801804 8.78120660357 8.73170455603 8.68220250849 8.63270046095 8.58319841342 8.53369636588 8.55459571088 8.48289803815 7.96714680379 7.01067784134 7.12758621078 7.24449458022 7.36140294967 7.49243031763 7.43920100226 7.24577873389 7.05235646553 6.91238172458 6.91467989182 6.84138359532 6.81285423353 6.88941597381 6.89978034437 6.80504284614 6.7103053479 6.61556784966 6.53738576421 6.53300696827 6.52862817232 6.52424937637 6.40763004955 6.45929502035 6.55033281993 6.628052917 6.70535243728 6.73716466152 6.57566262691 6.41336572809
7.2588401644 7.35594037013 7.45304057586 7.54784086325 7.63029984233 7.7127588214 7.79521780047 7.87767677954 7.97530312059 8.13390184214 8.0853005291 7.95003093169 7.81476133427 7.92500305264 7.99963325621 8.03418846063 8.11685012126 8.1995117819 8.28217344253 8.36483510316 8.44749676379 8.34533825669 8.06954553578 7.81612208495 7.00927223245 7.1261806019 7.24308897134 7.35999734079 7.48177443898 7.47937608895 7.2591417318 6.98684689122 6.79251728522 6.71527699786 6.64198070136 6.70580343622 7.04624060575 7.02633642754 6.91435547335 6.81881451803 6.72407701979 6.63610405827 6.63172526232 6.62734646637 6.54408049942 6.41382682644 6.37513096084 6.46616876042 6.55720656 6.64824435957 6.65098107587 6.55136086439 6.38906396557
7.24076442885 7.34020150628 7.59118369856 7.52363679326 7.4886433924 7.57110237147 7.65356135054 7.74374096795 7.90635195484 8.0653777314 8.11765593481 7.98238633739 8.04937253026 8.03536896932 8.00233608822 8.00975117418 8.09241283481 8.17507449544 8.25773615608 8.34039781671 8.27051412381 7.9947214029 7.718928682 7.4842838745 7.00786662357 7.12477499302 7.24546942871 7.37066730453 7.49272694856 7.44679016136 7.40085337416 7.31139915692 7.03910431634 7.00714331249 6.86225156347 6.86262806815 7.20306523768 7.15381352625 7.04183257206 6.92985161787 6.83258618992 6.73784869169 6.73044355638 6.68053094928 6.5502772763 6.42002360332 6.32594850873 6.33527786913 6.39799243901 6.46070700889 6.52342157877 6.45820299197 6.36476220305
7.23776509978 7.37648650256 7.83712366478 7.68230798745 7.52749231011 7.42944592154 7.51217881531 7.67478980221 7.83691276518 7.99364194804 8.12260369665 8.10413756353 8.07110468243 8.03807180132 8.00503892022 7.98531388773 8.06797554836 8.15063720899 8.23329886962 8.19568999093 7.91989727003 7.64410454912 7.36831182821 7.09251910731 7.00916441845 7.13436229426 7.25956017007 7.38475804589 7.46014102097 7.41420423377 7.36826744657 7.32233065937 7.41175092474 7.32009956621 7.26309590326 7.07768353633 7.35988986962 7.28129062495 7.16930967076 7.05732871657 6.94534776238 6.84635786181 6.81698139914 6.68672772616 6.54282089077 6.39290429951 6.45793935457 6.54355077624 6.50321620299 6.46288162975 6.42254705651 6.35407839226 6.26278648725
7.23476577072 7.75840707914 7.99579485897 7.84097918163 7.68616350429 7.52256772191 7.44235708834 7.60445743972 7.76655779109 7.91987282774 8.02308096158 8.03785011899 8.07380751443 8.04077463333 8.00774175222 7.97470887112 8.04353826191 8.12619992254 8.12086585806 7.84507313715 7.56928041624 7.29348769534 7.1850474676 7.15263098257 8.59104061353 7.14845303562 7.27365091143 7.39884878725 7.42755509338 7.38161830618 9.37318178794 8.81698616921 7.81289655224 7.68973003248 7.56656351273 7.47584640446 7.51671450155 7.40876772365 7.29678676947 7.18480581528 7.07282486109 6.94808832499 6.8038529329 6.65393634165 6.50401975039 6.4552622196 6.58993020042 6.72459818124 6.75493201316 6.71459743991 6.67426286667 6.4538645939 6.35980255155
7.54370988314 8.14032765572 8.15446605316 7.99965037582 7.78750621046 7.38675488406 7.35175022671 7.53410246563 7.69620281701 7.84610370743 7.88123802719 7.86482543961 7.91586363706 8.00160428976 8.01044458422 7.97741170312 8.01910097545 8.04604172518 7.77024900427 7.52926314216 7.49684665714 7.46443017211 7.43201368709 7.39959720206 8.97259917578 11.1105004573 10.1869153163 7.41293952861 9.09320034667 12.0648318524 10.8971900716 8.30731016054 8.21404217974 8.09087565999 7.96770914023 7.84454262047 7.62900667727 7.44383727765 7.29827449375 7.15271170986 7.00714892596 6.83341211152 6.70849728913 6.61513520127 6.46521861002 6.58725306545 6.72192104626 6.85658902708 6.9912570079 6.96631325008 6.92597867683 6.55384961897 6.55979645672
7.92563045972 8.46795292468 8.31313724734 8.052444699 7.65169337261 7.25094204621 7.25680888137 7.44767036034 7.62584784293 7.75580768037 7.73939509279 7.72298250521 7.70813650243 7.79387715513 7.87961780783 7.96535846053 7.9712175923 7.84106233171 7.80864584668 7.77622936165 7.74381287663 7.7113963916 7.67897990658 7.64656342155 9.35415773803 11.4920590196 13.6299603012 13.447340895 14.7564819169 12.9773939739 10.3875140629 7.9893879819 8.61518780725 8.49202128749 8.36885476773 8.17831032927 7.73277729022 7.35733509473 7.21177231083 7.06620952694 6.89213280292 6.71415105577 6.56000633026 6.4940004133 6.56299504479 6.71924391129 6.85391189211 6.98857987293 7.12324785374 7.21802906024 7.11643610761 6.65383464403 6.85677315075
8.3075510363 8.62662411887 8.31738318755 7.91663186115 7.51588053476 7.11512920836 7.16186753603 7.352729015 7.54359049397 7.61396474598 7.5975521584 7.58113957082 7.56472698324 7.58615002049 7.6718906732 8.16254792025 8.12615163692 8.0880285512 8.05561206617 8.02319558115 7.99077909612 7.9583626111 7.92594612607 7.89352964105 9.73571630028 11.8736175819 14.0115188634 16.149420145 15.0575978763 12.4677179653 9.87783805423 8.47703700594 9.01633343475 8.89316691499 8.72761398127 8.28208094221 7.83654790316 7.39101486411 7.12527012791 6.95085349431 6.77287174717 6.59489000003 6.41690825289 6.43273226547 6.58100802561 6.74258515112 6.90508804532 7.06759093953 7.23009383373 7.3899066804 7.25315588946 6.89001938013 7.15374984478
8.42211216773 8.58232167609 8.1815703497 7.7808190233 7.38006769691 6.97931637052 7.06692619069 7.25778766966 7.27041513709 7.27802805367 7.30379388255 7.32955971144 7.35532554032 7.3810913692 7.80973398624 8.30650856415 8.38852350656 8.34128940152 8.30257828566 8.27016180064 8.23774531561 8.20532883059 8.17291234556 8.14049586054 10.1172748625 12.2551761441 14.3930774257 15.0761522808 14.0279320488 11.9580419566 9.36816204556 8.96468602999 9.41747906225 9.27691763327 8.83138459421 8.38585155516 7.94031851611 7.19104182186 7.03297982281 6.8542223184 6.67546481399 6.49670730959 6.32911209667 6.45483605206 6.6031118122 6.75967236325 6.92217525745 7.08467815166 7.22293591125 7.3295619603 7.21655614193 7.20026117849 7.1725708479
7.13101146377 7.655478846 7.94716917456 7.64500618546 7.24425485906 6.84350353267 6.97198484534 7.00839012923 6.89077501239 6.91654084128 6.94230667016 7.00544431449 7.29707035926 7.58508106986 7.56996951035 8.10650690899 8.41108032595 8.60366127117 8.55642716613 8.51712802013 8.4847115351 8.45229505008 8.41987856505 8.38746208003 10.4988334248 12.6367347064 14.0494717914 13.600918647 12.7225787786 10.9612089754 8.85848603689 9.45233505404 9.81862468976 9.38068824621 8.70899176319 7.91059703915 7.26126899085 7.11229068606 6.95531627648 6.77655877207 6.59780126767 6.41904376326 6.36908052012 6.44130406497 6.60193804537 6.77675957537 6.8936507782 7.00027682724 7.10690287629 7.1755784657 7.13965443627 7.15421984343 7.13351711925
6.64660988754 6.54442465171 6.88884552428 7.19564461954 7.10844202121 6.70769069482 6.74636512137 6.58779489874 6.5292878 6.64836227657 6.93998832134 7.23161436611 7.7438060908 7.71521720083 7.57191998593 7.86674243309 8.29799198356 8.51565208775 8.73331219193 8.77156493074 8.7316777546 8.69926126957 8.66684478455 8.74249070547 10.880391987 13.0182932686 12.5742381576 12.1256850132 11.4172255083 9.65585570514 8.16954526285 9.28916012083 9.43893813387 8.64054340982 7.84214868578 7.33149615983 7.18251785505 7.03353955026 6.87765273015 6.69889522575 6.52013772134 6.34138021693 6.40904894358 6.48127248842 6.55919865834 6.74763960621 6.81654037313 6.90520440183 6.99386843053 7.04818732345 7.06275273061 7.07731813777 7.09188354493
6.6531361092 6.55095087336 6.44876563753 6.3465804017 6.44412006451 6.61832468994 6.50269603927 6.35622128603 6.58290628342 6.87453232819 7.16615837296 7.6847452878 7.98865054671 7.84535333181 7.7020561169 7.6269779572 8.16351535584 8.40256374536 8.62022384954 8.83788395373 8.98670269534 8.94622748906 8.91381100404 9.12404926773 11.2619505493 11.5475576683 11.0990045238 10.6504513794 10.111872238 8.35050243487 7.39521916072 7.85464619843 8.57209505646 7.77370033242 7.40172332882 7.25274502403 7.10376671925 6.95478841446 6.79998918383 6.62123167942 6.44247417501 6.37679382218 6.44901736703 6.52124091188 6.59346445672 6.70490021918 6.78319282112 6.85847623172 6.94526225416 7.0320482766 7.03247334205 7.0142568925 7.01498183927
6.65966233085 6.55747709502 6.45529185919 6.35627540575 6.37382520437 6.60390916805 6.60228691263 6.51745029027 6.80907633504 7.10070237981 7.6256844848 8.16312758035 8.11878667769 7.97548946278 7.83219224788 7.68889503297 7.92375087994 8.28947540297 8.50713550715 8.72479561134 8.94245571553 9.16011581971 9.16077722353 9.50560782998 10.520877179 10.0723240345 9.62377089003 9.17521774556 8.7266646011 7.13917185252 6.62089305859 6.97549557229 7.53444636988 7.4719504978 7.32297219302 7.17399388823 7.02501558345 6.87603727866 6.7223256375 6.54356813309 6.36481062868 6.41676224564 6.48898579049 6.56120933533 6.63343288018 6.70565642502 6.77627932378 6.83465056267 6.89532232791 6.98210835035 7.06021285267 7.04199640312 7.02377995357
6.6661885525 6.56400331667 6.50333772748 6.5208875261 6.53843732472 6.58949364616 6.70187778598 6.74362034189 7.03524638667 7.5666236818 8.10406677735 8.39222002357 8.24892280866 8.10562559376 7.96232837885 7.81903116395 7.68398640405 8.17638706058 8.39404716476 8.61170726895 8.82936737314 9.04702747732 9.26468758151 9.49419668962 9.04564354516 8.59709040069 8.14853725623 7.69998411176 7.2514309673 6.42198583832 6.99447706475 7.59192175066 7.6324434147 7.41921220108 7.24422105722 7.09524275243 6.94626444764 6.79728614286 6.64466209117 6.46590458676 6.38450712425 6.45673066909 6.52895421394 6.60117775879 6.67970874663 6.83441955557 6.84239699352 6.86507348277 6.8891633136 6.9475345525 7.01895444653 7.06973591373 7.05151946419
6.67271477415 6.65040004921 6.66794984783 6.68549964645 6.70304944508 6.7205992437 6.80146865933 6.97011978325 7.5075628788 8.04500597435 8.58244906991 8.52235615454 8.37905893964 8.23576172473 8.09246450983 7.94916729492 7.80587008002 7.98075932679 8.28095882237 8.49861892656 8.71627903075 8.93393913493 9.15159923912 9.54216097691 9.35441992658 8.85136142981 8.21256615285 7.57377087589 6.93497559893 7.05821163892 7.65565632484 7.85297693817 7.63974572454 7.42651451091 7.21328329729 7.01649161663 6.86751331184 6.71853500706 6.56699854484 6.38824104043 6.4244755477 6.49669909255 6.56892263739 6.76639296091 6.93415459925 6.94189468923 6.94963477921 6.96367021879 6.98634670804 7.00902319729 7.03169968654 7.06041854233 7.06322602007
6.79746237094 6.81501216956 6.83256196819 6.85011176681 6.86766156543 6.88521136405 6.90733368595 7.4485020758 7.98594517135 8.52338826691 8.79578950042 8.65249228552 8.50919507061 8.36589785571 8.2226006408 8.0793034259 7.93600621099 7.79270899609 8.16787047998 8.38553058417 8.60319068836 8.82085079254 9.12335860819 9.56478750613 9.89767505601 9.4682049522 9.03873484839 8.57121708051 7.93242180355 7.71939089901 8.07351046163 7.860279248 7.64704803437 7.43381682075 7.22058560712 7.0073543935 6.79412317987 6.63978387126 6.48933499851 6.39222042631 6.46444397116 6.61911920789 6.85307717519 7.03388964293 7.04162973291 7.04936982289 7.05710991287 7.06485000285 7.08494344406 7.10761993331 7.13029642256 7.15297291181 7.09040943356
