Examples/results/velocity/asciifiles/KR2_140509_120000.JPG_interpmap.txt
ncols 300
nrows 500
xllcorner 446880.0
yllcorner 8753720.0
cellsize 10.0
NODATA_value -999.999
[rows 345 to 367 of 500, columns 0 to 52 of 300]
-999.999 -999.999 -999.999 2.09586970437 2.54169968265 2.51769970262 2.5418409837 2.51642748752 2.4838571602 2.51290074034 2.50200911473 2.49111748913 2.48022586352 2.46933423792 2.45976440863 2.50137415285 2.4407011526 2.38002815236 2.34128659427 2.34024098905 2.35255368559 2.36576734613 2.392125857 2.41848436788 2.44484287875 2.47120138963 2.50307808253 2.50314831241 2.53713303966 2.58797581003 2.62453575041 2.65193384317 2.68519051464 2.67327386317 2.65947437777 2.65444880001 2.66904138635 2.6877748276 2.69026360394 2.65837110318 2.67196442588 2.70080876892 2.72965311196 2.7673282559 2.79776564921 2.84122158192 2.82890701644 2.82589606684 2.82288511723 2.81977921718 2.8536984475 2.86794588228 2.87908275384
-999.999 -999.999 1.94700725597 2.20136689774 2.54390178197 2.52446385944 2.42451196674 2.44865324782 2.45330120461 2.45449744289 2.46253866015 2.45933921472 2.4561397693 2.4545853524 2.45424053264 2.43514530778 2.37447230754 2.3137993073 2.26514807925 2.28487695769 2.31123546856 2.33759397944 2.36395249031 2.39031100119 2.41666951206 2.44302802294 2.46938653381 2.49079063188 2.54163340225 2.59247617262 2.64331894299 2.67242566435 2.66377506638 2.65245113351 2.64070170395 2.62864764165 2.62566947359 2.6450764865 2.65674591725 2.66176311157 2.63284716522 2.66169150826 2.69053585129 2.71938019433 2.74822453737 2.80857750595 2.80667531278 2.8089669448 2.81125857682 2.79713081637 2.80470744042 2.85154814068 2.88087632348
-999.999 -999.999 2.00095592256 2.35306022656 2.54610388128 2.55302892681 2.30718294977 2.32374137033 2.35573754586 2.42580206215 2.45066815517 2.44746870974 2.44426926432 2.44106981889 2.43864315751 2.40585824983 2.34303320457 2.28020815932 2.24654867233 2.26931697146 2.30112461249 2.32607107762 2.35101754276 2.37596400789 2.40091047302 2.42585693815 2.45080340328 2.49303003109 2.54322283879 2.59341564649 2.63292452525 2.6475408694 2.64216843583 2.63146118194 2.61971175238 2.60086759454 2.58229756083 2.60237344321 2.61404757616 2.62571700691 2.6332626192 2.62257424759 2.65141859063 2.68026293367 2.71636954825 2.77103953521 2.77172909031 2.75121512542 2.74856079055 2.74590645568 2.78183391385 2.82289928546 2.86396465707
-999.999 -999.999 2.12732742281 2.35526232587 2.5483059806 2.58159399419 2.26121310945 2.25697764884 2.32704216512 2.3971066814 2.43879765019 2.43559820476 2.43239875934 2.43052686122 2.42875638034 2.38153825319 2.31871320793 2.28331391133 2.25342483927 2.23953854577 2.27761636901 2.31569419226 2.35154213496 2.37648860009 2.40143506522 2.42638153035 2.45132799548 2.49189237873 2.54208518643 2.57977967463 2.59439601878 2.60901236293 2.62056180529 2.61047123037 2.59498410337 2.57308754744 2.55119099152 2.55900153045 2.57134923506 2.58301866581 2.59468809657 2.60476212683 2.61230132997 2.64327384446 2.69019236847 2.73711089248 2.75646118731 2.76040324022 2.76434529314 2.76271686642 2.78876161022 2.8358618494 2.87692722101
-999.999 -999.999 2.16442077047 2.35746442519 2.55050807991 2.66328863613 2.62232299584 2.54190931423 2.42953209816 2.36841130066 2.42692714521 2.4241810458 2.42241056492 2.42064008404 2.41886960316 2.35721825654 2.32146687104 2.28932751285 2.26030100621 2.23240868403 2.24783794333 2.28591576657 2.32399358981 2.36207141305 2.4001492363 2.42690612255 2.45185258768 2.49075472637 2.526634824 2.54125116815 2.55586751231 2.57048385646 2.58510020061 2.5891006122 2.56720405627 2.54530750034 2.52341094442 2.51562961769 2.52865089397 2.54032032472 2.55198975547 2.56365918622 2.57532861697 2.6189285012 2.66941517242 2.70751355404 2.73961710067 2.75371697806 2.76701198759 2.7770822826 2.79284831411 2.83515497245 2.88183562841
-999.999 1.97357921506 2.19499365883 2.4275578466 2.5461753089 2.5533657927 2.56055627651 2.54296065711 2.4964163923 2.4498721275 2.40332786269 2.34601107256 2.41252378775 2.41075330687 2.39572330516 2.35961983074 2.32748047256 2.29534111438 2.26717717315 2.23928485097 2.21805951765 2.25613734089 2.29421516413 2.33229298737 2.37037081061 2.40844863385 2.44652645709 2.47278218386 2.48443495637 2.49608772889 2.5077405014 2.51939327392 2.52031200312 2.53748898526 2.56154668241 2.5197626418 2.49563089731 2.47373434139 2.48595255288 2.49762198363 2.51937657784 2.54754202471 2.57635590695 2.59678884049 2.63368256727 2.67057629405 2.70914957403 2.73049128411 2.74378629364 2.75708130316 2.70598634208 2.71695251897 2.83741111778
-999.999 2.07243107061 2.30499525839 2.42906198167 2.43625246547 2.44344294928 2.45063343308 2.45782391688 2.46359831837 2.41705405356 2.37050978876 2.27086593878 2.12506435976 2.22592673 2.39777279045 2.36563343227 2.33349407408 2.30194566228 2.27405334009 2.24616101791 2.21826869572 2.22635891521 2.26443673845 2.30251456169 2.34059238493 2.37867020817 2.41674803141 2.41003073068 2.42168350319 2.43333627571 2.43634076207 2.42671801763 2.40414616271 2.45602646756 2.50790677241 2.52823382938 2.52258379272 2.4759848257 2.47108342848 2.50006137543 2.52903932239 2.55801726934 2.58699521629 2.60576074367 2.61006941794 2.63363903406 2.67113461065 2.70726559016 2.72056059969 2.68843373293 2.61704122107 2.6736556063 2.79947190629
-999.999 2.18243267017 2.31194865444 2.31913913824 2.32632962205 2.33352010585 2.34071058965 2.34790107346 2.35509155726 2.36228204107 2.33769171483 2.27179419267 2.1365403246 2.15371101668 2.35806387226 2.37164703379 2.33950767561 2.30882182921 2.28092950703 2.25303718484 2.22514486266 2.19725254048 2.23465831276 2.272736136 2.31081395925 2.34889178249 2.40994904186 2.39027756907 2.35136042061 2.34771901375 2.33312403215 2.27574584535 2.322683645 2.37456394985 2.4264442547 2.47832455955 2.5001598653 2.50963447139 2.47634030693 2.47780567022 2.53785748162 2.56865657868 2.59763452564 2.61650612138 2.62081479565 2.62512346992 2.63359550084 2.67498276967 2.67088112379 2.6274111928 2.58715132886 2.66262843087 2.76153269481
-999.999 2.22366899392 2.22339193248 2.22311487104 2.2228378096 2.22359726242 2.23078774623 2.23797823003 2.24516871384 2.25235919764 2.25954968145 2.25832937609 2.19017044897 2.14650565047 2.28940096793 2.37766063532 2.34552127713 2.31569799615 2.28780567397 2.25991335178 2.2320210296 2.20412870741 2.20487988708 2.24295771032 2.28103553356 2.3191133568 2.40634502917 2.37371617705 2.25909726543 2.23953004666 2.18215185986 2.18934082244 2.24122112729 2.29310143214 2.34837999113 2.41102681012 2.49904609539 2.53322536365 2.50384172801 2.49410171341 2.48436169881 2.54223392682 2.60228573822 2.62725149909 2.63510892856 2.64419464364 2.64401612397 2.62561036394 2.64804015009 2.60778028615 2.60660687876 2.71121576247 2.74333515424
-999.999 -999.999 2.28640127715 2.28612421571 2.28584715427 2.28557009284 2.2852930314 2.28501596996 2.28473890852 2.28446184708 2.28418478564 2.29894987689 2.29102365322 2.20013577483 2.21718525462 2.38367423684 2.35153487866 2.32257416309 2.29468184091 2.26678951872 2.23889719654 2.21100487435 2.18311255217 2.21317928464 2.25125710788 2.30917039365 2.40274101648 2.33636192699 2.18518493422 2.08855787438 2.05599799989 2.10787830474 2.16600799181 2.22865481081 2.2913016298 2.3539484488 2.44044659702 2.54058123902 2.5313431491 2.5216031345 2.51186311989 2.50212310529 2.54595544281 2.59705463364 2.64815382447 2.67168978197 2.63796088939 2.59790850326 2.61879094233 2.5881493795 2.63347371761 2.74704940861 2.79192248584
-999.999 -999.999 2.21883094779 2.34913356039 2.34885649895 2.34857943751 2.34830237607 2.34802531463 2.34774825319 2.34747119175 2.34719413031 2.43498138194 2.51360088976 2.37116891647 2.22873694317 2.33164337614 2.35754848018 2.32945033003 2.30155800785 2.27366568566 2.24577336348 2.21788104129 2.18998871911 2.18340085895 2.2214786822 2.30556638096 2.3991370038 2.27807508996 2.1142809331 1.95048677624 1.98363599249 2.04628281149 2.10892963048 2.17157644948 2.23422326847 2.29687008747 2.38184709866 2.49878009448 2.55884457019 2.54802711046 2.52490613189 2.50178515332 2.50194277597 2.52621298654 2.57641411547 2.62783528801 2.61343955095 2.58458759082 2.57586506145 2.56851847285 2.66034055646 2.77391624747 2.84050981744
-999.999 -999.999 2.1238612485 2.29309763172 2.41186584363 2.41158878219 2.41131172075 2.41103465931 2.41075759787 2.41048053643 2.41259531542 2.57101288699 2.72943045857 2.593746153 2.45975182122 2.35705627315 2.36421881916 2.33632649697 2.30843417479 2.2805418526 2.25264953042 2.22475720823 2.19686488605 2.16897256386 2.20839174544 2.28828039652 2.3610875925 2.40329332314 2.43022745228 2.28960066487 2.15817739961 2.20682140515 2.25546541069 2.30410941623 2.35275342177 2.31025706694 2.32239548108 2.43926824696 2.50186702923 2.51961581456 2.496494836 2.47337385743 2.48357885479 2.50684138767 2.53127162709 2.55580667764 2.58891821252 2.57126667837 2.56254414901 2.57326214011 2.68720739531 2.80078308632 2.88909714904
-999.999 -999.999 -999.999 2.19812793243 2.36736431565 2.47459812687 2.47432106543 2.47404400399 2.47376694255 2.47348988111 2.54862682047 2.70704439205 2.86546196362 2.81632338954 2.70343190053 2.53083344007 2.33575529138 2.30483751814 2.2774763272 2.25011513627 2.22275394533 2.19539275439 2.16803156346 2.14067037252 2.1727301188 2.24553731477 2.31834451074 2.36895950756 2.3958936367 2.42282776584 2.44976189498 2.39628897201 2.4196138703 2.36388016273 2.30814645517 2.26611743586 2.26246362777 2.34152495651 2.39066001717 2.43979507783 2.4680835401 2.44496256153 2.46521493361 2.48847746649 2.5117952171 2.53633026765 2.55413590644 2.54208598551 2.53701403646 2.5568980423 2.69346051478 2.81182175502 2.84488100181
-999.999 -999.999 -999.999 2.10315823314 2.27239461636 2.44163099957 2.5373304101 2.53705334866 2.53677628722 2.53649922578 2.68465832552 2.8430758971 3.00149346867 3.03161503617 2.70535415251 2.37909326885 2.28975374014 2.24866128234 2.22037933334 2.1930181424 2.16565695147 2.13829576053 2.11093456959 2.07318767324 2.12763385952 2.20279423302 2.27560142899 2.33462569198 2.36155982112 2.38849395026 2.4154280794 2.39238119132 2.33544643046 2.3060358434 2.25030213583 2.23531267163 2.23824598106 2.26351460389 2.30416908316 2.34482356242 2.38547804169 2.42358847955 2.44685101243 2.47011354531 2.4933760782 2.51685385766 2.52098321847 2.51940310834 2.51782299821 2.53512920303 2.69529764921 2.81365888945 2.75644209457
-999.999 -999.999 -999.999 -999.999 2.17742491707 2.34666130029 2.5158976835 2.60006269334 2.5997856319 2.662272259 2.82068983057 2.97788725741 3.11308565768 2.87987486495 2.55361398129 2.28484464669 2.2437521889 2.2026597311 2.16328233948 2.13592114854 2.10855995761 2.08119876667 2.05383757573 2.00209559712 2.08125302469 2.16005115126 2.23285834724 2.3002918764 2.32722600554 2.35416013468 2.38109426382 2.30189500665 2.20846316356 2.15225129985 2.18318626117 2.23257572495 2.23599631217 2.25747249783 2.27894868348 2.31601743433 2.3566719136 2.38618164316 2.41235826141 2.43751632819 2.46267439496 2.48984599448 2.50179218021 2.50021207008 2.49863195995 2.51336036375 2.67515017956 2.7691620698 2.66800318732
-999.999 -999.999 -999.999 -999.999 2.08245521778 2.251691601 2.42092798422 2.59016436743 2.66279497658 2.79688377122 2.9320821715 3.06728057177 3.19196527515 2.72813469373 2.40187381007 2.23884309545 2.19775063766 2.15665817986 2.11556572207 2.07882415468 2.05146296374 2.02410177281 1.98226177285 1.95571476229 2.03487218987 2.11402961744 2.19011526548 2.26292246146 2.29289218996 2.3198263191 2.30484066507 2.21140882198 2.11797697889 2.04357527623 2.08779230936 2.18000014786 2.23436105145 2.25583723711 2.27731342277 2.29878960842 2.32210707666 2.34919466961 2.37628226256 2.40292058782 2.43040757482 2.45789456183 2.47657430396 2.47934518576 2.47944092169 2.49159152448 2.65290081502 2.62919657206 2.62895572996
-999.999 -999.999 -999.999 -999.999 1.98748551849 2.16732122712 2.35400101289 2.51367462851 2.62038552414 2.83357604369 3.02147548586 3.15667388614 3.05675501385 2.57639452251 2.25013363885 2.19284154421 2.15174908642 2.11065662862 2.06956417083 2.02847171304 1.99436596988 1.96302103028 1.91057661502 1.90933392747 1.98849135504 2.06764878261 2.14680621019 2.2201793797 2.25855837439 2.28549250353 2.2143544804 2.12092263731 2.05784301267 2.01669375175 1.97554449083 2.06002284046 2.13476368158 2.20753657319 2.23837154802 2.25620815463 2.29882525962 2.33030698899 2.36241517273 2.39421469575 2.39845614218 2.42594312918 2.45131861452 2.45408949632 2.45686037813 2.46982268521 2.5706977348 2.55906005237 2.57903154612
-999.999 -999.999 -999.999 -999.999 -999.999 2.12660506977 2.23331596541 2.34002686104 2.44673775668 2.63686223979 2.85139345817 3.07280812376 2.92154475254 2.42864883572 2.18793245076 2.14683999297 2.10574753517 2.06465507738 2.02356261959 1.98247016179 1.941377704 1.89133587245 1.83889145719 1.86295309264 1.94211052021 2.02126794779 2.10042537536 2.17743629795 2.22422455881 2.21730013882 2.12386829573 2.0721107491 2.03096148818 1.98981222726 1.95888401264 1.98104497253 2.04642948388 2.11181399522 2.17719850656 2.23162576065 2.28436383632 2.31821968733 2.34932841561 2.38143659935 2.39844317147 2.39399169654 2.42147868354 2.42883380688 2.43366238764 2.47115649653 2.48916437478 2.50913586853 2.52910736228
-999.999 -999.999 -999.999 -999.999 -999.999 2.09119417373 2.11211748794 2.16637909358 2.27308998921 2.44014843589 2.66593835568 2.96321129519 2.79221970234 2.29343857441 2.14193089952 2.10083844173 2.10314452401 2.11536706028 2.12758959654 2.01794299473 1.98009077195 2.8423091224 2.68928958881 2.45651044095 2.22373129308 1.99095214522 2.05404454053 2.13320196811 2.18989074323 2.12752774645 2.08637848553 2.05208264155 2.02420730179 1.99633196202 1.96845662226 1.9904222193 2.05580673065 2.12119124199 2.18657575334 2.19558887081 2.26766490421 2.30980781996 2.33912796577 2.36844811157 2.40045802597 2.40267164719 2.39616417348 2.40967978589 2.43856812988 2.46672038662 2.49487264337 2.49251032105 2.48847425372
-999.999 -999.999 -999.999 -999.999 -999.999 -999.999 2.09643638281 2.11735969702 2.13828301123 2.25906858759 2.55634152711 2.85361446662 2.77492318939 2.45376063266 2.29655489142 2.30877742768 2.32099996394 2.28559408658 2.04396156341 1.80232904024 2.32104412189 2.47866035707 2.42927748665 2.37989461624 2.33051174583 2.28112887541 2.231746005 2.18236313458 2.14528127046 2.1174059307 2.08953059093 2.06165525117 2.03377991141 2.00590457164 1.98111319007 2.00821596598 2.06518397742 2.13056848877 2.19244165832 2.15072944783 2.24909935622 2.30139595259 2.33071609839 2.3600362442 2.38935639 2.41340759661 2.3546000992 2.38950931132 2.43214005272 2.46083564901 2.48898790576 2.5013803095 2.49734424217
-999.999 -999.999 -999.999 -999.999 -999.999 -999.999 2.08075527768 2.10265621185 2.15200947953 2.24542005813 2.54775263059 2.80923128372 2.73841601926 2.72820712891 2.5446645829 2.52663286761 2.31161265526 2.06998013209 1.82834760892 1.80035162037 2.16439446215 2.11501159174 2.06562872132 2.01624585091 2.00597925342 2.03411070388 2.06224215434 2.08908469249 2.1525439674 2.11428076839 2.09910320055 2.07122786079 2.04335252103 2.01547718126 2.00232954126 2.02943231717 2.07456122419 2.13994573554 2.16547323337 2.1106765445 2.20423993323 2.28700511564 2.32230423102 2.35162437682 2.38094452263 2.31903264764 2.31125548443 2.35388622583 2.39651696724 2.43914770864 2.48177845004 2.51025029795 2.4800332128
-999.999 -999.999 -999.999 -999.999 -999.999 -999.999 -999.999 2.14262435332 2.191977621 2.24348398171 2.54581655417 2.59518243562 2.51417646404 2.50396757369 2.50183560221 2.34671583353 2.09810819528 1.8543661776 1.64423432066 1.85012856723 1.85621823807 1.88434968854 1.912481139 1.94061258946 1.96874403992 1.99687549038 2.02500694084 2.05923200661 2.13842000298 2.08344354946 2.07874490991 2.07760824313 2.05292513065 2.02504979088 2.02354589245 2.05064866837 2.08393847097 2.14932298231 2.13850480841 2.08370811955 2.15938051025 2.25775041864 2.31389236365 2.34321250945 2.29070870706 2.25361277875 2.25605286589 2.29986355588 2.34367424588 2.38748493588 2.43129562588 2.47510631587 2.49530954945
-999.999 -999.999 -999.999 -999.999 -999.999 -999.999 -999.999 -999.999 2.23194576247 2.28129903015 2.52081147157 2.38113358752 2.28993690882 2.27972801847 2.40416716317 2.15555952492 1.90695188666 1.65834424841 1.61105676691 1.76162040049 1.81898302457 1.84711447503 1.87524592549 1.90337737595 1.93150882641 1.95964027687 1.97454791596 2.04510804219 2.12429603857 2.20348403494 2.0443457182 2.04320905142 2.04207238465 2.0346224005 2.04476224364 2.07186501956 2.09896779547 2.15870022908 2.11153638346 2.05673969459 2.11452108726 2.21289099565 2.30548049628 2.2824110285 2.2476959707 2.23067943779 2.22576698393 2.23443200701 2.27824269701 2.32205338701 2.36586407701 2.39766572515 2.41460269122
