Examples/results/velocity/asciifiles/KR2_140512_123000.JPG_interpmap.txt
ncols 141
nrows 253
xllcorner 447190.0
yllcorner 8756220.0
cellsize 10.0
NODATA_value -999.999
[rows 24 to 47 of 253, columns 53 to 105 of 141]
-999.999 -999.999 -999.999 -999.999 -999.999 -999.999 1.66059967586 1.48575194025 1.32225234403 1.24953354382 1.42585665723 1.45417329762 1.4974204382 1.44991647254 1.38303375359 1.2718578807 1.33137124401 1.40518872449 1.46200017597 1.46316919563 1.45646594342 1.48831792241 1.4977924604 1.48808369874 1.47837493707 1.38820415814 1.29663592187 1.38729304954 1.3839517669 1.42195158952 1.29076751999 1.28627207002 1.33701451843 1.34253229828 1.26596345371 1.18168912788 1.04649413882 1.11111078829 1.0832277084 1.07162023994 1.11442649987 1.17559438 1.15987912054 1.22512044391 1.15495867292 1.1743901076 1.97201025421 2.09593112611 1.69901076203 1.2774267041 1.26584794945 1.19766650528 1.09173895727
-999.999 -999.999 -999.999 -999.999 -999.999 -999.999 1.68348082665 1.43393034169 1.28296257592 1.2609281765 1.46220001437 1.44374234506 1.6683358146 1.91335358165 1.80354211369 1.49423127181 1.39370348881 1.40682861422 1.45731146235 1.46853926089 1.41190538223 1.39374120954 1.392150483 1.33894275854 1.27464180682 1.20814552634 1.26446506804 1.26217441272 1.26882163216 1.31872839747 1.33956745648 1.32130593709 1.36845014931 1.30453961355 1.22079326971 1.13704692587 1.06072748055 1.0894649199 1.20075347911 1.12009031733 1.09103839818 1.02907381596 1.02257690243 1.09230613925 1.13000696359 1.26216245473 2.03313600213 2.13733809343 1.63025152305 1.12903999836 1.11746124371 1.08247511187 1.01153102009
-999.999 -999.999 -999.999 -999.999 -999.999 -999.999 1.6316592281 1.40704174699 1.25568006505 1.27232280917 1.49953252993 1.60344132353 1.73569877079 1.65130513699 1.57764107409 1.70831097547 1.4986568808 1.42486944789 1.43566079065 1.37247473887 1.32049965282 1.35763829632 1.34630370584 1.30917079232 1.2720378788 1.23245496423 1.15069338424 1.16184640238 1.16985080583 1.23948086203 1.30911091823 1.32325533468 1.32598165131 1.23147029012 1.16030110081 1.10410452322 1.04790794563 1.03777513104 1.17328919397 1.17444503377 1.05412339204 1.00204827688 1.0571564408 1.07064570841 1.13446475278 1.22316584405 1.23141178343 1.35346501182 1.42030533576 1.05235452839 0.965130781121 1.00573637147 0.973091250874
-999.999 -999.999 -999.999 -999.999 -999.999 1.63835389161 1.57983762954 1.39012883199 1.26707469772 1.28371744185 1.51721346415 1.61111642959 1.63821736757 1.45492394782 1.49515623463 1.56881748279 1.57822750291 1.48785847697 1.40945752661 1.39537429161 1.39122840247 1.41078435269 1.41586691847 1.42036763163 1.3848031931 1.33990570832 1.25814412832 1.14953129425 1.15842591427 1.14694400172 1.18803742244 1.24911770936 1.29210382403 1.24292159429 1.17721982349 1.11151805268 1.04581628188 1.03791321908 1.1595710676 1.20995053962 1.0711681158 1.29053788643 1.27379299051 1.25704809458 1.22821410861 1.1636640465 1.12392546315 1.17119657626 1.03275202216 0.894630112897 0.961531553063 1.07250751996 0.982888591289
-999.999 -999.999 -999.999 -999.999 -999.999 1.66323253663 1.52801603099 1.358604864 1.2784693304 1.29511207452 1.53514880043 1.6556685983 1.62146916742 1.46238337716 1.46234822867 1.49445054196 1.53717527059 1.58442444478 1.51480827267 1.48467384367 1.47267108809 1.46393040906 1.46913021678 1.47363092994 1.4781316431 1.43108168796 1.2522905764 1.19880832446 1.25700493767 1.31429395833 1.33463905527 1.13703401381 1.18492231261 1.26563136631 1.19443716551 1.12489001913 1.06021695944 1.112725103 1.19180996127 1.23376923169 1.22777520645 1.32191576427 1.27938958572 1.2281712138 1.35138365944 1.2865545159 1.04383632115 1.18207904187 1.06844523134 1.00126551421 1.12272247185 1.13109830013 1.01890324228
-999.999 -999.999 -999.999 -999.999 -999.999 1.68811118165 1.47619443244 1.3193150959 1.28986396307 1.3065067072 1.61411170102 1.55543982899 1.58630926365 1.48716622349 1.40997186078 1.4526965894 1.49542131802 1.50078509114 1.61008245045 1.57245071994 1.56092657252 1.48312223767 1.45470639408 1.46284790649 1.46871886184 1.36152313928 1.38167451996 1.52186876383 1.37992271274 1.26550624406 1.23025259736 1.16556316135 1.22185877943 1.21240443576 1.20716111338 1.14245116793 1.07774122248 1.08654219968 1.10749796552 1.12845373137 1.2508136745 1.28919692599 1.23441285729 1.15587229121 1.31823307147 1.15728685238 1.04452839258 1.13528550052 1.15161959666 1.15851170135 1.28206036703 1.13311514124 0.984169915454
-999.999 -999.999 -999.999 -999.999 -999.999 1.67392331884 1.43787310717 1.28461585163 1.30125859575 1.31790133987 1.69428857103 1.48327211089 1.5358942555 1.48823579095 1.45234633463 1.41094263684 1.45366736546 1.46153188032 1.46259589019 1.63574045612 1.60225234789 1.48815050559 1.4179656813 1.43814426633 1.38596597639 1.32879214862 1.3741242544 1.60677118568 1.23491179884 1.20827942757 1.21797871936 1.04494889996 0.999558758554 1.14861003246 1.18131362384 1.15279253311 1.0958737613 1.76000929041 1.88463248762 1.45699349092 1.25002648667 1.24065450077 1.15998701273 1.09448784566 1.16163706514 1.0894507348 1.16869419477 1.24568674672 1.25098597825 1.16266704125 1.18711959677 1.07009381325 0.953068029728
-999.999 -999.999 -999.999 -999.999 1.64098675237 1.62210172029 1.42096019218 1.2960104843 1.31265322842 1.32929597255 1.70991753113 1.50627815705 1.54011253361 1.54029461313 1.49657208868 1.42146507347 1.4119134129 1.4222786695 1.42334267937 1.44899586913 1.61086203389 1.49572292191 1.43692133748 1.57672949426 1.43410437015 1.41101949032 1.36899603258 1.50862210338 1.6088211034 1.42827649332 1.22517399362 0.991934130242 0.983225746946 1.09250192447 1.13892006254 1.11039897182 1.0995239438 1.24334174162 1.99177873687 1.62487265801 1.24261111612 1.1611231083 1.08556116817 1.03323051606 1.00261412493 1.1310315589 1.24734755952 1.28953007138 1.23412309875 1.1174465146 0.982249166375 0.942829925117 0.93447377896
-999.999 -999.999 -999.999 -999.999 1.66586539739 1.57028012173 1.39495738397 1.30740511698 1.3240478611 1.34069060522 1.72554649123 1.53475486154 1.56361087214 1.57155821282 1.51572734076 1.4540455647 1.39058381231 1.3846515978 1.39233397698 1.51812705996 1.63318815597 1.60234113022 1.65045774438 1.69185854454 1.46837300788 1.3838958067 1.25900534958 1.23729616617 1.37095715899 1.36199368143 1.14703699331 1.09096943684 1.05339669549 1.1163947473 1.17616516676 1.17620518797 1.13954500502 1.02810043862 1.14186488076 1.11103669916 1.10283470607 1.07650611973 1.03306037686 0.97031696138 0.971359224748 1.10041419307 1.15850833712 1.18379845552 1.18465114771 1.26915793797 1.17958684399 1.00419610984 0.994914608963
-999.999 -999.999 -999.999 -999.999 1.69074404241 1.51845852318 1.35566761587 1.31879974965 1.33544249378 1.3520852379 1.73722337964 1.56821584621 1.59968782855 1.58723291739 1.52514357157 1.46346179551 1.3629788827 1.53195977173 1.63671089537 1.63522755834 1.62383144114 1.56292533487 1.64675463994 1.63451076954 1.40706420988 1.31133049035 1.22792948012 1.18039450175 1.25384520114 1.2698153531 1.27112973581 1.25108583523 1.23802863706 1.17049208667 1.16763068656 1.2108517753 1.16462405135 1.08552763995 1.10762285713 1.13263497688 1.17884964281 1.13783219965 1.0150421465 1.02697240488 1.08589172636 1.18660139923 1.14580766158 1.11656556889 1.08909857026 1.32873126946 1.38688905161 1.1954973861 1.06720825868
-999.999 -999.999 -999.999 -999.999 1.71562268743 1.46870446735 1.31637784777 1.33019438233 1.34683712645 1.40036731472 1.65804380296 1.63524957366 1.63576478495 1.59676189545 1.53465186564 1.45926517727 1.28728702785 1.45389284698 1.76708309639 1.82350810237 1.49072158448 1.56247869523 1.59655161635 1.56861953453 1.41390063048 1.50712845627 1.21911187179 1.26630558578 1.2919523583 1.22995196787 1.16687924051 1.26909738087 1.27553597857 1.16935295171 1.14331478182 1.20286705637 1.20940033638 1.23149555355 1.25359077073 1.27568598791 1.19503632303 1.09324539529 1.05916018296 1.06771989657 1.14177967922 1.3617490988 1.29152738178 1.22130566477 1.23912515574 1.08429492502 1.44972411439 1.3207203684 1.1917166224
-999.999 -999.999 -999.999 1.64361961314 1.66436581103 1.45179155236 1.32494627088 1.341589015 1.35823175913 1.47821462925 1.64901477639 1.67239152824 1.66466900559 1.60481102672 1.54236722417 1.39906700168 1.24355855256 1.42837857962 1.71760646526 1.97152998278 1.50426314319 1.62738312068 1.62261282707 1.57416644378 1.46872485365 1.3647752227 1.34178447852 1.33316301731 1.31511979771 1.25847273088 1.15019600723 1.17766469637 1.2009114143 1.25560645796 1.18341157097 1.34129531573 1.22711520339 1.17609874615 1.18575459361 1.11445278824 1.04013471805 1.06806647105 1.05365899135 1.03660910235 1.04372847021 1.12223657271 1.60918582983 1.53896411281 1.41987157266 1.16334773375 1.22483511007 1.51837153213 1.38909154307
-999.999 -999.999 -999.999 1.66849825816 1.61254421248 1.43130990395 1.33634090356 1.35298364768 1.3696263918 1.51778879633 1.62270325126 1.58552642546 1.63528299383 1.60666669243 1.53453565195 1.40131403434 1.2955083158 1.54412855804 1.81396454567 1.86986759334 1.47195747984 1.53556780565 1.61151161336 1.57895440461 1.4988859703 1.43745496873 1.46576816175 1.38594394317 1.3077859357 1.27943405811 1.2341103311 1.21626624874 1.38000937639 1.49705306345 1.49339243305 1.56794216597 1.34282861589 1.11771506582 1.08629545671 1.00542268776 1.05925699844 1.06793621553 0.998007947635 0.994118555647 1.02886851741 1.11463761856 1.51237737221 1.70728001855 1.44532061376 1.16479274081 0.93989935625 1.0692803169 1.51875875985
-999.999 -999.999 -999.999 1.69337690318 1.56072261392 1.39202013585 1.34773553623 1.36437828035 1.38102102448 1.54450576569 1.59476214038 1.52646448538 1.50597420745 1.51759833764 1.51801653415 1.43425668825 1.39004254883 1.5981120597 1.73147532398 1.75567898505 1.49968047486 1.46210138951 1.51608037462 1.58042029804 1.52514362414 1.56213691807 1.56578191642 1.46047298331 1.31263589743 1.26776867804 1.25406606551 1.3614223952 1.70466763755 1.80825488126 1.7569253938 1.63521446797 1.41581707613 1.17911444847 1.07612201729 1.07166850724 1.09299801897 1.06780596002 0.972040080011 0.975101841172 1.11292799757 1.21921293913 1.29547483834 1.04697093425 0.83911860005 0.910965897921 0.985021543657 1.04615208011 1.10995204099
-999.999 -999.999 -999.999 1.7182555482 1.50890101537 1.35273036774 1.35913016891 1.37577291303 1.39241565715 1.57122273506 1.5668210295 1.46552187321 1.42354024361 1.47924884808 1.46974479015 1.43988201266 1.42021683486 1.51290197431 1.59098619748 1.610745137 1.54225093017 1.51280673399 1.485260597 1.54314428708 1.54728408103 1.53416582052 1.43248032787 1.3570515716 1.36641999899 1.27577000517 1.32831107184 1.30352089617 1.76884334651 1.65602331979 1.52375172267 1.46764115568 1.38964794056 1.21651276749 1.18133275944 1.1461527514 1.13869683205 1.08014495374 0.985370306174 0.965892303647 0.916035718428 0.866179133208 0.93909474265 0.831950785097 0.84052250329 0.955335679911 1.17515498089 1.17674079915 1.12916324319
-999.999 -999.999 1.6462524739 1.70662990177 1.48262291254 1.35388205746 1.37052480158 1.3871675457 1.40381028983 1.58581637466 1.50649422305 1.4161550506 1.36301291287 1.44089935852 1.42895978871 1.42902365219 1.451751414 1.52389449051 1.51924984678 1.55569920804 1.54362245412 1.51490121579 1.47187851738 1.52318722214 1.54443709406 1.51320065114 1.37694451225 1.46705262048 1.35975660244 1.36504561764 1.36038476058 1.30917689791 1.48473385861 1.48971032588 1.21734930224 1.19236963748 1.35828780879 1.3038522023 1.22759106253 1.15132992277 1.02984856037 1.0930511714 1.09574622047 1.07269839193 1.02284180671 0.968600133971 0.90118079674 0.956927411995 0.832594760493 0.816427639151 1.03870858941 1.26008659043 1.21728180361
-999.999 -999.999 1.67113111892 1.65480830322 1.46570999755 1.36527669014 1.38191943426 1.39856217838 1.4152049225 1.49615472599 1.4192722864 1.3423898468 1.32876446303 1.38494250277 1.40173622786 1.20827622154 1.52778789531 1.59491532573 1.5329870438 1.5579575766 1.46164988756 1.48644149296 1.48818827721 1.47373895299 1.47233830135 1.35932179613 1.38331816723 1.54088353235 1.55327726602 1.47223792789 1.34800332679 1.3071959752 1.31261611713 1.30337863402 1.26397472023 1.21925042548 1.31696566993 1.24528128962 1.17325328642 1.09699214666 1.05918103322 1.04749876538 1.21522976416 1.16093991356 1.09053249196 1.12270439038 1.19136136952 1.19768985815 1.36979293745 1.0521882454 1.0798120831 1.27836792984 1.31094075441
-999.999 -999.999 1.69600976394 1.60298670466 1.42837265582 1.37667132281 1.39331406693 1.40995681106 1.42659955518 1.43195912185 1.38739535075 1.34546536869 1.35788781902 1.30826552272 1.45279003525 1.29453696125 1.08550771389 1.33555187981 1.54036843231 1.49431699664 1.4695200822 1.50159277108 1.50714409943 1.42697667298 1.27216348397 1.18069496365 1.37458334148 1.61230198065 1.50610059936 1.37866269619 1.32351628528 1.40954396096 1.36335432334 1.30936994208 1.27582950979 1.251421865 1.25137589139 1.17969151108 1.14365072137 1.12061932466 0.964832947308 0.870235524774 1.14577144874 1.33253551931 1.41267669354 1.49281786776 1.50703025488 1.51335874351 1.53800378559 1.12638274238 1.1799252495 1.35700794022 1.4879571016
-999.999 1.62400668965 1.72088840896 1.55116510611 1.38908288772 1.38806595549 1.40470869961 1.42135144373 1.43799418785 1.42995748157 1.39707178903 1.38663981625 1.30157218297 1.21329490699 1.21023640642 1.26085919702 1.31148198762 1.47376010583 1.64497126073 1.43043708666 1.43708056807 1.45950467751 1.52305915923 1.47115297238 1.39276549652 1.33961580988 1.40762998887 1.50688424146 1.3454810891 1.30475792362 1.29242657628 1.53754264952 1.52767331377 1.37114692806 1.38581476846 1.3458641914 1.24553081177 1.20985440621 1.22198572568 1.21933226216 0.997931046139 0.983732036703 1.23322069718 1.50152725024 1.76959773746 1.81637065161 1.67925668727 1.53572427305 1.57474061428 1.47362172883 1.17427160143 1.32030783631 1.41828889696
-999.999 1.64888533467 1.74576705398 1.51345427273 1.38281784404 1.39946058816 1.41610333228 1.43274607641 1.44938882053 1.42082077232 1.40628155964 1.34064755427 1.27508469202 1.20952182977 1.34432232213 1.33739552261 1.34459045132 1.42285929656 1.53968598417 1.38715616509 1.47329373064 1.50599181532 1.51355351031 1.62554303041 1.63230205181 1.61755424269 1.61483900429 1.40710058151 1.33115213088 1.28586627452 1.31914632634 1.50053104023 1.43606446798 1.41376069325 1.47100531155 1.4796594015 1.31609014189 1.14139219911 1.15352351858 1.12007993379 1.04063166805 1.16119544664 1.22701760012 1.39419895461 1.56048903264 1.33474301206 1.12280595166 1.2610233631 1.4639749613 1.61104826101 1.34708745761 1.25893815003 1.26254572746
-999.999 1.67376397969 1.69707239396 1.49654135773 1.39421247671 1.41085522084 1.42749796496 1.44414070908 1.45736938909 1.41790472627 1.40427286415 1.35142409348 1.28586123123 1.30412070776 1.33486632214 1.36153544778 1.36563648527 1.30078892025 1.3376109669 1.3054660471 1.40913775813 1.46083082109 1.65322848101 1.84923268514 1.89820791391 1.87225855731 1.83831959098 1.66636071834 1.32035281949 1.27615981616 1.35929403179 1.50810448252 1.3483077246 1.4504453268 1.4979464275 1.5675482191 1.39131867456 1.20135233033 1.06980551066 1.0394316103 1.10655433193 1.24498432191 1.22994898301 1.11234371607 1.20500844479 1.02378638351 1.07387665057 1.18296307352 1.27271863792 1.30964600503 1.34657337214 1.12599713428 1.10680255797
-999.999 1.69864262471 1.64525079541 1.46472517579 1.40560710939 1.42224985351 1.43889259763 1.45553534176 1.45445334303 1.41498868021 1.40226416865 1.38842985627 1.29663777044 1.30548144996 1.34014582831 1.37366534113 1.35573653616 1.3206007952 1.36946684103 1.44957921998 1.30257531273 1.42767431918 1.63111911399 1.82664054868 1.92790191259 1.97326786115 2.0186338097 1.98547588488 1.61721013813 1.3747103214 1.48112693755 1.5677189745 1.45196172824 1.42210677094 1.56288615921 1.56768172581 1.48166028417 1.24182799795 1.07015421315 1.01335196238 1.05384802424 1.20381789272 1.10940794299 0.920921654144 0.991743876363 1.14500469823 1.2504980605 1.34600943775 1.22263344325 1.04196909358 1.07786768729 1.05179250965 1.02162542903
1.62663955041 1.72352126973 1.59342919685 1.42543540769 1.41700174206 1.43364448619 1.45028723031 1.46692997443 1.45153729697 1.41207263415 1.40025547316 1.41191371549 1.32816611419 1.30788042705 1.33833549667 1.36879056628 1.39234605688 1.5583867322 1.68881861078 1.39755943886 1.36965229397 1.37503768531 1.55203362162 1.74755505631 1.81991536646 1.86528131502 1.92949260131 2.01952672986 1.78808444788 1.45283433573 1.44829664863 1.57836804815 1.67150313677 1.59212715616 1.5207351912 1.49428179752 1.38109987075 1.19362347849 1.12468424028 1.16269537889 1.18078739184 1.58926940152 1.17215122919 1.06495197626 1.0805485585 1.240460164 1.38417025575 1.37908102437 1.30620319402 1.23332536367 1.18799570692 0.922120216044 0.927151278126
1.65151819543 1.74839991475 1.54428563291 1.41175363062 1.42839637474 1.44503911886 1.46168186298 1.47847225841 1.44862125092 1.4091565881 1.39824677767 1.40990502 1.40069636102 1.37690827639 1.35312019177 1.36391579143 1.37693393291 1.43292748274 1.6485536416 1.53171431106 1.49763989466 1.50680196471 1.50463550027 1.66656287177 1.71338708822 1.81581859755 1.91825010687 1.98585433449 1.82175731978 1.56203280814 1.51973430803 1.62291084406 1.84686405258 1.62662405672 1.5835243858 1.5394356647 1.48336895302 1.58406834553 1.41347033271 1.11297910201 1.08486451966 1.57513122256 1.51631167029 1.13733386191 1.15573052657 1.19725518862 1.23743234252 1.18267983946 1.14048835007 1.1048347998 1.11526782314 1.01736395202 1.03305274695
