Examples/results/velocity/asciifiles/KR2_140509_120000.JPG_interpmap.txt
ncols 224
nrows 356
xllcorner 447110.0
yllcorner 8755190.0
cellsize 10.0
NODATA_value -999.999
[rows 184 to 206 of 356, columns 106 to 158 of 224]
2.27563589025 2.29788670946 2.35380113828 2.41994868237 2.21552976148 2.16353236474 2.16199006091 2.31731839871 2.52304583218 2.94194138295 3.24472768499 2.34087904036 3.23356902856 3.67174841186 3.14039902021 2.78785051183 2.43530200346 2.30792135312 2.19028013107 2.25287219275 2.32078132684 2.39692924229 2.61369108198 2.92738657459 2.7782047919 2.62926265797 2.52653614758 2.55065315107 2.79290129112 3.20471146192 3.20111748066 3.11209491859 2.92633844794 2.73113571907 2.67459798543 3.13656072246 3.60152064443 3.67708888418 3.66610748232 3.55722843953 3.13261662974 2.71628175736 2.4816316483 2.66091714688 2.8987610822 3.05672789233 3.06905657019 3.11650724761 3.15942502923 3.01294947011 2.86548739142 2.71698995506 2.56704545916
2.27154310778 2.32556941977 2.45014328117 2.52859873991 2.21491124909 2.18772262377 2.16053399845 2.30638158796 2.40274840992 2.55913075928 2.89969301688 3.20649994597 3.35153869884 3.60495224841 3.27872675861 2.92354420596 2.57099569758 2.37267725694 2.32119726693 2.35071141167 2.40837680005 2.43724409547 2.60897180582 2.7901591427 2.6959592178 2.5249836491 2.54353969799 2.50434244234 2.49506960579 2.68132676482 3.39873117411 3.20635944637 3.0111567175 2.81595398862 2.64285072935 3.36567770657 3.86288572985 3.79790168106 3.73291763226 3.73146671211 3.51967953093 3.07459329235 2.45022749487 2.4956775965 2.7999651151 3.11464630348 3.14384902725 3.17305175102 3.21674917502 3.14901769787 3.10942041059 3.16178525699 2.60062641734
2.2764230756 2.25182249117 2.41175330309 2.59001365148 2.24274889098 2.19700645506 2.1712269479 2.15113068152 2.18526107898 2.23386959835 2.4732660843 2.81799973266 3.05685041927 3.34895555797 3.43026838945 3.07293562421 2.70246762719 2.3767955339 2.30780158705 2.27420865422 2.32216349915 2.40612088916 2.52092836694 2.76686307661 2.69403881947 2.62016348451 2.56397032034 2.61768347495 2.68676908174 2.50435451838 3.04005142031 2.90312149269 2.76619156506 2.62926163743 2.56952643915 3.00803037691 3.90048552664 3.86010270274 3.81692926946 3.82547492397 3.79911733044 3.28435290979 2.67180910977 2.40278972024 2.6513731734 3.25193027541 3.28113299917 3.30779437757 3.32513874878 3.26829773021 3.60545612328 3.61857550693 3.05741666728
2.24992329243 2.24625556366 2.21352822355 2.34664790182 2.27790024527 2.23664532809 2.17321731586 2.23063205787 2.29463899548 2.31760631632 2.40162675709 2.58918843036 2.72523286596 3.03558741382 3.34594196167 3.03218366429 2.60280534275 2.41515109392 2.27593109532 2.25558098068 2.26940364139 2.37679514746 2.48418665353 2.67738097782 2.89065743054 2.74517166254 2.47422993507 2.72992493971 2.82941623738 2.32738227195 2.68137166651 2.54444173889 2.41866444773 2.42165557682 2.42464670592 2.50842724873 3.65649879987 3.92230372442 3.91093748132 3.8124896871 3.63890174058 3.20844720139 3.01304489365 2.52797244214 2.84809425943 3.28483295176 3.41698058151 3.40134511897 3.37419201839 3.0560438185 3.22370901979 3.47513414649 3.15836437965
2.28201813351 2.26538171604 2.24726648402 2.26141981955 2.30678964492 2.24505476028 2.21011182449 2.20799449062 2.34534554978 2.34693184706 2.35901452195 2.39053662889 2.45707967455 2.64072218549 2.88149753871 2.78547873255 2.64617738342 2.45685668906 2.33175292954 2.32812657396 2.34946366642 2.36910134822 2.42005616763 2.54377211313 2.70262162656 2.65479612118 2.4535852341 2.55164361688 2.71538449464 2.26982249014 2.32269191271 2.2707935854 2.2737847145 2.27677584359 2.46848364893 2.67866420189 3.45499768524 3.92792178811 3.82296264799 3.7030092667 3.47868615073 3.16207187446 3.02335314343 2.83740501258 2.71192451922 3.31053173053 3.45561097876 3.45039838859 3.34627475377 2.99379274377 2.69652360004 2.67672058401 2.46793709588
2.31262258238 2.27361649934 2.25497169999 2.32719250287 2.30590996556 2.2596387591 2.19727647279 2.21110301765 2.27914667924 2.26666915936 2.2951174918 2.36392076209 2.39325749233 2.32497091874 2.4311154045 2.58464245462 2.68231105276 2.54268828502 2.46051594537 2.4229689936 2.44735374668 2.44980141034 2.44440028534 2.38243379898 2.3987386981 2.44344953187 2.51244438964 2.70869082274 2.68546109558 2.36971841786 2.30792920577 2.51160772616 2.71528624654 2.91896476692 3.1226432873 3.28873203583 3.50358178084 3.72317840753 3.69461885098 3.58838866339 3.31847056088 3.24256209759 3.11413188663 2.88203254201 2.80416234592 3.07989270493 3.22482317667 3.36212321668 3.2031601177 2.80382058413 3.19423113426 2.81290037106 2.74071951033
2.29345005325 2.25466777069 2.32753507939 2.33305179089 2.30503028621 2.27700878152 2.21186047162 2.20710505533 2.22808378702 2.21626434337 2.23505428386 2.30315430632 2.37125432878 2.43266359334 2.36914112046 2.38090763382 2.45728277166 2.70815330766 2.62624329244 2.52416307261 2.43047662792 2.40775818114 2.43467600845 2.59530345186 2.74246414492 2.69373318882 2.85294520352 3.02053935214 3.21678578524 3.11502634483 2.61447394413 2.47168118034 2.67535970072 2.87903822111 2.94520198569 3.11957127493 3.29394056417 3.50500763969 3.49000083098 3.48583971876 3.42019911235 3.32633015605 3.53752103528 3.7487119145 3.36897893408 2.84925367934 2.99403537457 3.30649761647 3.02361631328 4.34117883902 3.70412717062 3.28512744281 2.87718433074
2.27313023362 2.31576420681 2.36019361623 2.33217211154 2.30415060685 2.27612910217 2.23904434997 2.19862414677 2.2497947247 2.18862816532 2.18596503577 2.25406505823 2.321234718 2.31251618582 2.30215084632 2.54752928486 2.7585253626 2.86465730067 2.76814505307 2.67163280547 2.557628618 2.41395587332 2.32510329389 2.48573073731 2.6814659583 2.87628260331 3.03247933178 3.19857380874 3.3646682857 3.4309938482 3.09084314524 2.75069244228 2.55922167862 2.60167193555 2.77604122479 2.95041051403 3.13326586377 3.32805943739 3.33301444227 3.32632882057 3.3298030265 3.38194986955 3.57982937577 3.77938813088 3.54228507202 2.88359845378 2.931305079 3.32664925028 4.46301466218 5.67476447489 4.21402320698 3.39785713607 2.71638430815
2.34905482767 2.38733544156 2.35931393687 2.33129243219 2.3032709275 2.27524942281 2.24722791813 2.21703476964 2.29575236566 2.21298244362 2.1453571035 2.20497581014 2.20108731048 2.19690362659 2.22637599976 2.36556578556 2.57857147665 2.83633868457 2.69354255421 2.57280476916 3.04042312201 2.61878985686 2.22941605181 2.53585793012 2.60398877922 2.74776391373 2.88289556747 3.02898102478 3.19507550174 3.10373903424 2.76358833128 2.53203944993 2.45863778145 2.54604375737 2.76855948376 2.9653969705 3.16019054412 3.34147880104 3.327428011 3.24599908842 3.25014482919 3.38245201124 3.57700328348 3.77263315386 3.3424862306 2.91970750322 3.00581335541 3.41903927251 3.30501211121 3.03466433942 3.12075349283 3.23705711348 2.66542796213
2.39482176169 2.38409090087 2.34807545697 2.30991211689 2.28212559269 2.25433906848 2.22655254428 2.24887684139 2.25777600907 2.24026163263 2.17514537267 2.12295070302 2.12407015922 2.13387801164 2.19590279251 2.28481726142 2.35503161871 2.61045592392 2.58486987026 2.46413208522 3.31244877672 3.38338640068 2.74666778034 2.6906741256 2.56169990855 2.61326323153 2.75437687788 2.88950853162 3.02548271779 2.80233351936 2.59879931209 2.41442282547 2.57207332709 2.71232080411 2.6388761301 2.8235872695 3.16100456435 3.3387655162 3.25711199198 3.17519270142 3.18840288068 3.38295415293 3.54887054966 3.67894173737 3.46843155788 3.04565283051 2.9853731014 3.51833573609 3.53147078263 3.32523661383 3.12752049241 2.92980437099 2.70891439007
2.40576890515 2.37925290209 2.35273689903 2.31651003444 2.27374461867 2.2309792029 2.21894557646 2.27806616894 2.28207246737 2.37648989383 2.4359012988 2.24857680605 2.28109929084 2.21643223871 2.21922412428 2.26810592332 2.47194121268 2.36098003103 2.47619718632 2.70687248385 3.58447443143 4.13028639761 2.91382084555 2.88900658872 2.86419233188 2.83937807504 2.86902380168 2.9161962929 2.96336878411 2.89315567884 2.74557817769 2.45988782274 2.59635687926 2.84551930106 2.80515317685 2.73170850283 2.87861505523 3.02561470183 3.14108838559 3.1048766824 3.18890502237 3.29980299361 3.41952277463 3.56664918522 3.40572695096 3.16859005116 2.96493284739 3.4239984284 3.7120651131 3.61580888825 3.37666918395 2.8627296893 2.8461757643
2.40132206479 2.3744149033 2.34789890024 2.32138289719 2.28494461192 2.23717251547 2.23152526494 2.27730293876 2.31349500409 2.50420926024 2.67752047924 2.31166218497 2.24314677497 2.20894185119 2.18522192455 2.23410372359 2.54388515566 2.4963218458 2.38536066415 2.50612001482 2.62462294364 2.74312587246 2.96945623943 3.22029577008 3.27095282387 2.82519245613 3.01094387479 2.96868376794 2.91441389883 3.0447284258 2.97538495306 2.6521412589 2.39175435601 2.87506532606 2.80933810484 2.7893672757 2.79060478328 2.87005908574 2.96046281979 3.06592569692 3.062529765 3.16010381189 3.31366771676 3.46407240401 3.38660571733 3.1223990572 2.92493317899 3.19971532262 3.50614850005 3.73654343416 3.42141791462 2.59846400767 2.78872817071
2.42769936642 2.40476403935 2.3525156527 2.32302315732 2.29353066195 2.20908525705 2.24256926195 2.28421051699 2.38522949702 2.64861679612 2.60617769112 2.37766290184 2.30668479083 2.23570667982 2.17811777332 2.27207965432 2.5860575896 2.63166366057 2.48857569851 2.86963928295 3.59321985 3.71172277882 3.95340845668 3.10392073852 2.78383397129 2.81949189269 3.02110919954 3.05040944199 2.95361363464 3.21378333971 3.2207059658 3.02959480214 2.96574805406 2.80557539181 2.86093566981 2.8857870983 2.88702460588 2.9287926219 3.04976278063 3.09345057718 3.06649726464 3.10540744287 3.2722137553 3.44538428774 3.33831001003 3.0741033499 3.09032777708 3.08804877493 3.33558974331 3.55337918554 3.35548105909 2.45914367258 2.78057196947
2.42287347602 2.44194406224 2.41786582701 2.36013150197 2.29386508679 2.24889611895 2.23234556713 2.30061180519 2.54519282992 2.67742781252 2.51464172973 2.44366361872 2.3726855077 2.28309186157 2.17560044788 2.22492012836 2.62618705814 2.75198303946 2.57653250932 2.86702778867 3.62580645585 3.859548233 2.93688865317 2.74247548646 2.77813340786 2.81379132926 2.9522844144 2.95968423938 3.0601137229 3.44053026659 3.37818545176 3.10765825593 2.76908359892 2.54074503232 2.5642181223 2.60010418724 2.63599025219 3.06170202606 3.08734584028 3.04176655674 3.03629659204 3.06395348141 3.25438967037 3.48216351424 3.29001430274 3.2212059072 3.25572237517 3.25344337302 3.25116437087 3.40748144722 3.20114327145 2.55952389252 2.85821662113
2.4132595497 2.43352589814 2.48577091397 2.45347428604 2.31733076172 2.29064643312 2.25920362323 2.21542697392 2.63422495668 2.49980977441 2.50084083836 2.38860463458 2.27636843079 2.21156892368 2.22053970493 2.24190887819 2.3872153643 2.59219928072 2.51589879519 2.58144138586 2.63156554176 2.68168969765 2.65671631519 2.69716842186 2.73762052853 2.77807263519 2.75291256958 3.1971837002 3.5426617024 3.4722697065 3.09148670859 2.97049610481 2.69998042428 2.38923716836 2.49436055341 2.59948393846 2.69151698199 2.95676136777 3.03332330127 2.98185310673 2.97840381151 3.04283131101 3.29116889687 3.50592525557 3.34509611741 3.38856667849 3.42111697326 3.41883797111 3.27857946168 3.31566391779 3.26296854156 2.82900846083 2.89703221433
2.4031498279 2.45932026939 2.54108342207 2.43749801326 2.36444685383 2.34516686527 2.32588687672 2.30131159429 2.4583881984 2.34037509159 2.29019390733 2.26964500002 2.24753739947 2.25650818072 2.26547896197 2.28487646482 2.32939485516 2.41632975413 2.55524333361 2.65426991398 2.71484466718 2.95249171747 2.94489184093 2.75694758507 2.56900332922 2.5862756467 2.91400856738 2.96360217244 2.81993034801 2.62227028591 2.752720817 2.69950410387 2.83005733761 2.65300603035 2.93911093105 2.78552087082 2.65140512095 2.81003467985 2.94466639473 2.92193965673 2.93087023279 2.97111659289 3.28020150233 3.46898632761 3.51245688869 3.55592744977 3.58651157134 3.45259817763 3.2768528924 3.28314958183 3.71772916139 3.15319200028 2.67651678253
2.37289405159 2.40897580471 2.40297807922 2.39942866319 2.38214996113 2.36542338051 2.43047815515 2.42252309116 2.38026841645 2.35909954961 2.3075399209 2.25737041415 2.29247665651 2.30144743776 2.31041821901 2.32784405145 2.32716688228 2.4033887477 2.6192042188 2.76454021831 3.00487939542 3.09974113714 3.06672627454 2.82507897913 2.58343168371 2.60931918252 2.70774866201 2.70880416564 2.70985966927 2.48205313221 2.6125036633 2.64430813117 2.98034099154 3.10437997121 2.7213687061 2.49748683614 2.62695034711 2.75812982987 2.82098554344 2.86480108058 2.90504744068 2.94529380078 3.16218315472 3.41959988352 3.56263626428 3.70567264505 3.67962510387 3.39526133163 3.27512632312 3.35986136438 4.17248978122 3.47737553972 2.65980111619
2.34872546565 2.32975468554 2.45838066679 2.43247086356 2.45169870024 2.51675347488 2.58180824952 2.56699651037 2.42392831738 2.48771351342 2.43746136516 2.26878942466 2.2548528247 2.24112581073 2.30209899529 2.37233796897 2.46835801349 2.564378058 2.63269430619 2.94460534401 2.53270461228 2.63350382856 2.94144092996 2.69550692149 2.43368167174 2.45189515158 2.45295065521 2.45400615884 2.45506166247 2.4561171661 2.45855892472 2.57060619105 2.61496597119 2.70995427339 2.9168784339 2.59664430157 2.7229149874 2.74491076074 2.72380061964 2.77511365297 2.8261738579 2.87705045446 2.97896732129 3.23754297267 3.38057935343 3.44886376654 3.42350550513 3.49724880381 3.39872773579 3.9211552168 4.59711369866 4.50110335804 4.3005537553
2.3342761117 2.36819828489 2.48163052277 2.56217504194 2.62202960948 2.68188417703 2.73483747625 2.83885337566 2.92723020411 3.01698115235 2.31034857 2.24194736167 2.22812977592 2.28557965446 2.38887278793 2.42182646616 2.39429532797 2.49031537248 2.57797875776 2.4862726976 2.21747989745 2.2643220885 2.57225918991 2.62207881163 2.3504853214 2.35291322303 2.36255105016 2.37218887729 2.38182670441 2.41132078205 2.44996750416 2.31915974313 2.21455166748 2.31552857558 2.85946938127 3.04477324261 2.90374904505 2.88704301515 2.82994818226 2.77285334938 2.73342449073 2.81696860015 2.90236905055 3.05548606182 3.13245480796 3.35017447229 3.56789413661 3.75969214945 3.93066468008 4.13171470923 4.26804207002 4.20767356939 4.15787227954
2.31982675775 2.39991717336 2.46715714011 2.55394824803 2.61380281557 2.64035424824 2.65036196905 2.53486036477 2.62323719322 2.69747900281 2.27431477331 2.38895209179 2.46317139196 2.53739069213 2.49325946871 2.47701651339 2.42883003141 2.41625268697 2.52511088281 2.50328648427 2.34656685442 2.25085288292 2.32662223986 2.51101455126 2.40688841276 2.40102076539 2.40694803965 2.41658586677 2.43605826026 2.78859035645 2.66084272798 2.53003496694 2.39922720591 2.33321425858 2.85212541796 3.31353994068 3.20676495432 3.05621639387 3.04251161061 3.02880682735 3.00911857772 2.95830140447 2.9996667368 2.92862758703 3.11555592846 3.3044225625 3.49022069316 3.67646991055 3.66288023605 3.83169008947 3.93861870068 3.89531117388 3.871680448
2.33369881638 2.38724988878 2.44588612979 2.49458495752 2.52216427919 2.53492565365 2.54493337447 2.43783032793 2.33717140454 2.42957474212 2.35956714925 2.58361445925 2.65783375942 2.55716017148 2.48045209414 2.52925852592 2.41932736791 2.40971601023 2.41037796173 2.41058480349 2.41079164524 2.31893418154 2.34336272317 2.41250702583 2.42253269763 2.45488407797 2.45134502913 2.46098285626 2.81332783466 3.16585993085 2.95064700094 2.74091019076 2.67064973402 2.62090649564 2.7832134364 3.05331812972 3.32690181852 3.37990020084 3.37137301923 3.36284583762 3.30901425776 3.22356803242 3.07695454466 2.97292896299 2.99858846303 3.19685310927 3.39511775551 3.58728025838 3.77919108286 3.50226672012 3.60919533133 3.59102114627 3.58548861646
2.40003281457 2.42458214869 2.51356220043 2.52038626731 2.50637870749 2.49237114768 2.47836358787 2.46017496504 2.28972629973 2.34843848113 2.28967692179 2.71539421358 2.67999897328 2.37632390237 2.46764471957 2.64016359912 2.47652355393 2.36551246942 2.32894375606 2.29151455319 2.28649378049 2.28147300779 2.34738303476 2.38116873434 2.37719899972 2.4074866925 2.4544613297 2.6425950678 3.00317543233 3.35722633395 3.01631464869 2.92570065653 2.8140603849 2.70242011327 2.65698820799 2.87211932652 3.23473932403 3.22621214242 3.21768496081 3.25389652368 3.38748940097 3.41138659632 3.24989553449 3.01723033896 2.88162099761 3.07988564385 3.23169100824 3.44161335053 3.61228683271 3.58970874394 3.28167084265 3.30482931473 3.29929678492
2.47783510485 2.42672981678 2.4541096767 2.48148953663 2.4696208048 2.45561324499 2.44160568517 2.44072381837 2.31262229397 2.24138595895 2.27594955683 2.3387938682 2.50996793898 2.27395938116 2.454837345 2.63571530885 2.58763935752 2.35425565193 2.28181341866 2.21621508972 2.176981545 2.21404666174 2.43003068603 2.37362602352 2.34382443526 2.36008930703 2.40920972225 2.42081268317 2.74030147137 2.52386194361 2.28760276521 2.92980423806 2.80199407873 2.68521124469 2.64078091174 2.86808549178 3.08105126561 3.0926164313 3.1401758584 3.21394538902 3.3872609023 3.50775246344 3.46542037273 3.03739285922 2.82233052517 2.93590825595 3.10930105714 3.28882630618 3.42659529446 3.51124869327 3.37519256997 3.3583751765 3.11867616769
