Examples/results/velocity/asciifiles/KR2_140510_120000.JPG_interpmap.txt
ncols 210
nrows 326
xllcorner 447100.0
yllcorner 8755490.0
cellsize 10.0
NODATA_value -999.999
[rows 184 to 206 of 326, columns 53 to 105 of 210]
8.1746777603 7.9968694278 7.48351343171 6.95208149022 6.43858652061 5.94352558905 5.57764115597 5.85163936338 5.88969210545 5.9221310673 5.95457002916 5.98700899101 5.97125819888 5.40701174899 5.04919035289 5.17022241488 5.31979807238 5.44896064453 5.54480518975 5.79271759613 5.68123837829 5.49652575919 5.2604315561 5.79937217045 5.49667772998 5.04476098551 5.01758976285 4.68077305328 4.73350879842 4.64774899333 4.60143021842 4.57282419732 4.61420606428 4.66458365754 4.67820359789 4.6811776331 4.76125844044 4.87286878076 4.98412500217 4.94649675089 4.76119758923 4.91126009364 5.11454811366 5.31717371008 5.81411404913 4.88890474294 4.81012000283 4.9331360397 5.00323953795 5.07727551834 5.18101398392 5.27942292377 5.29448916402
7.8569347953 7.526368896 7.17679621072 6.69277981516 6.16712217906 5.68093519028 5.57256260557 5.60500156743 5.63744052928 5.66987949113 5.70231845298 5.717920555 5.63147931398 5.14375009793 5.08006593662 5.12413798397 5.2756252014 5.49298549664 5.68597498038 5.8090005741 5.76105661045 5.52496240736 5.28886820427 5.5875224551 5.30237371844 5.02231393153 4.85391844681 4.68315120128 4.52398394943 4.69655953126 4.66724454652 4.59110758302 4.69063295631 4.7116651444 4.70987477759 4.72120837343 4.7977020909 4.89775028917 4.96829517215 4.85175288551 4.81029678639 4.98644659263 5.23057135785 5.57605783285 5.70990936558 4.86639542536 4.84493997716 4.87867397069 4.91535609686 4.994483647 5.07361119715 5.17261756439 5.30874598373
7.5112510031 7.0558683642 6.70629567892 6.35672299363 5.90204619862 5.52929350037 5.48724390082 5.35274999125 5.38518895311 5.41762791496 5.45006687681 5.44098288837 5.27714643287 5.09145515907 5.13552720642 5.17959925377 5.22367130112 5.30461131079 5.52197160603 5.73933190128 5.72389428616 5.52322656328 5.31730485245 5.16885755527 5.0038038767 4.82542975267 4.68481142865 4.54419310462 4.4035747806 4.71124431807 4.61390157708 4.61721257556 4.77460452851 4.78229249653 4.79476686599 4.81700919573 4.78095700355 4.87972250265 4.94230818178 4.88955855956 4.86088248895 5.0450389905 5.27235937521 5.43176684212 5.60670817484 5.33941897827 5.21812242183 4.86793385038 4.72638146409 4.82978103924 4.93859224276 5.07004012547 5.20053462198
7.03385233949 6.5853678324 6.23579514712 5.88622246183 5.53664977654 5.49986631755 5.50393079352 5.37361075668 5.23340226543 5.16537633878 5.18764524448 5.16404522173 5.10284438153 5.14691642888 5.19098847623 5.23506052358 5.27913257093 5.32320461828 5.36727666563 5.55095771543 5.58977001471 5.41192169255 6.05039457172 6.20096868819 5.34742362339 4.81296625841 4.63603550198 4.49541717795 4.39262367079 4.54457510986 4.52726808081 4.76103763356 4.92050617044 4.92857517976 4.93160815114 4.81621265602 4.67545201346 4.7841613304 4.88792889165 4.91937074494 4.91146819151 5.07721780794 5.26344833708 5.44582568311 5.38886206065 5.01664223576 4.9313698925 4.92410932626 4.8107325653 4.85816143523 4.92820909992 5.05335162964 5.17849415936
6.55645367588 6.1148673006 5.76529461532 5.58145762202 5.52882045783 5.49152319144 5.47450361069 5.4001861038 5.25997761255 5.1205685383 5.10630426386 5.2169179653 5.3960689793 5.28579056718 5.31591712127 5.34604367536 5.37617022946 5.40629678355 5.43642333764 5.46680998279 5.61805978001 5.97573564327 6.38082486766 6.4427840699 5.6377581016 4.88049609249 4.65613257987 4.44664125129 4.40124472734 4.50841032985 4.79350374859 5.0312529922 5.11560411396 5.11811030774 4.82528352193 4.66612937822 4.52536873565 4.88034046648 4.85894244783 4.90365129154 4.94836013525 5.12836344921 5.30220845977 5.60923843709 5.48865863384 5.37811763437 5.19551294663 4.91251409911 4.90896790721 4.96651244086 5.0240569745 5.13316311527 5.25830564499
6.07905501226 5.69260566665 5.63996850246 5.58733133827 5.53469417408 5.49316336465 5.47228520051 5.41049436439 5.26779169489 5.15888717477 5.16905831729 5.49831602384 5.67746703784 5.71668509674 5.50015981691 5.530286371 5.5604129251 5.59053947919 5.62066603328 5.65079258737 5.73340713744 5.86587495357 6.52265460904 6.52324102752 5.90569070622 5.074547515 4.72366241394 4.49929890133 4.50270023116 4.77464599764 5.05973941638 5.30146835085 5.31313387789 5.3347823242 5.0806921137 4.74503310919 4.40028156851 4.9408605149 4.9792934111 4.95726804943 5.00197689314 5.1856675425 5.42787200058 5.65800370013 5.1048039586 5.02169083728 5.19639604854 4.92254275658 4.97539323499 5.064033478 5.13240798013 5.2129746009 5.26290677947
6.03347062147 5.76544486101 5.71673956636 5.64232770084 5.56791583533 5.49103938308 5.45874462737 5.37624302838 5.24047527424 5.29843989577 5.3014272108 5.56815008395 5.95886509638 6.13801611038 5.99951860115 5.71452906664 5.74465562073 5.77478217483 5.80490872892 5.90004929559 6.07326725261 6.11225339742 6.66448435042 6.60369798513 5.98614766383 5.36488199321 4.79119224802 4.6844423212 4.87836920476 5.07229608833 5.32597508416 5.51210121611 5.52980589435 5.55145434066 5.33610070547 4.95002775517 4.55342474242 4.8860593386 4.95838929837 5.03071925813 5.05559365103 5.20698935306 5.33106978534 5.5874589823 5.27094498686 5.07134756116 5.11429798468 4.92188795688 5.01052819989 5.0991684429 5.17805170986 5.25587344146 5.2418326045
6.33180571813 5.95179913454 5.81800451169 5.78228118073 5.70182844834 5.49547990341 5.44208092563 5.34922423273 5.3909230482 5.44902391988 5.43379610432 5.35985526191 5.9745428268 6.41941416892 6.57523624374 6.28235210556 5.98946796738 5.95902487047 5.98915142456 6.19073634096 6.41312736779 6.59681822634 6.84636100151 6.68415494275 6.06660462145 5.44905430015 4.86618441124 5.0601112948 5.25273266891 5.43714629758 5.62155992624 5.72974712074 5.74877463001 5.76812635712 5.49977394183 4.98997919024 4.70811520754 4.8312581623 4.90358812206 4.97591808183 5.03318637459 5.01291125488 5.23611482632 5.31067506749 5.21896488766 5.20096587486 5.20777823059 4.94807281293 4.97599440499 5.06983991156 5.15100355006 5.22882528166 5.27682517749
5.78321461846 5.86301941053 5.78265628668 5.59361486593 5.48264767863 5.6618121352 5.62920160402 5.536009232 5.56708960339 5.60878841886 5.56616499783 5.17013936174 5.76624800476 6.38093556966 6.87996324146 6.85806974814 6.56518560996 6.27230147178 6.23566257669 6.31228885891 6.42921872758 6.60089093586 6.9295661891 6.74166089817 6.12178381863 5.50190673908 4.87552352325 5.16904510748 5.35345873614 5.53787236481 5.66817685538 5.83697533052 6.03716716873 5.84095968123 5.52899946894 5.08316729318 4.86280567265 4.776456986 4.84878694576 4.88351918792 4.91545594399 4.8257823594 4.976186393 5.28894255824 5.17429368014 5.18914491073 5.40254003268 5.15462114325 4.88330117514 4.97714668171 5.07099218828 5.16483769486 5.27221468076
6.43017687106 6.51957360276 5.62433478509 6.06860536859 7.49546451829 6.55050192491 6.09657045765 6.00149118765 5.90641191764 5.81133264764 5.69853389135 5.30250825525 5.55795318273 6.17264074762 6.78732831251 7.34051231399 7.14090325255 6.48199636916 5.5382089796 5.66621643167 6.00200626289 6.47088456439 6.77036957935 6.3478283101 6.17033502853 5.55045794898 4.96892766733 5.26977117471 5.45244501352 5.57299030509 5.69353559666 5.85527335968 5.95988355109 5.920556746 5.63497829969 5.17956140911 4.95234906448 4.72513671986 4.7338477936 4.76578875731 4.79772551339 4.73582089377 4.69407109605 5.13959638966 5.13705089249 5.21187654311 5.54877168922 5.36116947358 4.96595047775 4.88445345186 4.97829895844 5.07214446501 5.2574629304
7.31712316201 6.48154429804 5.51595621292 6.41490821603 7.50451989781 7.55336634665 7.37069116527 6.95407229208 6.53745341889 6.1208345457 5.80424013106 5.4296442509 5.34965836069 5.96434592558 6.8102520939 7.89485428531 7.37480804331 6.51070055821 6.68061649074 5.59543254638 6.01220293967 6.48108124118 6.45967352521 5.94294708904 5.97473242271 5.79908401131 5.16861350062 5.36065948354 5.49588012432 5.63110076509 5.50532534833 5.58187124333 5.78219629545 5.73845481745 5.69471333944 5.11143323945 4.88730065777 4.66008831315 4.61474992496 4.64714189444 4.67953386392 4.70781798016 4.66441488278 4.8725471561 5.08590788198 5.35810819965 5.69500334576 5.56771780391 5.17249880808 4.79176022201 4.88560572859 5.08125735434 5.21841794048
7.00721738241 5.73674799761 6.13029578881 7.02924779192 7.58730943465 7.76314619504 7.34652732185 6.92990844866 6.51328957547 6.17742969081 5.87454699908 5.51846752833 6.13512953764 8.58449186901 9.66909406043 10.7536962518 8.5687838645 9.26997937352 7.793807966 6.1838508597 6.06678436385 6.49127791797 6.14897747107 5.63225103489 5.48186797299 5.49062079533 5.43906538119 5.38457164923 5.39370533372 5.18112467355 4.96854401339 5.19358490779 5.47803432948 5.52843618649 5.45654340771 5.25142975756 4.77553588025 4.59009424535 4.44411058383 4.5280440258 4.60309832537 4.65771432519 4.68329315548 4.7952093362 5.00791023394 5.4758928563 5.8412350023 5.77426613424 5.37904713841 4.98382814258 4.82356735112 4.98431077523 5.12383415725
6.21029554245 5.84568336159 6.70960039588 7.00336046593 7.3112643594 7.73898235162 7.32236347843 6.90574460524 6.54584479338 6.24296210165 5.94007940992 5.60729080576 6.55944309555 9.59427112974 12.527936027 12.4821445774 11.1747232096 9.97882749507 8.77322828694 7.29704233497 6.20615278424 6.3550078531 5.86653463611 5.37893544714 5.03426309566 5.11272116335 4.90905524692 5.14527931817 5.12264782277 4.84423938292 4.77220270956 4.82550368906 5.10995311075 5.31841755554 5.21642777411 5.01131412397 4.66223409798 4.47679246308 4.33423914948 4.47933631677 4.55737864309 4.60359928158 4.68569080586 4.66503513587 4.88636220698 5.1168042207 5.56206986462 5.42079449921 4.95247285138 4.85520879948 4.91847497566 4.76653938093 4.9158233342
5.56107093437 6.12565142716 6.41941149721 6.71317156725 7.11566235262 7.68223834094 7.298199635 6.91425989594 6.61137720421 6.30849451249 6.00561182076 5.69611408319 6.98375665345 10.0185846876 11.7530914853 9.16586425074 7.72114364729 8.26117228245 7.25002297779 6.28262449132 6.08445092292 6.17265683219 5.74988438316 5.2788901139 4.9033190426 4.82381101386 4.86564828209 4.87260683505 4.89814324394 4.68160166172 4.9303856324 5.01906189979 4.99061560285 5.02632131371 4.97631214052 4.77119849038 4.56608484023 4.45775422141 4.42357995729 4.45498719601 4.53594803096 4.60631355728 4.68323503535 4.62782416319 4.73195530193 4.97003532383 5.13198255603 5.04624636192 4.98457207046 4.922897779 5.00481757943 5.21064320351 4.70781251116
5.54999086356 5.83546252848 6.12922259853 6.42298266858 6.92006034584 7.48663633416 7.28267499851 6.97979230678 6.67690961505 6.37402692332 6.0711442316 5.76826153987 7.3998424911 8.05805928124 9.90502305727 5.04611575247 5.61556315115 6.18501054983 6.37222443022 6.15962225275 5.94702007528 5.97856824997 5.55579580094 5.13302335192 4.78309242427 4.76433289048 4.74557335669 4.69012373772 4.67363866512 4.83978458456 5.08856855524 5.27164892282 5.22636824989 5.07291891605 4.90457606707 4.70446309945 4.55274667127 4.50760634279 4.48087296944 4.50585201299 4.56410093977 4.59161024687 4.70387432601 4.62669686866 4.54767319225 4.73460601265 5.00112064419 5.08911061068 5.05112362839 4.99058675852 5.09116018319 5.29698393366 4.97835245165
5.6644336824 5.61629051266 5.83903369985 6.15788235074 6.72445833906 7.31309436527 7.25172446716 6.97731670268 6.6640732834 6.35082986411 6.03758644483 5.75043715501 5.65764626949 7.03823728233 8.58493552833 7.02467033877 5.4220975925 5.99154499118 6.18552801157 6.03662001418 5.82401783671 5.78447966775 5.36170721873 4.9389347697 5.15905687211 4.755124807 4.73106860227 4.67795062314 4.66503422799 4.771289917 4.97851915532 5.16810489411 5.08090978961 4.93488473214 4.8281208933 4.67906519506 4.59343267866 4.54768460437 4.52946693514 4.55633335366 4.56784849104 4.56508869532 4.65967459581 4.63446463824 4.50059321633 4.7159488561 4.9988428917 5.11029964283 5.07231266054 5.03982157831 5.1577178367 5.29014597662 5.20155899214
5.98939245971 5.60035005016 5.68259016176 6.01659461102 6.44546174455 6.4088061924 6.34672261225 6.2730522376 6.19938186295 6.1257114883 5.92403680702 5.72380524489 5.47286343454 5.90633498945 7.67422055241 9.15386325076 5.22863203385 5.77522446018 5.91552312934 5.88979218862 5.70101559814 5.59039108553 5.16761863651 4.97933670173 5.48917488001 5.0623599256 4.73053224089 4.71499506178 4.71696330531 4.71893154884 4.8558639301 4.98653357605 4.90417429472 4.78148617037 4.67363076725 4.67880950549 4.64770551455 4.59962756648 4.56884749366 4.52991429501 4.55076648653 4.54336443298 4.59339106168 4.55827762136 4.50350084013 4.77020520464 4.99656513922 5.13148867498 5.13182768065 5.17965959 5.21166510098 5.17691657062 5.08832958614
6.31435123702 5.65922185461 5.74876709764 6.44537956408 6.02212799384 5.5988764236 5.46888991477 5.43864825725 5.40840659973 5.37816494222 5.3479232847 5.15861049551 5.29972954967 5.65953300519 7.15668545104 8.6538378969 8.11900114906 5.46877959273 5.60907826189 5.62957407921 5.57801335958 5.39630250332 5.01617189783 5.170439675 5.77945706031 5.60012841698 4.79286236657 4.64005210569 4.5962273129 4.57918818191 4.69505989009 4.81368748723 4.79102587081 4.68510504766 4.60167493334 4.68532158334 4.69949583599 4.57656961032 4.54658476735 4.51659992438 4.48661508142 4.5135459265 4.52836523047 4.41817721296 4.58429424992 4.85767112522 5.03985833509 5.223833783 5.3969238374 5.27060016138 5.15882687866 5.07272562007 4.98662436148
6.56703672514 6.33310438293 6.81183420861 6.71107853264 6.35193029185 6.02723594435 5.70254159686 5.56822047765 5.45011597732 5.332011477 5.21390697668 5.06876241038 5.22911948024 5.41273102094 6.90988346679 7.94270339988 7.65043055082 5.7513730773 5.30263339444 5.3693559698 5.33383825626 5.21781326778 5.14390400231 5.36154264826 5.76796914262 5.89512279893 5.06544114571 4.66604962791 4.53702001897 4.5222759695 4.59864993095 4.6449317828 4.75886341208 4.69566931398 4.57941027017 4.66942501963 4.59324008265 4.56325523969 4.53327039672 4.50328555375 4.47330071079 4.44331586782 4.47019697267 4.50578395551 4.61139671106 4.89551069587 5.16848046733 5.34932301532 5.52989035383 5.4620661638 5.35750766812 5.13619465907 5.05009340048
6.7990978577 7.16414515444 7.40869423325 7.13708089694 6.81238654945 6.48769220196 6.16299785446 5.86380198067 5.74569748034 5.62759298002 5.37841756398 5.02708827257 5.09452783858 5.19259318204 5.17718705261 5.58740184995 5.88783508327 6.23585244554 6.24472983525 5.72204369708 5.4334741192 5.42654934138 5.50236369571 5.34528402471 5.14071573399 5.34304309622 5.24920316175 4.75388651683 4.5686476647 4.56648903706 4.71165663026 4.75793848212 4.71971989661 4.58337246414 4.59771029598 4.61125883741 4.58532441515 4.55938999289 4.53345557062 4.50752114836 4.4815867261 4.45565230383 4.54527760322 4.36389356942 4.39538966025 4.70823677243 5.53933757301 5.57957095949 6.21526567065 5.49535436751 5.48547001966 5.19966369808 5.10941774808
6.54070913942 6.91838044382 6.96112724411 7.00387404441 6.9498907265 6.886162235 6.62345411207 6.29875976457 6.04127898336 5.92317448304 5.53983616588 5.13903776453 5.05021350467 5.05696346904 5.07437464793 5.19225094048 5.73324890211 6.28951873471 6.42148363453 6.16344586165 5.90539598622 5.64734611079 5.48575185258 5.30074642216 5.09905867303 4.89236738302 4.78108068238 4.77013791311 4.57942871362 4.54620996596 4.73341177466 4.7852564286 4.67693151057 4.63580539325 4.70449580378 4.73940582976 4.66750748073 4.64157305846 4.6156386362 4.58970421394 4.56376979167 4.55601934898 4.77817994706 4.98421815555 4.57062116034 4.61918190391 6.27578967565 6.14032620237 6.24378899724 5.46645441164 5.34125108043 5.25641379108 5.20987283951
6.41725375505 6.46000055535 6.50274735564 6.54549415593 6.58824095623 6.55481571126 6.49108721976 6.42735872826 6.36363023676 6.10205316913 5.69213681909 5.27342211173 5.03365392769 5.05781810511 5.08198228254 5.36446870439 5.77609821271 5.83807282696 5.83541127149 5.69377026165 5.36928247327 5.25892215384 5.32422055559 5.25620881961 5.05740161207 4.87840737571 4.74068512354 4.60296287137 4.58567811856 4.51495752002 4.66712686693 4.76470534452 4.67390049052 4.76426077397 4.90610357116 4.8974446887 4.7496905463 4.72375612404 4.69782170178 4.67188727951 4.64595285725 4.70374009252 4.98840168309 5.1912984161 6.36072365318 5.69703991482 7.15602115704 6.82906341254 5.93126009756 5.27256732714 5.17135433901 5.19276921468 5.35732543544
5.95887386658 6.00162066687 6.04436746716 6.08711426746 6.12986106775 6.17260786804 6.15974069601 6.09601220451 6.03228371301 5.8844197457 5.66496489353 5.24625018616 4.98741505313 5.06542573973 5.12505695999 5.45530616956 5.37376990207 5.38830979291 5.26383285582 5.24960205702 4.86791260617 4.93240284239 5.02734079533 5.10643217665 5.04544992871 4.91671116549 4.78797240227 4.65923363905 4.52937103426 4.46340270348 4.56655330334 4.67435814106 4.82402574416 4.96586854135 5.10771133854 5.05548354765 4.87426775028 4.80593918962 4.78000476735 4.75407034509 4.78275948411 4.88304122301 5.19862341912 5.00723093254 7.26736494261 8.60361380252 7.63111407394 6.73331075896 5.83550744398 5.08629488694 5.04060067192 5.20515689268 5.36971311344
