Examples/results/velocity/asciifiles/KR2_140510_120000.JPG_interpmap.txt
ncols 210
nrows 326
xllcorner 447100.0
yllcorner 8755490.0
cellsize 10.0
NODATA_value -999.999
[rows 23 to 45 of 326, columns 53 to 105 of 210]
-999.999 -999.999 -999.999 -999.999 -999.999 -999.999 -999.999 -999.999 -999.999 -999.999 -999.999 -999.999 -999.999 -999.999 -999.999 3.92091621757 4.09850359391 3.74737856799 3.55885246369 3.4747001609 3.46756676952 3.72090788615 3.77722858869 3.80521914294 3.84189811118 3.61534295904 3.52949990957 3.61568917747 3.68179722185 3.67115362144 3.66037147751 3.68645009049 3.63959371546 3.55600454358 3.4701240183 3.37700527317 3.30329320401 3.11832519815 3.13747079248 3.29052815088 3.2836540128 3.39749169674 3.37353103769 3.28857568421 3.2028135682 3.06469219756 3.254883813 3.18104463838 3.03087281175 3.03475993089 3.21498081067 3.20907110759 3.02662892826
-999.999 -999.999 -999.999 -999.999 -999.999 -999.999 -999.999 -999.999 -999.999 -999.999 -999.999 -999.999 -999.999 -999.999 -999.999 3.99256633003 4.03395267023 3.68282764432 3.55670314995 3.50063133533 3.59289752078 3.79552267472 3.79516233683 3.79010101858 3.7526475134 3.60635269094 3.5390672949 3.5623655842 3.64084280388 3.73733119665 3.76477439321 3.75381347375 3.79985772047 3.68045247303 3.53274752251 3.45919415103 3.39492828476 3.24995382028 3.18408023602 3.13830236678 3.23388278474 3.33696966393 3.33965401943 3.26174054266 3.17051856118 3.06538260571 3.13718242376 3.26404178492 3.1096427913 3.06854543787 3.47918683022 3.36991927046 3.14641380305
-999.999 -999.999 -999.999 -999.999 -999.999 -999.999 -999.999 -999.999 -999.999 -999.999 -999.999 -999.999 -999.999 -999.999 -999.999 4.06421644248 3.96940174655 3.63870613899 3.5545538362 3.56687918628 3.73925394002 3.64584006251 3.79224613526 3.74264420753 3.66655418852 3.53265917257 3.44714230624 3.56618755332 3.68702143872 3.80785532411 4.05606828638 4.29300459445 4.09552720797 4.04162549583 3.68353266352 3.52378806075 3.55904936688 3.42600633153 3.34056555168 3.16269327185 3.22709841417 3.309989742 3.31874225681 3.22944553564 3.14416760218 3.12355164963 3.20150402 3.24752641318 3.12865374976 3.24458807488 3.46902899621 3.29450692574 3.10802953398
-999.999 -999.999 -999.999 -999.999 -999.999 -999.999 -999.999 -999.999 -999.999 -999.999 -999.999 -999.999 -999.999 -999.999 3.86892387124 4.13586655494 3.90485082288 3.63655682524 3.55240452245 3.6339226509 3.62362353205 3.49971517151 3.65996533136 3.74684713807 3.63791756144 3.51618991076 3.54779248588 3.57084753558 3.66533730173 3.96107857411 4.24623200696 4.10864218924 3.85570936154 3.84311643878 3.77605658619 3.51151299868 3.52803851947 3.59340462253 3.42758615641 3.2617676903 3.24681042085 3.3655805385 3.31310138745 3.29823781546 3.32057075864 3.34290370183 3.36767954081 3.15815537698 2.98642442752 3.25758189527 3.25642118077 3.22305012553 3.17434794968
-999.999 -999.999 -999.999 -999.999 -999.999 -999.999 -999.999 -999.999 -999.999 -999.999 -999.999 -999.999 -999.999 -999.999 3.94057398369 4.19142492512 3.8402998992 3.6344075115 3.5502552087 3.70096611552 3.76848897104 3.55468226001 3.53713620274 3.72892770408 3.56965610599 3.49202250255 3.6704032607 3.62134911892 3.71583888507 3.82178790104 4.05158031424 3.90142383039 3.92185981424 3.9173030692 3.87363777554 3.6460436982 3.42781161932 3.5060260651 3.41386872022 3.25705604261 3.40523475921 3.44627737187 3.42804964073 3.47063166413 3.51321368752 3.55077261251 3.16409242605 2.9992908139 3.05467185692 3.27626355091 3.27579555529 3.22796519563 3.03867565014
-999.999 -999.999 -999.999 -999.999 -999.999 -999.999 -999.999 -999.999 -999.999 -999.999 -999.999 -999.999 -999.999 -999.999 4.01222409615 4.12687400144 3.77574897552 3.63225819775 3.56647707565 3.76800958014 3.91335441003 3.7742323722 3.48078870878 3.70476949795 3.56557846657 3.72815573901 3.72821840744 3.64842268335 3.74101313184 3.85846799597 3.9263787515 3.94646569301 3.96741360441 3.98836151582 3.94077125148 3.72467831049 3.54069437036 3.44431025075 3.3747830625 3.34286710097 3.49205862938 3.55840568149 3.47551470428 3.45288359382 3.4867443699 3.67754424144 3.63894217691 3.21679095903 3.17551631779 3.23885988365 3.21349159259 3.24366921768 3.07404858955
-999.999 -999.999 -999.999 -999.999 -999.999 -999.999 -999.999 -999.999 -999.999 -999.999 -999.999 -999.999 -999.999 -999.999 4.0838742086 4.06232307776 3.71426118679 3.630108884 3.58875847257 3.83505304476 3.95977060091 3.73083883857 3.67194598717 3.68061129182 3.70154843323 3.7176948701 3.72692276193 3.68456201974 3.72546949472 3.86171246535 3.92294271957 3.96836314781 3.99521917185 4.02207519589 3.84308057299 3.39987845007 3.35740862419 3.36433895586 3.47306977412 3.42240722089 3.48200369155 3.4381992544 3.38985183096 3.40279164286 3.36351602022 3.32930679533 3.19327906929 3.27483990156 3.37488521241 3.26177275208 3.08394106204 3.09518858516 3.11457620004
-999.999 -999.999 -999.999 -999.999 -999.999 -999.999 -999.999 -999.999 -999.999 -999.999 -999.999 -999.999 -999.999 3.88858163736 4.15552432106 3.99777215409 3.71211187305 3.62795957026 3.6110398695 3.90209650937 3.86495638402 3.65022739217 3.62306733924 3.70956334369 3.68791651761 3.70406295447 3.71316003347 3.71160654537 3.7099258576 3.84832652563 3.96815657604 4.0867683331 3.9746281518 3.97116379209 3.77117143023 3.58190822852 3.32414700008 3.48466192723 3.55929377162 3.49698015468 3.44062743976 3.7376739112 3.6950562288 3.37703084493 3.35943702764 3.27683816516 3.03235564743 2.74613479101 3.03268331259 3.09816255253 2.87964918 3.0396278169 3.12733982356
-999.999 -999.999 -999.999 -999.999 -999.999 -999.999 -999.999 -999.999 -999.999 -999.999 -999.999 -999.999 -999.999 3.96023174981 4.22717443351 3.93322123041 3.7099625593 3.62581025651 3.63332126642 3.96913997399 4.02813219439 3.75644085062 3.7089319102 3.76836356899 3.70506227239 3.69043103885 3.69939730501 3.69784381691 3.69438222048 3.87458590474 4.01337043252 4.11570363149 4.2428174942 4.16930206572 3.72737571765 3.60758517443 3.37048576016 3.26402911702 3.65070253508 3.58486113329 3.7209371244 3.80149657943 3.63699500646 3.44153301044 3.63629940801 3.88761649572 3.15408052302 2.9711300802 3.00696124781 3.06965568263 2.98076617891 3.0022574663 3.10927902175
-999.999 -999.999 -999.999 -999.999 -999.999 -999.999 -999.999 -999.999 -999.999 -999.999 -999.999 -999.999 -999.999 4.03188186227 4.21979533265 3.86867030673 3.70781324555 3.64133301584 3.65560266334 4.03618343861 4.32594902047 3.89026425175 3.80872166448 3.82716379429 3.76386249769 3.7005612011 3.68563457656 3.72020320681 3.78315960974 3.77464189882 3.79045368382 4.54111061517 4.26306972043 4.13239891307 3.79678894639 3.60700390657 3.6245551073 3.76493768927 3.74729585658 3.37128607948 3.50888596136 3.45610774669 3.34324477832 3.48572941985 3.39590486174 3.3628594969 3.25455243776 3.22806465242 3.19579200789 3.34688555915 3.2652471779 3.45523285393 3.54676618101
-999.999 -999.999 -999.999 -999.999 -999.999 -999.999 -999.999 -999.999 -999.999 -999.999 -999.999 -999.999 -999.999 4.10353197472 4.15524440897 3.80411938306 3.70566393181 3.66361441276 3.67788406026 4.10322690323 4.55879078591 4.19337410285 3.8822880633 3.82275459564 3.73524795898 3.7275763294 3.65401775495 3.67130056736 3.86305999548 3.70745158685 3.80297977713 4.37372238417 4.06282046499 4.09593946523 4.00764566294 3.78147986551 4.06392580488 3.74101909485 3.38302229505 3.44689204532 3.3570260759 3.29608866525 3.27948916337 3.52429462937 3.53499137867 3.51631418924 3.28188125268 3.27553465104 3.26579746289 3.53009431554 3.2848240294 3.26354669013 3.33541126468
-999.999 -999.999 -999.999 -999.999 -999.999 -999.999 -999.999 -999.999 -999.999 -999.999 -999.999 -999.999 3.90823940348 4.17518208717 4.09069348529 3.78766692085 3.70351461806 3.68589580968 3.70016545719 3.91023779539 3.78454917028 3.77327084536 3.75963447516 3.76543437863 3.79028467725 3.74041753992 3.66121808593 3.58201863193 3.50281917794 3.73210988404 3.73043477397 3.85305967728 4.00119373026 4.08764037679 4.03151169277 3.76731147294 3.71299858066 3.47246644565 3.47373622375 3.54757718854 3.41668011402 3.41712178996 3.44866959761 3.51843151368 3.55144547452 3.39790655991 3.30766946243 3.28783420504 3.26799894765 3.30980462151 3.18465566749 3.1844889709 3.16533224589
-999.999 -999.999 -999.999 -999.999 -999.999 -999.999 -999.999 -999.999 -999.999 -999.999 -999.999 -999.999 3.97988951593 4.24683219963 4.02614256162 3.78551760711 3.70136530431 3.7081772066 3.72244685411 3.72747218801 3.71207073195 3.72028192553 3.89423426722 3.91456017666 3.83219503093 3.75600823385 3.67982143677 3.60363463969 3.59805069639 3.70738020396 3.801983825 3.76528231171 3.86228760875 4.02887921789 4.00244367409 3.60560616504 3.56686487649 3.4885538408 3.46293150024 3.5300196039 3.47048938075 3.47605585543 4.08706870299 3.51487272033 3.47309874157 3.31345110644 3.39465191416 3.35800687753 3.22854479248 3.33145277634 3.25169873975 3.24642509371 3.22951010194
-999.999 -999.999 -999.999 -999.999 -999.999 -999.999 -999.999 -999.999 -999.999 -999.999 -999.999 -999.999 4.05153962839 4.31093192101 3.96159163794 3.78336829336 3.71618895602 3.73045860353 3.74472825103 3.69940936311 3.79045481353 3.86306278753 3.81315707532 3.85748870046 3.85638911035 3.78339204565 3.70720524857 3.68935172151 3.75200496315 3.74894711882 3.72341049309 3.81951993671 3.89217908018 3.9893233093 3.97603920703 3.7658300525 3.58883775193 3.58119155955 3.60399738448 3.62718677617 3.49308266055 4.29995634662 5.58483276078 3.9004564551 3.31285031412 3.2781235305 3.38657263083 3.16046674913 3.32193288847 3.38496607016 3.24318144229 3.25627652219 3.25812800051
-999.999 -999.999 -999.999 -999.999 -999.999 -999.999 -999.999 -999.999 -999.999 -999.999 -999.999 3.85624705714 4.12318974084 4.24816574018 3.89704071426 3.78121897961 3.73847035294 3.75274000045 3.80369412312 3.81448889646 3.82667220772 3.90567879602 3.75301799069 3.7712590677 3.86007560058 3.81077585745 3.78065274663 3.84330598827 3.81628922606 3.7289568422 3.83079602842 3.88740736142 3.80500702561 3.91399810917 4.0058202158 3.79121814909 3.62973394847 3.5699261677 3.51644399607 3.56411664425 3.44063977728 3.50057894122 4.1160361374 3.37443291267 3.47055622657 3.35376415874 3.50282530177 3.12383482046 3.17810061724 3.30378434598 3.23466414484 3.25149454509 3.30796971651
-999.999 -999.999 -999.999 -999.999 -999.999 -999.999 -999.999 -999.999 -999.999 -999.999 -999.999 3.9278971696 4.19483985329 4.1836148165 3.86322196866 3.77906966587 3.76075174986 3.77502139737 3.85132594618 3.71871734849 3.70910797744 3.63323892501 3.75285255658 3.79873999341 3.83138737121 3.79514833889 3.76038110501 3.71901490413 3.67764870325 3.65235214044 3.69296828013 3.84866781655 3.68816863867 3.8339522745 3.96200608765 3.80293619255 3.65941864834 3.56548951252 3.53635400791 3.51144350763 3.53393110716 3.58905062131 3.43181295657 3.55112869485 3.70545392083 3.61921988043 3.54072599727 3.43232312136 3.25420466754 3.17934130843 3.23595272372 3.29971012066 3.37296052932
-999.999 -999.999 -999.999 -999.999 -999.999 -999.999 -999.999 -999.999 -999.999 -999.999 -999.999 3.99954728205 4.26648996575 4.11906389282 3.86107265491 3.77692035212 3.78303314679 3.79730279429 3.79342008443 3.82008410461 3.69023023382 3.56184332389 3.72417007369 3.79669271575 3.83854771455 3.86792825331 3.761103141 3.71030905905 3.72058475597 3.67728185401 3.63232406722 3.72511192675 3.69639992638 3.7833880684 3.82324827967 3.79526392701 3.71547898509 3.55651521744 3.56539177066 3.56988718288 3.60664967633 3.72718056828 3.59575927051 3.67510307629 3.85382796341 3.47003599257 3.37776556743 3.29563000553 3.21349444363 3.09629975376 3.06752233364 3.26091884687 3.33547958101
-999.999 -999.999 -999.999 -999.999 -999.999 -999.999 -999.999 -999.999 -999.999 -999.999 -999.999 4.0711973945 4.3381400782 4.05451296915 3.85892334116 3.7910448962 3.80531454371 3.81958419122 3.76326380031 3.84714367247 3.427593203 3.60259580776 3.685733725 3.77226203323 3.81554176103 3.96463594732 3.8890876772 3.81353940708 3.78963654117 3.79506685053 3.63392151271 3.79210528756 3.65580229756 3.68928535169 3.83819927027 3.83713052916 3.73425841475 3.63138630033 3.63988051788 3.69342841785 3.70620848224 3.78258120077 3.82192132277 3.80562156496 3.71947723039 3.40970418777 3.36483687058 3.26422479633 3.17756165656 3.14909511316 3.16619156765 3.26814220005 3.27030526173
-999.999 -999.999 -999.999 -999.999 -999.999 -999.999 -999.999 -999.999 -999.999 -999.999 3.87590482326 4.14284750696 4.34108707138 3.98996204547 3.85677402742 3.81332629313 3.82759594063 3.84186558814 3.72700325672 3.43538383807 3.62225197445 3.58901614612 3.67016694921 3.75838810979 3.82741153761 3.95941222707 3.88260918943 3.81307916128 3.66193654751 3.73427614096 3.66199250349 3.75117695882 3.73817699937 3.65418431604 3.80373341713 3.92880437061 3.73391770371 3.50470520616 3.35490846414 3.7123883853 3.81125085378 3.79994215255 3.83000834299 3.89460615859 3.66437722681 3.39944974346 3.39089518253 3.34336834406 3.18459237729 3.1073253318 3.15526514111 3.28576575575 3.57519967242
-999.999 -999.999 -999.999 -999.999 -999.999 -999.999 -999.999 -999.999 -999.999 -999.999 3.94755493571 4.21449761941 4.27653614771 3.93877701646 3.85462471367 3.83560769005 3.84987733755 3.86414698506 3.74958196398 3.37936387224 3.8315167378 3.72239702583 3.70311802052 3.67952619493 3.81506216353 3.83821888876 3.78776912162 3.59978008503 3.28656137023 3.80620052611 3.6423588569 3.73743356304 3.75452842668 3.76169754521 3.88322447344 3.76356090542 3.75795506901 3.7523492326 3.86567805156 4.13094132942 3.73551412011 3.72489193919 3.88891968972 3.9946869309 3.69985382529 3.39573131781 3.38143163016 3.32238246633 3.06446734851 2.98916937698 3.02751561353 3.32474882908 3.39382621568
-999.999 -999.999 -999.999 -999.999 -999.999 -999.999 -999.999 -999.999 -999.999 -999.999 4.01920504817 4.28614773187 4.21198522403 3.93662770271 3.85247539992 3.85788908697 3.87215873448 3.9538146738 3.74884628901 3.37724614678 3.82290790303 3.77871307565 3.72947337916 3.60317919336 3.46141450078 3.74107466545 3.67149714443 3.58820772294 3.67391877199 3.6888335757 3.73591692441 3.71661187484 3.80647393491 4.00505163906 4.47981201619 3.73462076486 3.7229061847 3.76018154792 3.82900793048 3.98031498443 3.95901774832 3.9804257633 4.12495188133 3.94285220016 3.41018615545 3.46781061244 3.36719034547 3.24535604921 3.13477227316 3.07751922999 3.13976501174 3.18247727037 3.51316228607
-999.999 -999.999 -999.999 -999.999 -999.999 -999.999 -999.999 -999.999 -999.999 -999.999 4.09085516062 4.35779784432 4.14743430035 3.93447838897 3.86590083639 3.88017048389 3.8944401314 4.05454698999 3.80061579811 3.60998936264 3.72360935688 3.67515226545 3.67536935609 3.67108437549 3.50850121023 3.75983681609 3.7185460572 3.77953724269 3.77550717174 3.85069741967 3.80702478225 3.77027062261 3.87106681782 4.00858268672 4.60225681697 4.40182841663 3.93890237112 3.7993601813 3.85953764055 3.97223674979 4.03859418353 4.06555615591 4.1042577677 3.87740764998 3.59691135186 3.44198439226 3.32210693924 3.21222394584 3.10473461234 3.10234446809 3.22905651044 3.37089135312 3.58199467672
-999.999 -999.999 -999.999 -999.999 -999.999 -999.999 -999.999 -999.999 -999.999 3.89556258938 4.16250527308 4.4242849724 4.08288337668 3.93232907522 3.88818223331 3.90245188082 3.91672152832 4.15527930618 4.07928072565 3.85319480142 3.84583347953 4.03818788725 4.06340417308 4.06853309539 3.92876622732 3.80588686392 3.7341023161 3.64605209939 3.90454966848 3.58518294319 3.9695514524 3.85565580978 3.88441803523 3.91342123126 5.23417393689 5.12715008817 4.80091075592 4.35388834157 3.90986422996 4.00944313558 4.09948341798 4.00311567968 4.16102898565 3.76686564792 3.59860181208 3.46321312666 3.35333013326 3.25752148564 3.16351815328 3.16105243902 3.25418869054 3.61062700798 3.57030468201
