Examples/results/velocity/asciifiles/KR2_140509_120000.JPG_interpmap.txt
ncols 224
nrows 356
xllcorner 447110.0
yllcorner 8755190.0
cellsize 10.0
NODATA_value -999.999
[rows 92 to 114 of 356, columns 106 to 158 of 224]
2.12229109949 2.23540768213 2.25494675265 2.20835958516 2.49268602155 2.42457316321 2.05238661193 1.71123497526 1.86152017738 1.94859633989 1.97215963852 1.95197349788 1.97745998792 1.98925550103 2.00963532751 2.15519391897 2.03222148546 1.97879941596 1.80917008629 1.82794974485 1.90768360012 1.97153505316 2.04742252957 2.13274515769 2.18154230563 2.10184742485 2.04442930933 2.01167470305 2.04187207922 1.99461904612 1.94917242475 1.86360779948 1.77127152744 1.88056385372 1.86504143267 1.8072673048 1.86126603827 1.88338761653 1.75057046894 1.71012398518 1.7577985281 1.87752204118 1.99812627037 1.83070704607 1.72161945005 1.68233423745 1.72287824125 1.78392910331 1.79686144368 1.85960934537 1.8769897179 1.94330990239 2.34706638263
2.04794640818 2.07848544554 2.16752504217 2.13150340334 2.4644336659 2.37829155862 2.0093780088 1.75288628881 1.86700993271 1.96761795822 2.03583279693 1.99847623078 1.94259612803 1.86988888508 2.01710033923 2.37339526299 2.12332350674 1.95091608606 1.87839291354 1.89644174509 1.97372622891 1.929184003 1.85547379007 1.98788565448 2.11942755936 2.06840522569 2.03504957329 2.01726323905 1.98525885546 1.98576792657 1.98627699767 1.90476773471 1.93634860608 2.06525394231 1.88145178354 1.90277878164 1.93693820148 1.92536612733 1.83790923249 1.73208683185 1.80777733998 1.86375871576 1.91293819645 1.98939486138 1.90884749893 1.88111267158 1.78706317342 1.83521453931 1.84814687968 1.84481442755 2.00428837401 2.76220277643 2.87396295101
2.68481122057 2.78409631466 2.35349182928 2.1260758617 2.27894180201 2.13966223678 2.00235303363 1.87595925937 1.97297791778 2.06317214436 2.13960308452 2.12277677879 1.84338708985 1.99329384488 2.11580168532 2.2059637647 2.1349624699 2.00689492831 2.02494375985 1.96634447748 1.97456014883 2.00913101207 1.98878830051 2.12165913848 2.21871827674 2.19708107688 2.18717367808 2.1178372428 1.99863840316 1.95210175201 1.99042079334 1.93667132043 2.04064816507 2.07120793835 1.98209829196 2.01924663433 2.06645774176 2.06912571927 1.87203477359 1.74460592136 1.89605030011 2.04018001116 1.92074960951 2.04963850637 1.91819502197 1.97036942488 1.88595254605 1.86942639003 1.86166911432 1.85391183861 2.24678396511 2.59102676146 2.64918139582
2.01028984405 2.26614734106 2.21570831844 2.55764598629 2.32804061492 2.0722913725 2.09023591661 1.96345434296 2.03153694047 2.12903023295 2.16969218993 2.02451607577 1.94101942404 2.11669880469 2.18497461129 2.08495475311 2.05855701789 2.06962680172 1.97082603738 1.89542029493 1.86382356237 1.99646524142 2.13852128313 2.30157908652 2.38452166448 2.45554744506 2.3706755226 2.3453298138 2.24991218742 2.07807210395 1.91363316173 1.92900974256 1.97526868586 2.15232565091 2.08850337957 2.15356211516 2.23365301777 2.17653501966 1.96146315023 1.77540432476 1.86235909688 2.159441758 2.13164091537 2.05500354268 2.05438689725 2.05377025182 1.82811127257 1.90684266717 1.98948458416 1.83873122185 1.91793022815 2.09140972874 2.13803051114
1.7826791779 1.96049400695 1.94262586387 1.92431330998 1.90686055112 2.02895884542 2.0718979522 2.06030390311 2.08849276436 2.18344497714 2.21088221786 1.95066549008 1.98947937953 2.13806364364 1.94008478506 1.86029920017 2.10359871382 2.31906349602 2.2273679984 2.13567250077 1.82403037861 2.09737435556 2.36128564589 2.26815896647 2.54676449965 2.70966962177 2.73770624093 2.37711083423 2.25512629158 2.06637213336 2.00166491608 2.00887989377 1.93491060339 2.00573500771 2.15356483478 2.29107928527 2.38207951383 2.1419969451 1.93962646968 1.81894963272 1.90749184806 1.96175162271 2.0325666036 2.00313931101 1.98259550755 2.00745370194 1.94660386855 1.77982174304 1.75058096334 1.73184987911 1.8020623771 1.87763295473 1.94533767518
1.81085517582 1.87484870736 1.85803908536 1.84808745742 1.98424226615 2.02055627874 2.03976456562 2.07303947719 2.0193257763 2.13245191737 2.15752397727 1.96770488804 1.94454197969 2.12404372107 2.0026690474 2.01208029108 2.14170804611 2.4544333035 2.28629441825 2.10946064182 1.99317932276 2.39333950592 2.39609986647 2.24150381201 2.70900733482 2.57905824115 3.07066451301 2.79051688681 2.40187654662 2.10430633419 2.158996257 2.19852329064 2.3954740459 2.64836116506 2.17800043417 2.26327655893 2.20271635244 2.22332777069 2.11350298498 1.99781357912 2.01706203122 1.94400006564 1.97945309315 1.99870249295 1.9799191736 1.9486122512 1.93718241797 1.69496902489 1.76833334666 1.71519241772 1.81850865049 1.81100000272 1.85065369789
1.770878822 1.7799886385 1.80971679078 1.82354686732 1.84413631418 1.92305216588 1.95745903948 2.09692603202 2.18199251688 2.1976797541 2.10627501072 2.05320051685 1.96457804681 1.9559348612 1.94325309487 1.99947069558 2.05396155007 2.13490746682 2.24893163638 2.34698615815 2.41982227725 2.70755690955 2.50897515736 2.29049683232 2.88223858224 2.64384705777 2.90218315909 2.87801310804 3.05459589168 2.93012151561 2.82167614021 2.78912468489 2.72675833284 2.52429475154 2.11313680576 2.12534301605 2.14514501754 2.17781017261 2.2139608288 2.10889592141 2.00684298472 1.91986505988 1.95531808739 2.00044734236 2.00053629858 1.96825486004 1.96535088214 1.90023601128 1.78889540236 1.78345542192 1.83170738647 1.90064201355 1.99042351295
1.78292378534 1.76345375697 1.83752110586 1.85842610644 1.84401303527 1.89064479782 1.9504133139 1.93107369135 2.06203755938 2.00784236789 2.0858557635 2.01725807381 2.02111158281 2.04299922965 1.97284900139 1.93293887108 2.06999607626 2.23682674282 2.49777299157 2.65119850275 2.80462401393 2.80059597286 2.45591597656 2.74192585259 2.81941295614 2.8183526902 3.07785302254 3.27279303746 3.58131049348 3.48048294559 3.44793149027 3.41538003495 3.35649714654 3.092074923 2.27200168527 2.069664037 2.09942959123 2.13229257453 2.25374772259 2.06649970026 1.97656670489 1.90044130944 1.96830652861 2.03796625804 2.03437736477 2.01675687278 2.02538032544 1.98543971089 1.908834867 1.83846074028 1.85936699591 1.93790932298 2.02769082238
1.79318215948 1.7690495087 1.83046675124 1.88186855871 1.84600236694 1.89656081077 1.92864062862 1.89042879341 1.94971116659 1.95626120273 1.96393397184 2.02898858613 2.08657690279 2.06308775386 1.96896866922 1.88466460899 1.94592928893 2.23420116953 2.92484504183 3.17760965013 3.54693964322 3.58179972632 2.28858950732 2.37933906597 2.56329230319 2.36811804559 3.43841966037 3.60402157544 3.73946917881 3.58813751714 3.3835960464 3.17905457566 2.97974919925 2.80562536765 2.63150153605 2.07190831989 2.15520132183 2.11919654386 2.29353461638 2.02999872752 1.99007806876 1.95015740999 1.92748358085 2.00669770359 2.09405948021 1.91806355486 1.79558369437 2.08293787737 2.28096849006 2.20825606674 2.12833895424 1.9741501382 2.01586813518
1.81097207825 1.78294616648 1.86453626175 1.87798521029 1.8362783804 1.87399977011 1.92056515704 1.88500285535 1.8762352426 2.00150557467 1.94129750346 2.0437936483 2.03709799667 1.9865417145 1.89706866255 1.90917565629 1.96498763317 2.61312304229 2.30175266413 2.71518127359 3.53212883208 4.39111218415 2.85008367867 2.34732164031 2.58251881632 2.3636102686 2.7351008045 2.90810626975 3.16472844874 3.12550197776 2.93366361188 2.741825246 2.53884096336 2.35951953616 2.90935340913 2.59952326035 2.41218347766 2.27383097597 2.23135071736 2.09276347397 2.03979416931 1.99987351055 1.97232654676 1.96084836749 2.01717975012 1.85068453898 1.74397866956 1.98407944696 2.31280200015 2.56478945983 2.51384265633 2.44602876182 2.33193042637
1.78862159095 1.84950020167 1.89883378556 1.87410186187 1.82326421641 1.87715155048 1.89301369803 1.928577083 1.91358118268 2.00781054349 1.98536800358 2.03326295313 2.00520153434 1.93286411225 1.89866521273 1.93368670359 1.93468022816 1.93630492079 1.90421072446 2.40837126587 3.46611100924 3.86215847427 3.17781639663 2.43107497102 2.60214486099 2.38275757299 2.29119674234 2.33336553967 2.58998771866 2.66013780418 2.4682994383 2.27646107242 2.23289710144 3.02118555451 3.19460054644 2.81994398675 2.44528742707 2.3024388681 2.24685000886 2.1963334909 2.09948251519 2.04958961111 2.02039975054 1.99639236045 1.98362563887 1.9391799644 1.89473428993 2.04971471018 2.37322940914 2.38258569014 2.32973790324 2.02308033768 2.10487066525
1.76791604831 1.76289006514 1.89051356005 1.87826056178 1.838429184 1.85265920389 1.86131731584 1.89708306998 1.94019155343 2.02687562712 1.97230136251 2.07164804614 2.0592377738 1.89493432675 1.78148970287 1.91118561731 2.03485724004 1.99883051536 1.87389997335 2.35900781801 3.13153886798 3.33320476438 3.50554911459 2.6282889471 2.62177090567 2.39111658486 2.16989894553 2.00440012628 2.03942743092 2.19477363061 2.0150928957 2.17943365574 2.34377441578 2.95180621296 3.07898903323 2.80164952914 2.52431002505 2.35356660103 2.33537076092 2.44011068319 2.29111841619 2.1421261492 2.08032252117 2.07869214444 2.07152295019 2.06013307656 2.04548991031 2.11534997339 2.18328738143 2.19523752663 2.11587302164 2.16010686001 2.14371336595
1.80614467837 1.77563181049 1.83292670622 1.90569287588 1.85261685529 1.85306603592 1.83889039833 1.82166492503 1.96575627154 1.99160018677 1.94092318267 1.97334136953 2.09234273338 1.98420556111 1.75410877061 1.86605386394 1.97849499461 1.99715610028 2.02260828505 2.20093104259 2.6025851581 2.8042510545 3.00591695091 2.82550292317 2.88774277625 2.46430084259 2.02449516091 1.81596128669 1.91296625785 1.94133987309 2.17050791815 2.39325294538 2.58328808397 2.84337854109 2.79812053775 2.63297757403 2.47270599685 2.44079964664 2.47010639529 2.49582164584 2.41318643208 2.35844023273 2.33140963793 2.3166192162 2.29077657432 2.2729106559 2.20763174751 2.04620192608 2.05218974058 2.2168083134 2.38821889027 2.33661421965 2.26797719138
1.8586059945 1.80750195765 1.80107298712 1.86861641191 1.86122531635 1.85308921046 1.85420811606 1.88965398756 1.92152556155 1.95339713554 1.91089288603 1.85943991971 1.97438137655 1.88062558558 1.81721893908 1.81762281061 1.83617198218 2.21989248262 2.61192806802 1.9308473287 2.06977848145 2.27237134835 2.47496421525 2.68984210516 2.79446172602 2.87368050193 1.89295626871 2.02931728552 2.13759080253 2.01680144867 2.17683722054 2.42446650223 2.67209578392 2.8724712255 2.79052171354 2.63025013636 2.54586293931 2.52626441324 2.62912926554 2.74933235142 2.57914091757 2.53332209675 2.50612536619 2.50760778882 2.46138142595 2.39352726376 2.28783125065 2.11871875012 2.12653173948 2.27922430095 2.35055526021 2.3767218215 2.40342447696
1.90405017289 1.8389043239 1.79899685938 1.80504040621 1.84463761763 1.83787275335 1.84796606782 1.88099357856 1.87729485156 1.90916642555 1.87381762107 1.83018558529 1.84741711591 2.00810234246 1.82718634526 1.83911609517 1.84815172909 2.08758751854 2.19540947388 2.06391751169 2.07389178091 2.16229480637 2.16378134848 2.40017259023 2.56621887261 2.63684587692 1.9564799806 2.24323399336 2.17449730254 2.09226302425 2.18258815133 2.37704586987 2.5715035884 2.65089882104 2.42113042658 2.63775225586 2.5970062564 2.56597381302 2.74099667327 2.78637605581 2.68705121687 2.5994345283 2.5317968259 2.48050175643 2.38882608881 2.41843814085 2.40372333554 2.29537395697 2.25592939852 2.2825052697 2.31203298102 2.39577317921 2.51441830961
1.86681647184 1.85148385654 1.81154599216 1.76799580904 1.80188344237 1.82265629625 1.85008317441 1.90313799718 1.88654695441 1.86493571556 1.83674235611 1.81003113963 1.81113351656 2.20985867749 1.99253037876 1.94856948003 1.93027472013 1.94442301206 1.96670699212 1.99616539778 1.89801021794 1.76216480208 1.76365134419 2.20549478738 2.41381175634 2.43687604006 2.29649597232 2.17433737376 2.06433401371 2.01365574394 2.07915037614 2.1967678135 2.43574006581 2.49994294572 2.52126729825 2.64940933386 2.62766512352 2.63523216123 2.75821608547 2.73585786118 2.73906878925 2.61825183116 2.5472310151 2.62426646525 2.67758317197 2.60864188849 2.55862292033 2.45423756853 2.37801803465 2.30217145477 2.2748246557 2.36639199646 2.48984614379
1.912290506 1.85836400798 1.81371906167 1.76461571124 1.79651866555 1.84720319341 1.8747293897 1.89190500108 1.87075874718 1.8630003115 1.84930527653 1.82545212583 1.8674421015 1.94869677513 1.9067295702 1.86739131653 1.88140958713 1.92053100362 1.98380627307 2.07384773047 1.95002438642 1.8075809681 1.74571317566 1.85197269486 2.09528926548 2.32266405748 2.20704220255 2.06004409563 2.08045009375 2.13171432046 2.55156165166 2.60771586513 2.23927137451 2.51836235789 2.37954019585 2.53892999579 2.65832399064 2.73005611514 2.72100096778 2.75443503106 2.73335015213 2.7441497339 2.67308827454 2.6810706508 2.73127643913 2.67357624897 2.6150344283 2.47541324565 2.36182661179 2.31435196759 2.28488727204 2.33789394377 2.60189970788
1.92031478685 1.87133893716 1.82272649395 1.78357584983 1.8452545208 1.86970813961 1.87918680927 1.94472120638 1.86862997784 1.86297504558 1.85737825221 1.83294396825 1.95675000949 1.95169065698 1.82834465439 1.81598025948 1.85434771373 1.8812548587 1.96066281802 2.14448197323 2.10463831545 2.07634671664 2.04805511783 2.12389740771 2.34323557858 2.26501098812 2.1501807678 2.00459222853 2.42259195208 2.64600825795 2.68819845085 2.70840859228 2.24770433265 2.16613549163 2.55446791621 2.5179574954 2.61793477691 2.6198220152 2.54963363287 2.47944525053 2.58375198788 2.79297620316 2.82910351018 2.79527908279 2.76322172572 2.71704089866 2.66330075143 2.54356745744 2.44133442492 2.39852025684 2.33176267731 2.30753059398 2.30590930414
1.93908859048 1.90786699481 1.87058554507 1.83330409532 1.85872673666 1.84878546112 1.86532699035 1.88255109613 1.80094736872 1.85610116956 1.84473710625 1.83785995911 1.84284196171 1.81824000295 1.78662488868 1.78816442385 1.81507156881 1.84197871378 1.89968735912 2.0158280153 2.10541852365 2.21440881842 2.32015180792 2.36380709968 2.28558250922 2.20735791876 2.14251473233 2.17383501566 2.31215535422 2.20935784792 3.05849312535 2.68905139816 2.45587761383 2.42628032687 2.81046027662 2.90809374248 2.70378993064 2.70949994991 2.29896040608 2.22492960835 2.47993414148 2.76106017846 2.83980042428 2.76833497522 2.76644657675 2.78589677762 2.80950661795 2.88409399813 2.77144478918 2.50761562573 2.38329365977 2.28894050579 2.24328078742
1.93543203904 1.92356671141 1.91555732996 1.88303234081 1.87219895252 1.83573121763 1.82943032512 1.83724973827 1.86793485608 1.81998627138 1.86135148596 1.86770059409 1.82869763206 1.78290854463 1.77527728943 1.75618850303 1.7808514036 1.80923002152 1.81094024023 1.93298133953 2.00157999978 2.04370127328 2.11984482192 2.56731562096 2.43350042357 2.24012062166 2.18446287307 2.26966374133 2.50590283364 2.85407312068 3.25451906747 3.14042603074 3.04667094954 3.02307375525 3.06645263702 3.29822998957 3.09392617773 2.91706884854 2.45305268898 2.17440514027 2.45941864315 2.77648744439 2.78963129579 2.72809240338 2.7860606775 2.86701139369 2.7254000512 2.71611592151 2.54940227112 2.40061484666 2.41040571466 2.34378034307 2.29478722233
1.94398960082 1.93212427319 1.92037975509 1.91377394716 1.89547913656 1.80544602788 1.84690667454 1.87354392494 1.89761138166 1.86289398285 1.82252669746 1.82949744071 1.77931493823 1.79550351966 1.78503714147 1.76503383279 1.76945156789 1.80234051798 1.82681927407 1.8482761955 1.94521071076 1.9940530763 2.03000133566 2.6618417084 2.46013956453 2.16357462169 2.24311029846 2.33561915185 2.51517538422 2.94009307059 3.34479773878 3.53389427156 3.64346437793 3.61986718364 3.59626998935 3.68836623666 3.37004099673 2.95074629918 2.41896548282 2.21711593623 2.35155500483 2.66625804587 2.76720576557 2.84356545325 2.91042255079 2.75977278448 2.60912301818 2.5198478134 2.35974890948 2.36953977748 2.37933064547 2.40033395746 2.3277420048
1.9533549297 1.94969486247 1.92881650734 1.91859637229 1.85516031178 1.85386215522 1.85556364399 1.85726513276 1.85896662153 1.85529519414 1.82216994079 1.82324621289 1.8312447661 1.821918088 1.810806955 1.75907940408 1.79278112201 1.81095413495 1.82884802979 1.88271987152 1.9045871125 1.95434240458 1.97680070988 2.30143868166 2.14878792214 2.09604760393 2.25013185056 2.27034429338 2.2905567362 2.53440154625 3.03155849152 3.50099915966 2.99316827183 3.16080808495 3.32844789808 3.63039691386 3.24575857262 2.87249788179 2.41135604267 2.25982673219 2.29106796602 2.46541878785 2.36491917237 2.87892068183 2.74563394299 2.61818329607 2.49073264914 2.34219621885 2.35996618451 2.42622700573 2.49248782695 2.47720698842 2.35790882303
1.94725361564 1.96607882439 1.95859586953 1.95014660524 1.93623001019 1.93385806275 1.93555955152 1.93726104029 1.92719102163 1.86835553042 1.84239436132 1.79995223115 1.78651705565 1.77776333307 1.77237194017 1.77208942538 1.8064503528 1.83545262111 1.84659791996 1.85843278873 1.8702676575 1.9011417788 1.97430937112 1.9524202585 2.07685206018 2.07361277139 2.09282499264 2.14199768112 2.1911703696 2.24034305808 2.85097672386 3.05731630677 2.53668360333 2.62860901449 2.90485345788 3.20784609469 3.03409907877 2.74324723063 2.53163474563 2.21905603776 2.0926829956 2.24826411745 2.44914304586 2.62435117342 2.42880550297 2.30135485604 2.27029270055 2.32317092409 2.45671458361 2.57286497044 2.62258904521 2.55359541516 2.42944378398
