Examples/results/velocity/asciifiles/KR2_140510_120000.JPG_interpmap.txt
ncols 210
nrows 326
xllcorner 447100.0
yllcorner 8755490.0
cellsize 10.0
NODATA_value -999.999
[rows 207 to 229 of 326, columns 106 to 158 of 210]
4.95575456957 6.16018580032 6.57676410445 6.28112961437 5.99254616668 5.83294956412 5.67335296156 5.513756359 5.2482796786 4.87711955283 5.46601172595 5.18113729303 4.73718683219 4.51016655052 4.6804697849 4.67578875017 4.67110771544 4.4846490895 4.43206533324 4.37948157699 4.32689782074 4.32168983317 4.1127740663 3.84949446974 3.81048172868 3.9157192895 3.95124015626 4.04566785865 3.97067839677 4.05658803512 4.19332173658 4.05470038357 4.11502323152 4.47661938926 4.61605138103 4.51130487292 4.33968807092 4.08397167142 3.72895936687 3.72987572274 4.01085972826 4.37237563685 4.73389154543 5.03875057424 4.60356695174 4.1408829046 3.87289272135 3.70190513965 3.85553055166 3.91517026173 3.98269086561 3.98886183856 3.89883391428
4.60936110369 5.5288134472 6.27245458536 6.56407280936 6.26843831927 6.04488945584 5.88529285328 5.70323750271 5.39795121084 5.09266491897 5.18396386553 5.28421354267 5.00498727053 4.73506384746 4.66732884297 4.61533331566 4.58477521436 4.47784538387 4.4252536765 4.37266196912 4.32007026175 4.26747855437 4.15758354193 3.91651184071 3.85871266725 3.8196999262 3.81781101264 3.97496851834 3.77770412087 3.90906252965 4.0457962311 4.1284972854 4.15112038523 4.58318709603 4.58351947723 4.41210426521 4.25395707281 4.11983074253 3.86055140335 3.83255326185 4.06694849313 4.30134372441 4.53573895568 4.84525243021 5.07847271967 4.58092932018 4.14785525224 3.8490654695 3.90787216479 3.95474648733 3.97453543642 3.89768565001 3.82739248307
5.23342494022 4.66791335608 5.42001383583 6.04238533732 6.55138151426 6.25682934756 6.097232745 5.85290903495 5.54762274308 5.06462667318 5.00932130766 5.0904688155 5.00500235359 4.69585600915 4.64596643081 4.63688813962 4.60964643613 4.37352009011 4.25249895163 4.19990724425 4.14731553688 4.178778121 4.14365118267 3.98641802106 3.90822482121 3.97148907323 3.98553032901 3.9132678962 3.71595760794 3.76332416138 3.89905416857 4.03500442708 4.119233986 4.07452805427 4.05123628708 4.02338228458 4.09759694747 4.15916415349 3.92624927369 3.72309820436 3.79833210585 4.03272733713 4.31628142349 4.65062170757 4.85873703896 4.65827992161 4.09714521569 3.82235549825 3.96331720669 3.96754428177 3.87390742769 3.83417878043 3.79063017115
5.56124451309 4.56043506667 4.54159771576 5.2198296959 5.81231608928 6.40480248267 6.30786685906 5.33907476424 5.2122114974 5.08534823057 5.0342321975 5.04351065568 4.96374317513 4.66725748805 4.54635558959 4.65319539108 4.68530051814 4.43574313445 4.08812739747 4.02715251938 3.97456081201 4.08444589327 4.10671617745 3.98140157933 4.12419188054 4.19041340269 4.18759690262 3.92044891327 4.18724683939 3.95355338961 3.76280386174 3.89853386893 3.92808924938 3.87905575771 3.93773506005 3.87800157622 3.94123682213 4.16022738091 3.9694197279 3.78300062269 3.6452947785 3.78731041676 4.15732836293 4.43616084589 4.52508535982 4.28893728676 4.04643517914 3.795645527 3.86584598902 3.87850613099 3.8111649358 3.78995205572 3.75386785924
5.60147892935 4.59887379881 4.33798509011 4.39727405447 4.98976044786 5.88884450716 5.41965320317 5.33378302116 5.20998215325 5.08618128534 4.94670406065 4.87729393059 4.77416556009 4.54920331274 4.65232702951 4.78034669342 4.74313747088 4.66646011537 4.32040652843 3.85439779451 3.90496896138 3.99011366554 4.01772185674 4.08761716617 4.26757942346 4.39443892392 4.1727005484 3.81521809253 4.17389918893 4.48302808536 4.19114917128 3.89498968138 3.84795651619 3.91289778502 3.97670923708 4.01552457781 3.78487669679 4.12384543451 3.97131552264 3.78470741657 3.63777189006 3.69231888296 4.03794390464 4.2245078107 4.42959331643 4.29730176894 4.09089677521 3.69827363395 3.73229918793 3.77628324453 3.7484224439 3.72720956383 3.70599668375
5.66168258886 4.63731253095 4.34704684693 4.4430632555 5.2824041971 5.37432698011 5.33584309146 5.29735920281 5.17372360799 5.04992274008 4.83674723034 4.73194683292 4.58458794504 4.70444579477 4.7923323416 4.84185719153 4.80418010928 4.72311667114 4.63086073934 4.3125967735 3.95734020382 3.87930287882 3.90084579586 4.12745299584 4.31532193312 4.42718724894 4.23694551914 3.8850946824 4.08022177994 4.62139320322 4.72490444284 4.39267281853 4.04651380396 3.87381087519 3.93875214402 3.95484260732 3.76264374109 3.96757276316 3.90807060091 3.79046845748 3.60386035141 3.64031844436 4.15661155087 4.39488317685 4.65113921936 4.74418997283 4.26723477612 3.7348023967 3.66144506924 3.68882472562 3.69685786012 3.6758553301 3.63288690527
5.5659933381 4.78624087185 4.69056481499 4.78658122356 5.61163913722 5.2905168684 5.25203297975 5.2135490911 5.13746506274 4.97251344229 4.71920686525 4.72737595107 4.62500591759 4.7156639184 4.79053768981 4.86382764593 4.84466348662 4.74809687966 4.65153027271 4.49558100701 4.1622693254 3.82099694639 3.88617388538 4.12910969873 4.32494708649 4.36506826529 4.21438054268 4.04215024538 3.98201701851 4.42887015135 4.71823322084 4.75180426147 4.527408634 4.19229304068 3.8996652342 3.87862704413 3.87471132837 3.91876830842 3.86381418914 3.74701806498 3.63022194083 3.66976887046 4.07948809118 3.9085449607 3.99756588522 4.09465799506 4.20137531336 3.85573061244 3.58820791725 3.60868654052 3.62916516379 3.61936311254 3.46930969659
5.50281765875 5.3660440198 5.22927038085 5.13009919162 5.24519064535 5.2067067567 5.16822286805 5.1297389794 5.09125509074 4.89502372829 4.64171715125 4.53726477433 4.63827715579 4.7214704292 4.80515631425 4.8888421993 4.76010453269 4.71724821289 4.66771147522 4.5095802881 4.2134513531 3.90502939728 3.87010320576 4.11443778825 4.33457223986 4.30294928164 4.14286293909 4.03129747257 3.92950054694 3.84455929725 4.01449507078 4.14760215323 4.24621164315 4.24676145668 4.02236582921 3.93838551926 3.80307352671 3.96114729755 4.0611279921 3.98662134006 3.86982521591 3.58424822955 3.97893472278 3.88205103279 3.69754942053 3.678576489 3.55184333559 3.6585606539 3.50146682536 3.5546818301 3.65921147642 3.71742920089 3.33532645932
5.65941874015 5.62583893243 5.51280645342 5.23075824487 5.5989284327 5.56396514195 5.5290018512 5.49403856045 5.26100380296 4.92220784877 4.8105316272 4.7138693025 4.63703404304 4.67034279851 4.74236923954 4.80937092247 4.67897399776 4.57802226576 4.53516594596 4.52664164465 4.37330881251 3.93674017197 3.85145649307 4.0972730496 4.34270169112 4.22250157546 3.88870761816 4.0797292738 3.81789116604 3.73248258909 3.66874726443 3.68129288899 3.77157121221 3.86184953543 3.96130410704 3.80912971587 3.74005896515 3.89900199149 4.05794501784 4.20348767578 3.99726525381 3.49872758863 3.8388115769 3.89099630921 3.68557402076 3.72812388145 3.81578911392 3.7489047079 3.61318586275 3.71771550907 3.82224515539 3.94485591405 3.87709879142
5.64877431534 5.70822595809 5.84646232061 5.09634294656 5.18819691282 6.11078997444 5.97822164367 5.71062441415 5.43559517783 5.15699630964 5.28612098152 4.77583866677 4.48940704182 4.46511931365 4.54022301287 4.6655501015 4.55533764979 4.44512519809 4.43223103664 4.42884982996 4.38922729855 4.05594238007 3.8921712101 3.86095998559 3.94424923349 4.04141567437 4.00243329309 4.00303456291 3.8075208914 3.65653565216 3.75608036626 3.67469704934 3.70046545841 3.81900940497 3.8738964927 3.78496710192 3.69647159147 3.86032701697 4.02418244248 4.10550647399 4.01195559578 3.41320694771 3.69868843101 3.87180333517 3.67359862099 3.75141085671 3.7448096079 3.51028049487 3.51572355362 3.88074918805 3.95259882864 3.69532340373 4.47848788178
5.62747820872 5.98986206759 6.37408406942 5.7333038566 4.89618479571 6.20685806176 6.16024502533 5.8926477958 5.60036863369 5.5875534651 5.68677830534 5.17649599058 4.66621367583 4.26494478114 4.37400273032 4.51119477087 4.41151682883 4.39189586871 4.34500151969 4.3247359252 4.21839081123 4.20028464947 4.10908494148 4.07546248773 3.96131040793 3.8391389783 3.85009389699 3.87326696935 3.67790968312 3.71496060982 3.8434134681 3.66884103873 3.71352796967 3.78321976747 3.78648887836 3.78975798925 3.73586921992 3.84000569201 3.92441505907 3.92291946192 3.68272280332 3.45387828184 3.55856528513 3.73168018929 3.73720611022 3.56500610352 3.48435118763 3.59686588707 3.75385929716 3.95702901635 3.88158493155 3.61458880577 4.50369179731
5.60327616006 6.25294573705 5.64540241322 4.89564266936 5.43297308405 6.43254130333 6.39008292552 6.07467117746 5.87273980733 6.10045794133 6.08743562915 5.5771533144 5.06687099964 4.30343825403 4.34345776367 4.34497448833 4.33361066564 4.32744132756 4.22729910833 4.12992395045 4.0475543239 4.13745548306 4.05558118844 3.96024946548 3.92715791403 3.73978494572 3.78322181651 3.74349937579 3.72538880682 3.77338556748 3.69436440881 3.69147573432 3.73711853014 3.77688219926 3.76793277735 3.75898335544 3.80935388908 3.97550298378 4.06320392761 3.87823282804 3.63478231397 3.436507628 3.77606467364 3.82575870381 3.78447650068 3.66900057841 3.56291857032 3.98681503832 4.14650508116 4.34967480035 4.02694131068 3.72928189642 4.38957493619
5.7708709229 6.51229592255 5.61679096457 5.44524510272 6.00088508182 6.6582245449 6.63838513841 6.3009709323 6.38564428355 6.61336241755 6.48809295297 5.67986929459 4.35597261119 4.47881960976 4.5999147491 4.27611058881 4.20557139269 4.16537263029 4.14409732811 3.98526801221 3.8873494474 3.96889706935 3.94309178868 3.93138049847 3.91373530067 3.78820892403 3.82523042715 3.81660705299 3.80321593435 3.76263066598 3.70822974722 3.71790038644 3.77529493658 3.83268948672 3.83700762847 3.64376780401 3.74389396785 3.96401491695 3.89731178325 3.83354619416 3.63365412305 3.4720585315 3.76657771705 3.79887059865 3.75808905135 3.67952167335 3.71254306631 4.37676418957 4.53915086516 4.6366463944 4.22931827074 3.50893845575 4.08100740467
6.71181732765 7.45324232729 7.08263924264 5.42174110474 6.18756760418 6.95339410362 7.30372549273 7.31218910227 6.03175853248 5.89531917859 6.1460254849 4.82516340374 4.39989580493 4.30544894109 4.22228913124 4.23165784345 4.15251514013 4.0733724368 3.99422973348 3.95376524557 3.83644232593 3.86244067118 3.88139130519 3.88544801333 3.86933814359 3.79383221551 3.7833606039 3.90782063435 3.68378731324 3.6809705461 3.69050869409 3.73445733838 3.79168159194 3.84612058186 3.86610644244 3.50825157232 3.73471086182 3.97436817097 3.9247006995 3.84141131504 3.91077694459 3.98490570061 3.85728662493 3.75976764506 3.63890754124 3.54126755886 3.69281869217 3.9348406899 4.86275302937 4.82428829975 5.06207170142 4.21302451509 3.86289670632
7.85739743214 8.39418873204 8.03108282476 6.16578414488 6.16406360619 6.62443754094 7.97066134515 8.32340727224 7.1217735004 6.23815389616 4.94712190643 4.48798359483 4.45330757093 4.29570620435 4.2125463945 4.17860159089 4.09945888756 4.02031618424 3.94117348091 3.93485921809 3.94059747235 3.89943728878 3.90077435725 3.90211142572 3.83872329584 3.80968215763 3.79875580195 3.78470083361 3.70159562851 3.66728553721 3.66101629414 3.70370198769 3.77104493297 3.77233828092 3.78531890649 3.81363569913 3.7231872514 3.96896534917 3.94055166908 3.96049516981 4.03676156271 4.1130279556 3.98879689389 3.83638638063 3.73129548333 3.79249584025 3.9070489469 4.26229222202 4.87083998427 4.25521824074 5.22476295269 5.17931651819 3.64478600798
8.69446487032 9.33513513679 8.97952640687 7.29273784997 6.1405596082 5.66122451564 7.41927646533 9.31822630266 8.51262008235 5.03925031769 4.42733236039 4.55583890197 4.62061466181 4.4353878944 4.25016112699 4.12554533832 4.19236538952 4.25973392129 4.27699550927 4.19300196939 4.160064531 4.05353826296 4.04338953587 4.04472660434 3.90573911838 3.74455388118 3.7336275255 3.71115106146 3.68222793662 3.65651211495 3.6328055238 3.61410426119 3.7134338387 3.66195567477 3.80930046537 3.76832577234 3.7399298148 3.77898299685 3.87641591402 3.89224440921 3.95171293679 4.1404517842 4.03242219249 3.85391232423 3.88421148878 3.91944278093 4.25381204582 4.79369962762 5.06584727014 4.16376506535 4.40283409851 3.87028198505 3.48598513799
5.86278111154 9.51770925295 9.92796998898 8.24118143209 6.55439287519 4.96894174818 6.8678915855 7.45116136296 5.97991346846 4.36668112594 4.49518766753 4.62369420911 4.75220075069 4.60269498527 4.41746821786 4.46121435615 4.65197715626 4.60230579041 4.51831225053 4.43431871065 4.34773245773 4.2412061897 4.1860047145 4.16902078347 3.97275494091 3.77648909836 3.66397901121 3.6771999063 3.6904208014 3.69687180082 3.64497624873 3.62704015116 3.64487919006 3.58231646609 3.76629314341 3.71981082507 3.68673498761 3.7043162652 3.75995681347 3.84459875511 3.99737690779 4.15428999206 3.98844520649 3.85505656704 3.95689454617 3.99212583831 4.46425207472 4.99753408832 4.80483754754 3.94379443921 3.86551969145 3.85747383203 3.51028769564
5.79963401733 7.02661290031 10.4553893927 8.80267296938 7.14995654604 5.33222470979 5.31768384382 5.01740646184 4.28046690117 4.43453643308 4.56304297467 4.69154951625 4.82005605783 4.77000207615 4.57546705636 4.42753082167 4.63617152063 4.51298969916 4.38386563003 4.25474156091 4.34349091123 4.42887411643 4.32861989312 4.23603660601 4.06354148826 3.97237835598 3.87667127339 3.73774286817 3.73755038294 3.7326757888 3.67156234763 3.58265830918 3.58311222389 3.6414769562 3.68029601864 3.63333435197 3.71183717082 3.7418044254 3.70215339771 3.82268696555 3.99963260039 4.13368822205 3.92653511373 3.89786634014 4.00429585456 4.13226001158 4.49598440426 4.52571097419 4.35991727091 4.15668122825 4.20575101403 4.14252916303 3.55135761132
6.96825515572 6.72795852709 8.71322678678 9.18796510376 7.53524868043 6.57253942376 6.83662832652 6.6329538972 4.28486092893 4.18262706058 4.49348671422 4.75940482339 4.88791136497 4.93730916702 4.54320871256 4.28075349956 4.22394859686 4.15933208316 4.04303755699 3.9326316827 4.06410954342 4.19984125946 4.3355729755 4.39634956297 4.35102796933 4.25986483705 4.16870170476 4.04119747519 3.90226906997 3.7316165098 3.6189586215 3.58229173024 3.48024005485 3.55260620795 3.59098000338 3.62019739365 3.57042989402 3.5811459533 3.70999269911 3.78921410971 3.9450640469 4.02199835491 4.13814700422 4.1192838097 4.10042061517 4.02277018001 4.02416129013 4.48666715237 4.43163970544 4.44374220571 4.38836935317 3.86864837682 3.63052302474
8.23643396501 7.99613733638 7.75584070775 9.57325723815 7.66803120144 7.81285413774 7.38984747148 5.61923014811 4.28925495669 4.18702108834 4.08478722 4.39423474248 4.81311122909 5.0842732137 4.51095036877 4.02332915237 3.97626349869 3.91932273374 3.91097661089 3.89949644407 3.86289624257 3.96483180046 4.1005635165 4.07320778063 4.14127987712 4.20935197361 4.2774240701 4.27111499015 4.0416565144 3.79560898798 3.56635489536 3.55506016415 3.55262562071 3.56744222281 3.57212998007 3.6652222036 3.50985702056 3.63997114432 3.74823897535 3.83223691245 3.93248206254 3.87910078521 3.93671281724 4.03393860393 4.02712774516 3.88494256368 3.78086043152 4.43290426434 4.46024515883 4.4048723063 4.26859709121 4.00963629923 3.96653139825
9.5046127743 9.26431614566 9.02401951703 8.7837228884 8.78907994895 7.49249558682 5.5849961946 4.6638659417 4.58400403947 4.29790396648 4.08918124776 3.98694737942 4.29498277074 5.01038811542 4.25240848872 4.212714406 4.14514984966 4.01946872149 3.9413301958 3.90446253982 3.86786233832 3.83126213682 3.8655540575 3.75397351539 3.83527596602 3.95456606063 4.07385615525 4.35164814804 4.15060970053 3.90003400758 3.73568247265 3.69340847219 3.63979170217 3.57674625464 3.54596362678 3.63640311875 3.66931737577 3.70929924663 3.83142484406 3.90617455725 3.89774527279 3.85695088641 3.82353776938 3.863716387 3.95592231389 3.87266339717 3.83881001785 4.25680847073 4.37998934758 4.36600240689 4.19860591148 4.28386710686 4.36912830223
8.55187822168 8.39526535935 8.23865249701 7.8175143873 6.43838724504 4.70858852673 5.16917052535 5.62975252397 5.78206939828 5.49596932528 5.20986925229 5.32872222943 6.0035297614 4.49964218783 4.40755327545 4.40529137465 4.32573438875 3.98957105745 3.90610589954 3.96440899663 4.08531025811 4.07082849172 4.04293132277 3.93422336083 3.72260683537 3.75785010914 3.89106491642 4.20949321234 4.20917350719 3.80996458186 3.70708616795 3.68802301573 3.65607319365 3.57883408812 3.5197972735 3.55062309032 3.5963376018 3.76716223702 3.88316936732 3.97812348015 4.07220089438 4.14031394008 4.12787514367 4.04428378506 3.96069242646 3.90490958033 3.89999006968 4.08071267712 4.19183070939 4.34518164063 4.59975541875 4.71681205816 4.67486481276
6.13784148172 5.62757077226 5.11730006279 4.86721818403 5.18449294816 5.674475109 6.13505710762 6.59563910624 6.98013475708 6.76613966522 6.76730762994 6.04441183565 5.5136698317 4.93378772121 4.75268929001 4.5066443188 4.26059934759 4.02420801741 3.887253465 4.00792432291 4.12882558438 4.24972684586 4.37062810733 4.19911817241 3.78597114976 3.77595209647 3.76034569972 4.08492985665 3.86701837466 3.75828113105 3.71373537961 3.6905928306 3.67152967838 3.60472642612 3.53095630383 3.55123972792 3.52906972593 3.62658009038 3.71852059223 3.82277929127 3.93407430865 4.09609916459 4.32933684835 4.23848504945 4.14763325055 3.99811915699 3.89934474483 4.00278533277 4.16640994288 4.38109760556 5.38050081818 5.33370328683 4.42866188344
