Examples/results/velocity/asciifiles/KR2_140513_120000.JPG_interpmap.txt
ncols 222
nrows 349
xllcorner 447130.0
yllcorner 8755260.0
cellsize 10.0
NODATA_value -999.999
[rows 161 to 183 of 349, columns 106 to 158 of 222]
4.47464349412 4.167609919 4.37607457833 4.6331769453 5.01923087692 5.69019770198 6.28431051886 6.35399350764 5.77089221826 5.79318647396 5.2710889311 4.12400035364 3.12291415009 4.44123524268 5.92961202285 5.44658475147 4.87057103019 4.63213764112 4.8056567913 4.93111077672 4.92915636039 5.45714798322 5.96686204787 5.40050883474 5.04021845757 3.99590909554 3.77250828382 3.86581196707 3.41771662049 3.10101270407 3.64276742508 3.70838413793 3.53718157579 2.82858432564 2.37478525432 2.94676616486 3.51299657859 2.75541055275 2.72855330288 2.59313652156 3.26328223859 4.21883936611 3.88282806058 2.87477596325 2.4143834893 2.09554468429 2.2153694433 2.43894811106 2.95712039804 2.98902255625 2.6559194122 2.17837890191 3.15620829379
4.21631591598 4.43969985663 4.70603445823 4.97236905984 5.17293852181 5.30137477811 5.93933298737 6.30636854866 6.12635826316 5.49255855784 4.7899674801 3.90618143598 3.52455229409 4.29627258837 5.39132005669 5.04787565216 5.01916428924 4.98999102109 4.66514460596 5.09912849704 5.61607982305 6.04867076856 5.75676844274 5.16114114719 4.24599164839 3.53035470628 3.47288690064 3.46198930904 3.52087311068 3.51329896558 3.70199592682 3.89069288807 3.40531454516 2.60007131791 2.44882462312 3.1371949296 3.85859330326 2.71556344214 2.50917710747 2.69830843089 2.91808652581 3.32885057745 3.16682583035 2.89071938123 2.49375220519 2.08710701105 2.02445982986 2.37982154497 3.11620452022 3.14605915497 2.74405362387 2.69157816327 3.56531266407
4.51255736956 4.77889197116 5.04522657277 5.31156117437 5.6217614933 5.33693300876 5.50250353591 6.11039403298 6.42136684263 5.36889605372 4.52443627205 3.71822902237 4.37203911081 4.5626032762 4.73957242809 4.89639926772 5.05322610734 5.15581460723 4.9553659622 4.6676526082 5.53368888607 5.8017531157 5.54667483761 5.2547725118 4.14695795546 3.61890162816 3.49887831905 3.3832401518 3.37789208246 3.16391239805 3.31095356092 3.5766441497 3.28615415296 2.59149204077 2.27473577585 2.93213648263 3.10616562572 2.95736553176 2.55182787312 2.8029271219 3.13232630403 3.0965940266 2.78539548679 2.83619128435 2.43922410832 1.98445348883 1.86445193312 2.66119575749 3.16774346162 3.35863682801 3.3920291356 3.44919671303 3.75462486404
4.78121897814 5.0878085429 5.3844186873 5.6507532889 5.91708789051 6.33473435563 6.64426567031 5.74339849315 6.11666802346 4.92857092949 4.37940652375 4.18376864646 3.57240282124 3.5634333456 3.73225905772 4.04129183137 4.39208143855 4.55617300709 4.35572436206 4.5648578497 5.19797763276 5.16839258562 5.09222447035 4.95329346562 3.97469866642 3.67708627062 3.45524961395 3.06848523224 3.51690125852 3.25810117466 2.86684173019 3.72635659075 3.29588072262 2.4268709993 2.42391196095 2.80203864458 2.99592687366 2.66169385217 2.0582938215 2.65982882764 3.19050953468 2.88001740868 2.44220824435 2.53547248787 2.35891670769 1.87221315024 2.05732254264 3.22886270018 3.57222352827 3.34006772041 3.28041366381 3.33936840235 3.71399393653
4.46813914307 4.77472870784 5.08131827261 5.38790783737 5.76723167531 6.31596927766 7.81250416654 5.54797803291 5.35810469859 4.73628143889 4.75974880708 4.73227775243 4.34206141516 3.72238659724 3.22372246338 3.42178925463 3.77257886181 3.95653140696 3.94987693712 4.51558837654 5.04328236423 4.88895980466 4.76091859601 4.52894825063 3.9727211322 3.56981446689 3.10485632292 2.91108820722 3.38121537891 3.71920209682 3.98299700077 4.25321567277 3.77822468886 2.70971420159 2.49153756214 2.70809305244 2.76411448023 2.73958927792 1.90629748683 2.44790760925 3.07036215264 2.79549966635 2.16565409294 2.3103544623 2.48202746488 1.80838799718 2.03324946647 3.14602704618 3.61322618892 3.5553450228 3.40721970599 3.27570196804 3.40931257365
4.15505930801 4.46164887278 4.79587510108 5.18583373598 5.60706704688 6.19036286306 5.92939499265 5.31843643938 4.9401659999 4.64852254048 4.82580452514 4.93152919337 5.03326009055 4.53484851974 4.17823871949 3.67426675273 3.17029478598 3.35688980683 3.94917052919 4.59629406443 4.97540962243 5.11155477329 4.76575606333 4.54890349536 4.22425189495 3.74176027084 3.03498264643 3.13214605245 3.15738354317 2.66060967679 2.54960418118 3.77753422151 3.56573666369 2.92469862951 2.68470754458 2.87810715235 2.90514284162 2.71745218779 2.18668473557 2.51259090312 3.06483635212 2.764872736 2.34348926524 2.42416418774 2.72743907608 2.32276713647 2.49986855146 3.02177601907 3.58396888091 3.80987135985 3.6812825951 3.55269383035 3.1469928337
4.04899273392 4.21953056974 4.16229490215 4.47162115401 5.464642601 5.704237061 5.2775014952 5.02676571982 4.69015432581 4.06993509288 4.11090494452 4.44061127509 4.96105138323 4.24042791467 3.79536536787 3.47557318754 3.15578100721 3.21796201691 4.02987621708 4.53997885179 4.90753688064 5.27509490948 4.98835103197 5.23666613974 4.86256576307 4.12003397351 3.19135503655 2.93964698522 3.43752420371 2.85790510095 2.44366925066 3.53006948985 3.99453871544 2.97721670436 2.62276481799 3.09211928014 2.95319536566 2.74845126428 2.49555058582 2.66337726698 2.6601370623 2.59356732082 2.4251428642 2.32826219159 2.97285068727 3.05084251239 3.08578620059 3.18707598701 3.63779321944 4.00644447025 3.59982134357 3.03752062059 2.88512142141
3.91234158014 4.01588337192 4.59617967396 4.81431906629 5.35584619174 5.4118022552 5.34717537778 5.42929368308 4.94690389512 4.46451410715 3.98925643017 4.04105977205 4.84301150086 4.1223880323 3.40321299396 3.12739257553 3.15090573004 3.17441888455 4.05672920029 4.47210611 4.83966413884 5.20722216769 5.27676967304 5.11226999517 4.00704754151 3.71813158527 3.64445227077 2.77812539164 3.51736196134 3.33450020005 2.47930989287 3.1278568915 3.53294972457 2.94247310003 2.52527153504 2.61745916074 2.65733701902 2.66734882138 2.76385901652 2.95644522227 3.11678465141 2.91200129968 2.50260041267 2.91064287777 3.23037371085 3.338850033 3.44688750643 3.5680534906 3.8888115725 3.57153953266 2.80318150872 2.34883556001 2.52419490292
3.91834051935 3.84291330124 4.17042010019 4.5722717179 4.41888117963 5.15397594514 5.60295815832 5.66535421396 5.13305881525 4.53998125845 4.12503948911 3.9703058124 3.89477386075 4.10964923349 3.40676430063 3.09109063004 3.1197136402 3.1949017548 3.82809421324 5.15918044869 5.51712807561 5.68143573023 5.43509774225 5.19669185739 4.52977511604 3.56017924243 3.13255655189 3.1804181931 3.7542494096 3.57951675494 2.82322428295 3.11613531836 3.21181714429 2.86118246928 2.54132692955 2.71815979137 2.59347973168 2.57031130801 2.69473239972 2.86176188485 3.55459923437 3.62417742012 2.819920616 3.1301711175 3.43513741109 3.64057989624 3.75353479221 3.62949112678 3.2624911437 3.06621958216 2.81422856964 2.97893277955 2.38645724779
5.10075235397 4.19584084117 4.34972676116 4.63598720841 4.65121149389 5.06341100647 5.50089245772 5.43579393148 5.01245305545 4.41937549865 4.1460414459 4.18915162191 3.89100019373 3.60962142637 3.32824265901 3.1559188925 3.26102658532 3.30979422456 4.06575052453 5.30827573424 6.06273240127 5.876578528 5.44260332716 5.18966987691 4.52275313556 3.85583639421 3.2155112104 3.02849304418 3.30127856416 3.05033641555 3.07214321457 3.62858546401 3.58653701004 3.35961248063 2.83523097374 2.74954557382 2.59682604353 2.66556677631 2.83487115685 2.70142559991 4.08067591418 3.50715753294 3.09977863544 3.38240815264 3.65254404012 3.73906855378 3.41954510829 3.10002166279 3.27530161901 3.45857746641 3.4755949756 3.46574324714 3.31624006971
4.84136360562 4.55250083443 5.40149797732 4.41301237231 4.52080065347 4.9084878821 5.29617511074 4.97012771893 4.58323866769 4.381574366 4.21468157436 4.23277120266 4.31311601844 3.98613070144 3.36113665469 3.31861095809 3.41510848598 3.46415606738 3.82529709338 5.39714498189 6.06711645241 5.83408947782 5.54613651836 5.18264789642 4.51573115507 3.79246833471 3.10679558852 2.84933771115 3.12979223382 3.10067212827 3.29471106493 3.48875000158 3.72103072621 3.03464936518 2.42789674553 2.27642055526 2.65344895201 3.02552780584 3.35317762352 3.92810970302 4.47505199913 3.88873413951 3.30241627989 3.45166854189 3.63576065016 3.27871526906 2.94668407889 2.62716063339 3.01910161204 3.45406319117 3.2805836047 3.09525819977 3.16161540878
4.2081480328 4.24795603682 4.92398309117 4.22301572483 4.12611863316 4.32498595322 4.33610126623 4.37384208692 4.20953186257 3.94426346386 4.53708935121 4.32683992973 4.45461620831 3.82588921693 3.31575530207 3.47786315885 3.58459679811 3.82159045767 4.18347409437 4.61418391955 5.55695053259 5.23599860666 5.55857345307 5.17562591594 4.42274651671 3.6113060804 2.96901484426 2.70985773881 2.9835986184 3.15812555049 3.36346419656 3.56880284263 3.82250083146 2.93675916461 2.19423241555 2.52494007457 2.90174247743 3.27877087419 3.63642494858 3.82633738184 4.40804476721 4.0499429344 3.66311396664 3.49387453729 3.18614589813 2.82910051702 2.47382304949 2.26266488465 2.76290160508 3.2631383255 3.1234698809 2.76941513006 3.19121147336
3.81260976654 3.99927782754 4.40080657816 3.95512570718 3.893489842 3.9214520237 3.95146518601 3.98920600669 3.94545994946 3.69522134239 4.19468171077 4.54336737489 4.13873937845 3.9090315487 4.36016805102 3.07668945051 3.41846613017 3.8743889464 4.33503651965 4.79568409289 5.10808269496 4.68103919852 4.25399570208 5.22452305706 4.17573485572 3.43014382609 2.80994652603 2.57037776648 2.90363207272 3.00199483999 3.04937554113 3.47666586644 3.76290903513 3.28910900664 2.55239953709 2.91810864949 3.24313164918 3.56815464887 4.5259885223 4.95724582063 4.30581037742 4.02372799729 3.74164561715 3.28489570434 2.97319225848 2.62379472746 2.10172019492 2.05180840312 2.6922559037 3.30882454914 3.36291239889 3.26493699872 3.1472195975
3.77955829748 3.56092402957 3.95062162162 3.78062623109 3.53097716604 3.55893934775 3.58690152946 3.61486371117 3.64282589287 3.85702045901 4.0940599322 4.384080235 4.22355732858 4.04531349173 3.59633619455 3.42156029216 3.30810379267 5.33720445766 6.86338936733 7.76557047244 4.96286116038 4.53581766394 4.66245821558 4.84181580221 3.85678258124 2.67115264353 2.76841137037 2.61361218851 2.92858152836 3.01388484155 2.99254025022 3.68243735275 3.70331723881 3.64145884867 2.91056665864 3.30147118216 3.6363002241 3.86296726862 4.35148126898 4.88776225765 4.55177628523 4.23975084134 3.82675434574 3.27738260167 2.92573613976 2.57921318345 2.12175601004 2.24903582631 2.76447285561 3.16496665576 3.43646000625 3.56049680645 3.29812542591
3.75411585924 3.58471309196 3.88072702671 3.86954595052 3.94776964679 3.97726922585 4.00676880492 4.03387482509 4.03621111184 5.35423630794 5.46108555719 4.99471006043 4.68694406954 4.49070244848 4.21416816847 4.00989251673 3.207053731 3.71665368173 6.13453492287 8.8541937456 4.88356800609 4.45652161121 4.20143876565 3.97168187427 3.17930153947 2.95652297434 2.73374440921 2.77766059204 2.91268357634 2.98137700454 3.36875918142 3.62284555642 3.64372544249 3.66460532856 3.26873378019 3.65963830371 3.99247821198 4.04181913954 4.67214460904 5.2751859584 4.86535166238 4.41366921376 3.86429746969 3.31492572563 2.9130995315 2.60549209236 2.36291279735 2.62825093506 2.84450846668 3.19221806358 3.43235469532 3.67249132707 3.43096534126
3.74475197577 3.95163098686 4.15850999796 4.27234371258 4.36926895371 4.40976408893 4.43193583088 4.43427211764 4.43660840439 5.55844697492 6.18600540583 5.42930945628 4.76196218732 5.54503177371 5.29940900573 5.19097687246 3.71777121412 4.04342454964 4.27022956325 4.64284810701 5.10901984384 4.57909518813 4.09151389695 3.70393348516 3.24447625826 2.94238652982 2.75665186878 2.68709005458 2.82372659743 2.97988845571 2.86711519527 3.13592603743 3.33855890632 3.54119177522 3.62690090174 3.80846756107 4.03171796921 4.3624824796 4.92952582365 5.09056523931 4.70925740846 4.33368536075 3.84346683914 3.35246884958 2.94589829205 2.7291002086 2.76083715836 2.5879583641 2.58271409761 3.02345707893 3.4282493844 3.66838601614 3.56130024455
3.86277877387 3.82361864605 4.00334224342 4.44234078315 4.6759995309 4.79597303362 4.74642330632 4.69687357902 4.64732385172 5.03443458062 6.38385226114 5.63475657056 5.00079080221 4.36682503387 6.58424042074 6.51887753144 4.60286662043 5.04436860509 5.23314863315 5.18643536449 5.13972209583 4.54060819607 4.27139012316 3.72650618269 3.21989328582 2.88919319926 2.79817448683 2.67401915439 2.64712709273 2.76767158381 3.25619345015 3.09519328518 3.22634871203 3.47120934563 3.68193728408 3.71437749044 4.03157528159 4.48177144772 4.78549328672 5.12226244289 4.47520961872 4.10651006354 3.61629154193 3.17010729833 3.01097522802 2.7919214616 2.9419582527 2.88025568066 2.87110251078 3.04129988522 3.24620541525 3.66428070522 3.69163514783
3.97080772541 3.93762504033 4.00996031686 4.35260650008 4.61864061511 4.78581322864 4.77251405965 4.72296433235 4.9214473353 5.44609670535 6.27456134017 5.87358518546 5.23961941711 4.6013400629 3.88310471695 7.08811727827 4.58946880854 4.44370529586 4.28329657733 4.73782257431 4.49253528276 3.76373621305 3.03493714335 3.33290256025 3.05341656933 2.9691622163 2.80440347397 2.59571236038 2.51408615451 2.62343733161 3.44361288653 3.73806395381 3.50328986306 3.697809911 3.55401280371 3.68143787491 4.47457149592 4.8932264716 4.57909766199 5.16349642258 4.29861365561 3.87933476633 3.38911624473 3.20854967332 3.05955572335 2.93657204123 3.1018337443 2.81567722755 2.55287125336 2.88418717143 3.2155030895 3.54681900757 3.81705179785
4.07538111556 4.11568070733 4.1673575527 4.34953195288 4.53393193316 4.69359198342 4.79860481298 4.80846008998 5.33310946003 5.85775883007 6.48407499299 5.98932299674 5.27108765079 4.55285230484 4.28879803699 5.93009355798 4.260820243 3.78494486027 3.34385553994 4.26027087725 4.20177220042 3.89779395026 3.59381570011 3.28983744995 3.07757994203 3.04845683762 2.91647527145 2.69531752447 3.23004282087 4.9902632348 5.89764282908 4.98400019925 4.05583251523 3.71970792972 3.67492274189 3.68430980781 4.4215383394 5.16471619215 4.57275325105 4.42820483349 4.44923947903 3.65215946913 3.39598599828 3.24699204831 3.09799809834 2.86167021662 2.33599809932 3.06313472854 2.41532929938 3.04384592205 3.51085950427 3.97787308649 4.29269490119
4.53029618699 4.39776261407 4.34245222506 4.37955240882 4.25154371347 4.34193923024 4.67940357474 5.42365237058 6.16147378013 6.89929518968 6.41593621508 5.75085049585 5.22259989273 4.50436454678 5.05131202156 4.77206983769 4.02041967763 4.58061929877 5.00562498785 4.80992606587 4.01136149933 3.70738324917 3.40340499902 3.14508100125 3.56879717632 3.27362974746 3.25834419765 3.85796809242 4.45759198719 6.06421873001 8.40191036771 7.26835004038 5.48972471225 4.96559354903 4.4414623858 4.16923881388 4.2893762199 4.9225653697 4.58468652901 4.59695162218 4.48572779633 3.59725863846 3.45062269109 3.30900550238 3.16738831367 2.90317474097 2.9321745086 3.2452200098 2.68444323592 2.9409970835 3.62111252619 4.30122796888 4.76833800453
4.71688727854 4.63839869245 4.55991010637 4.57683718133 4.48846207445 4.52511025238 4.54101044661 4.71585605182 6.1974943176 7.1249508579 6.0782083371 5.21454265495 5.13247512316 4.45587678872 5.28331943238 3.99786743205 4.20976805077 4.76282072508 5.48188906588 4.79388974495 3.97284346147 3.51697254808 3.21299429792 3.08552002413 3.97915660085 3.81082385998 4.07043325797 5.01982529378 5.68514115352 6.46901727602 8.95119254925 8.36574053701 6.1937434672 5.70322016944 5.15685523153 4.35187633305 4.19319038231 4.52184709316 4.35761293106 4.31410502467 4.18335252519 3.72115325678 3.56384446919 3.4065356816 3.20516882827 2.92343651828 2.78947404892 2.90351752101 2.95355717246 3.0725016632 3.61632870589 4.52252576301 4.94599281626
4.87254905373 4.84068543303 4.76219684695 4.77675966981 4.81796349082 4.8184919112 4.18414582309 3.77008033671 4.83733367305 5.2920112128 5.6334657401 4.69373793832 4.59616728226 4.40738903066 4.12529571209 4.18721580519 4.3991164239 4.94502215139 5.30326394766 4.64006423329 3.95680714056 3.32656184699 3.10467351378 3.04069270534 3.70594663103 4.43240636945 4.7261019204 5.67549395621 6.62488599201 7.51231421463 8.4587570169 7.73080310918 6.53974206373 5.78059376187 4.90129651992 4.02199927798 3.99243109394 4.10768707551 4.36271551369 4.57939202605 3.83819691893 3.88234126267 3.60623580918 3.33481101844 3.12515309523 2.93366521796 2.76839810246 2.9031845635 3.45475729228 3.49864504252 4.11159007942 5.00228460194 5.47193381657
4.87588053428 4.88420274681 4.89193057987 4.7925433758 5.10561406997 5.65233427068 5.64327187295 5.17495635404 4.67377098776 3.95747191476 3.9883107474 4.12497906276 4.07958404976 4.14960813577 4.12828813045 4.37656417833 4.58846479704 5.6170657809 5.12463882945 4.46143911507 3.7982394007 3.1361511459 3.22346996538 3.35867351933 3.49387707328 4.54604499288 5.30829935308 6.05842070924 6.8085420654 7.49332007972 7.22552206825 6.0509416248 5.61902014748 5.27467182408 4.64573780832 3.76644056637 3.40174274948 3.39457717451 3.52026424724 3.99177891584 3.93684407801 4.24253382456 3.48395211906 3.21252732832 3.04513736218 2.9838517884 2.92524475175 3.10341711045 3.94931804237 3.78523323686 4.63625308445 5.57838816051 6.60240737727
