Examples/results/velocity/asciifiles/KR2_140512_123000.JPG_interpmap.txt
ncols 168
nrows 357
xllcorner 446990.0
yllcorner 8755150.0
cellsize 10.0
NODATA_value -999.999
[rows 168 to 191 of 357, columns 53 to 105 of 168]
3.67319403186 3.92016908574 4.16714413962 4.4141191935 4.62397655824 4.23876213149 3.85354770473 3.11593869522 3.00530294896 2.8946672027 2.78403145644 2.67339571019 2.56275996393 2.4598189028 2.52659371684 3.00472985003 3.25003441486 3.31341035951 3.56062509862 3.5274428053 3.46111441681 3.39478602831 3.32845763981 3.26212925132 3.19580086282 3.12947247433 3.06314408583 2.99681569734 2.93048730884 2.80446830544 2.56867490902 2.40179955612 2.37247603383 2.34315251154 2.2676221284 2.17329610293 2.07897007747 1.984644052 1.90689489443 1.84094656858 1.81727448129 1.8305334657 1.84379245011 1.85705143452 1.86442253716 1.86554432358 1.86666610999 1.91146249608 1.80712418722 1.67790871286 1.57370916717 1.63185390522 1.72402243508
3.45434915917 3.70132421306 3.94829926694 4.19527432082 4.02473743302 3.63952300627 3.25430857951 2.80073790187 2.69010215562 2.57946640936 2.51330722714 2.49596949197 2.4786317568 2.44914289739 2.82387999642 3.2022952021 3.47807621287 3.47785252312 3.41152413462 3.34519574613 3.27886735763 3.21253896914 3.14621058064 3.08319398763 3.02396888999 2.96474379236 2.90551869473 2.84629359709 2.78706849946 2.72784340182 2.50754100303 2.41578307472 2.38645955242 2.35713603013 2.29882073493 2.20449470947 2.110168684 2.01691866626 1.9509703404 1.88502201455 1.84275168791 1.85601067232 1.86926965673 1.88252864114 1.89578762555 1.90904660996 1.91149511028 1.91953049698 1.79836819429 1.6627428332 1.57105372672 1.67133297451 1.82460689046
3.23550428649 3.48247934037 3.72945439425 3.81071273456 3.42549830781 3.04028388105 2.65506945429 2.56679555148 2.54945781631 2.53212008114 2.51478234598 2.49744461081 2.4121417694 2.7854375042 3.16017460323 3.48491335124 3.44515875309 3.38552631402 3.32653821098 3.26755010793 3.20856200489 3.14948559533 3.0902604977 3.03103540006 2.97181030243 2.9125852048 2.85336010716 2.79413500953 2.73490991189 2.67568481426 2.44486165268 2.32379249526 2.40044307102 2.37111954872 2.33001934146 2.235693316 2.14136729053 2.06099411223 1.99504578638 1.92909746053 1.86822889453 1.88148787894 1.89474686335 1.90800584776 1.92126483217 1.93452381658 1.94778280099 1.932600504 1.86601036245 1.7994202209 1.56370631295 1.66026323605 1.75682015914
3.01665941381 3.26363446769 3.51060952157 3.21147360935 2.82625918259 2.67202953905 2.63545407452 2.58007609782 2.55093293515 2.53359519998 2.51625746481 2.4910162084 2.74699501198 3.1182070725 3.38799422674 3.49368661922 3.47063223683 3.31853874223 3.2723961467 3.21340804366 3.15441994061 3.09543183756 3.03644373452 2.97745563147 2.91846752843 2.85947942538 2.80049132233 2.74150321929 2.68251511624 2.6235262267 2.20136508697 2.21923569877 2.33417121652 2.38510306732 2.35577954502 2.26689192253 2.17256589707 2.10506955821 2.03912123236 1.97317290651 1.90722458065 1.90696508556 1.92022406997 1.93348305438 1.94674203879 1.95410792906 1.90677680035 1.84897587087 1.67259571145 1.84859163407 1.87296516539 1.59165222134 1.68820914443
3.00547674255 3.044789595 2.99744891088 2.79008158906 2.75350612453 2.70838845937 2.63136653149 2.59233674214 2.55891770976 2.53507031881 2.51773258365 2.70855251976 3.021287948 3.29107510224 3.45032901812 3.49909492933 3.49610572056 3.34401222597 3.19191873137 3.15926597938 3.10027787633 3.04128977329 2.98230167024 2.9233135672 2.86432546415 2.8053373611 2.74634925806 2.68736115501 2.62837305197 2.56938494892 2.11144180067 2.14580443283 2.22961442002 2.34454993777 2.36976306362 2.29809052906 2.21509333004 2.14914500419 2.08319667833 2.01724835248 1.95130002663 1.93244229218 1.94570127659 1.958960261 1.91638148958 1.86905036086 1.82171923214 1.77438810343 1.70140705902 1.77181298484 1.79618651616 1.82056004749 1.61959812973
3.01447656249 2.96708315153 2.79633446315 2.71135569247 2.63433376459 2.55731183671 2.48028990883 2.44721796103 2.49848597081 2.5377593217 2.65458166925 2.9243688235 3.19415597774 3.40697141701 3.45573732823 3.50450323944 3.5215792043 3.3694857097 3.21739221511 3.06529872051 3.04613581206 2.98714770901 2.92815960597 2.86917150292 2.81018339987 2.75119529683 2.69220719378 2.63321909074 2.57423098769 2.51524288464 2.18756056222 2.3553528119 2.29936686138 2.2725523571 2.35492865902 2.32928913559 2.25916877601 2.19322045016 2.12727212431 2.06132379846 1.99537547261 1.9579194988 1.92598617881 1.87865505009 1.83132392137 1.78399279266 1.73666166394 1.68933053522 1.67066080429 1.69503433561 1.71940786693 1.74378139825 1.76815492958
3.32660584959 3.25336878472 3.12234051924 2.93392215086 2.74550378248 2.5570854141 2.36866704571 2.46255074219 2.67085807993 2.75680162139 2.827449699 3.09723685324 3.36361381591 3.41237972713 3.46114563834 3.50991154956 3.54705268804 3.39495919344 3.24286569884 3.09077220425 2.93867870965 2.9208449786 2.87401754169 2.81502943864 2.7560413356 2.69705323255 2.63806512951 2.57907702646 2.52008892341 2.38497337266 2.26367932378 2.43147157346 2.55174192787 2.46583329341 2.39054879598 2.3587556057 2.28991255913 2.22106951257 2.152226466 2.08338341944 2.10892165616 1.94283387323 1.89667770564 1.87907986299 1.83395763834 1.78855321874 1.74314879913 1.69774437952 1.66267612014 1.65353128646 1.64438645278 1.66700274902 1.69137628034
3.61289148278 3.53965441791 3.44834657533 3.25992820695 3.07150983857 2.93844785551 2.94444686855 3.08991877958 3.15452481142 3.04045796916 3.00031772874 3.27010488298 3.36902212602 3.41778803724 3.46655394845 3.51531985967 3.56408577088 3.42043267718 3.26833918258 3.11624568798 2.96415219339 2.81205869879 2.79165882458 2.76088737437 2.70189927132 2.64291116827 2.58392306523 2.52493496218 2.46594685914 2.17200583566 2.33979808534 2.49389782043 2.50639426091 2.54085158394 2.55925484471 2.4167999894 2.29556778473 2.22672473817 2.28168222713 2.31672509666 2.15063731373 1.9845495308 1.83641259926 1.81881475661 1.80121691396 1.78361907131 1.76602122866 1.7285930601 1.68748684812 1.67834201444 1.66919718077 1.66005234709 1.65090751341
3.89917711597 3.8259400511 3.75270298624 3.58593426304 3.56226657119 3.56826558423 3.57426459728 3.55224800146 3.4381811592 3.32411431693 3.21004747467 3.32566452492 3.37443043614 3.42319634735 3.47196225857 3.52072816978 3.569494081 3.44590616091 3.29381266632 3.14171917172 2.98962567712 2.83753218253 2.68543868793 2.66247267055 2.64775720704 2.588769104 2.52978100095 2.47079289791 2.41180479486 2.24812459722 2.4159168469 2.44855015347 2.46104659395 2.47354303443 2.50345240039 2.39115014656 2.30549236614 2.57433812604 2.52452853717 2.35844075423 2.1923529713 2.02626518837 1.86017740544 1.75854965024 1.74095180759 1.72335396494 1.70575612229 1.68815827964 1.69636771631 1.73658825355 1.72715980142 1.71773134929 1.70830289716
3.80174131767 3.79166223599 3.78158315432 3.8619947045 3.81568806315 3.76938142179 3.72307478044 3.64518491265 3.54345824871 3.44173158478 3.36541211769 3.33107283504 3.37983874625 3.42860465746 3.47737056868 3.52613647989 3.57490239111 3.47137964465 3.31928615006 3.16719265546 3.01509916086 2.86300566626 2.71091217167 2.55881867707 2.53328651653 2.53462703972 2.47563893668 2.41665083363 2.35766273058 2.32424335877 2.39070604603 2.40320248651 2.41569892699 2.42819536747 2.40109190036 2.18930433047 2.45667502222 2.68906006674 2.55918231846 2.4001564118 2.23406862887 2.06798084594 1.90189306301 1.73580528008 1.68068670122 1.66308885856 1.64549101591 1.63340580467 1.68439531366 1.73538482266 1.8211867471 1.81175829497 1.80232984284
3.61358108637 3.6035020047 3.60480253481 3.722822127 3.84084171918 3.81102163745 3.7647149961 3.69373441988 3.59200775595 3.50338198664 3.47665590124 3.41795508329 3.38524705636 3.43401296758 3.48277887879 3.53154479001 3.58031070122 3.49685312839 3.34475963379 3.1926661392 3.0405726446 2.88847915 2.7363856554 2.58429216081 2.43219866621 2.40410036251 2.41362657015 2.36250876935 2.23256987065 2.33286193859 2.34535837907 2.35785481955 2.37185237971 2.38631877176 2.26299890895 2.11901348003 2.44826422111 2.5178323155 2.44762361371 2.37668653882 2.24680879054 2.10969650351 1.94360872058 1.77752093765 1.62042159484 1.60282375219 1.58522590954 1.62143340203 1.67242291102 1.72341242002 1.79442511443 1.90578524065 1.89563737761
3.42542085507 3.4153417734 3.45532012087 3.57333971306 3.69135930524 3.80937889743 3.80635521175 3.74228392711 3.6413518556 3.61462577019 3.58789968479 3.54116019425 3.44997765033 3.43942127769 3.48818718891 3.53695310012 3.58571901134 3.52232661213 3.37023311753 3.21813962293 3.06604612834 2.91395263374 2.76185913914 2.60976564455 2.45767214995 2.30557865535 2.27491420849 2.28444041613 2.27501783115 2.28897893942 2.30344533148 2.31791172354 2.33237811559 2.34684450765 2.31391374626 1.95681345884 2.27941614967 2.24367849762 2.17346979583 2.10326109404 2.03305239225 1.96284369046 1.89263498867 1.80455751434 1.65314881228 1.54255864582 1.55847149039 1.60946099938 1.66045050838 1.71144001738 1.76242952637 1.77849772391 1.76246211851
3.23726062377 3.2271815421 3.30583770693 3.42385729912 3.5418768913 3.65989648348 3.77791607567 3.79083343434 3.75259563915 3.72586955374 3.69914346834 3.6643653052 3.57318276128 3.48200021736 3.49359549902 3.54236141023 3.59112732145 3.54780009586 3.39570660127 3.24361310667 3.09151961207 2.93942611748 2.78733262288 2.63523912828 2.48314563369 2.33105213909 2.17895864449 2.29891793104 2.42489985674 2.39521147944 2.33536912208 2.27843745943 2.29290385148 2.30737024354 2.3218366356 1.98372638082 2.03973338153 1.96952467974 1.89931597795 1.82910727616 1.75889857437 1.68868987258 1.61981986396 1.61305806439 1.60629626483 1.5973039037 1.56760609991 1.62420445935 1.68080281879 1.73740117823 1.79399953767 1.85611129118 1.81851798341
2.9887878511 3.0390213108 3.15635529299 3.27437488517 3.41105396735 3.62090647435 3.83075898136 3.85415009119 3.86383942269 3.83711333729 3.81038725189 3.78366116648 3.69638787223 3.60520532831 3.51402278439 3.54776972035 3.59653563156 3.5732735796 3.421180085 3.26908659041 3.11699309581 2.96489960121 2.81280610662 2.66071261202 2.50861911742 2.35558902486 2.18202249993 2.21837843092 2.22220636241 2.22603429391 2.2298622254 2.2336901569 2.23751808839 2.25782314655 2.27651679777 2.029388058 1.91667155128 1.91769552228 1.91093372272 1.90417192316 1.8974101236 1.89064832403 1.88388652447 1.87712472491 1.87036292534 1.82879087862 1.67018335121 1.65583305945 1.71243141889 1.76902977832 1.82562813776 1.88928174048 1.90094959955
2.78195728721 3.07258107894 3.28243358595 3.49228609295 3.70213859995 3.90371970881 3.90287999136 3.90204027392 3.90408719076 3.92734870462 3.92163103544 3.89490495003 3.81959298318 3.72841043926 3.63722789534 3.55317803046 3.60194394167 3.59874706334 3.44665356874 3.29456007414 3.14246657955 2.99037308495 2.83827959035 2.67807314275 2.50450661781 2.33094009287 2.15737356794 2.0588905971 2.10345229202 2.14801398694 2.19257568186 2.23713737678 2.24587002998 2.20766298092 2.16945593186 1.94626305365 2.01309703882 2.09592973474 2.17500038324 2.16823858367 2.16147678411 2.15471498455 2.14795318498 2.14119138542 2.13442958586 2.06027785355 1.90167032613 1.74306279872 1.74406001898 1.80065837842 1.85725673786 1.92245218977 1.9833812157
3.05238922405 3.36366571155 3.57351821855 3.78337072555 3.95244960898 3.95160989154 3.95077017409 3.94993045664 3.9490907392 3.96005674574 3.9833182596 4.00614873358 3.94279809413 3.85161555021 3.7604330063 3.66925046238 3.60735225179 3.62422054707 3.47212705248 3.32003355788 3.16794006328 3.00055726063 2.82699073569 2.65367763193 2.48054948022 2.30742132852 2.13429317682 2.13003555739 2.1718899121 2.21645160702 2.21522326218 2.17701621312 2.13880916406 2.100602115 2.06239506594 2.02668983044 2.10952252636 2.19235522228 2.2751879182 2.35802061412 2.42554344462 2.41878164506 2.4120198455 2.40525804594 2.39849624637 2.29176482847 2.13315730106 1.97454977364 1.81594224623 1.83228697852 1.89033695082 1.95562263907 2.02090832733
3.36668032548 3.65475034415 3.86460285115 4.00117950915 4.00033979171 3.99950007426 3.99866035682 3.99782063937 3.99698092193 3.99614120448 4.01602630072 3.99518369112 3.91657256381 3.8768810835 3.83718960319 3.79245557333 3.70127302941 3.64969403081 3.49660790345 3.32322517423 3.15009702253 2.97696887082 2.80384071912 2.63071256742 2.45758441571 2.28445626401 2.17438168699 2.20467736174 2.20254275489 2.17395810081 2.14537344673 2.11678879265 2.08820413857 2.05961948449 2.03103483041 2.07445295282 2.17414323892 2.27383352502 2.37161340574 2.45444610166 2.53727879758 2.6201114935 2.67608650601 2.66932470645 2.66256290689 2.5232518034 2.36464427598 2.20603674857 2.04742922115 1.88882169374 1.92350740012 1.98879308837 2.05407877663
3.67908446304 3.94583497675 4.04990940933 4.04906969188 4.04822997444 4.04739025699 4.04655053955 4.0457108221 4.04076849143 4.01260592264 3.96976796544 3.88681862516 3.80386928488 3.74258335089 3.70289187057 3.66320039026 3.62350890995 3.57701459637 3.47338826142 3.30026010972 3.12713195801 2.95400380631 2.78087565461 2.6077475029 2.4346193512 2.2614911995 2.24902349134 2.29008348 2.30049326688 2.23820219149 2.1890731254 2.13994405932 2.09994388285 2.07135922877 2.04277457469 2.08408654838 2.18377683447 2.28346712057 2.38315740667 2.48284769277 2.58253797887 2.68222826497 2.78191855107 2.88160883717 2.91334630574 2.75473877832 2.57509723058 2.38824472736 2.20139222414 2.01453972092 1.90951771054 2.11386989635 2.17699144787
3.98982223721 4.0986393095 4.07478258057 4.04662001177 4.01845744297 3.99029487418 3.96213230538 3.93396973658 3.90580716779 3.87764459899 3.82482261157 3.76980407534 3.69550421893 3.61255487865 3.56859413796 3.52890265765 3.48921117733 3.43160057794 3.37396112928 3.27729504521 3.1041668935 2.9310387418 2.7579105901 2.58478243839 2.41165428669 2.29336962093 2.326564822 2.39287133616 2.40425528105 2.33682408246 2.27406550041 2.22493643432 2.17580736824 2.12667830215 2.07754923607 2.29583905611 2.45933591884 2.62283278158 2.78632964431 2.94982650705 3.11332336978 3.27682023251 3.44031709525 3.094379694 2.90762292498 2.75500466555 2.5686742029 2.38182169967 2.19496919645 2.00811669323 1.87992683761 1.91037806386 2.26787373399
3.96304468347 3.96798382572 3.93982125692 3.91165868813 3.88349611933 3.85533355053 3.82717098174 3.79900841294 3.77084584415 3.73375138002 3.67873284378 3.62371430755 3.56869577131 3.5041898127 3.43429640535 3.39460492503 3.34382600816 3.2861865595 3.22854711085 3.1709076622 3.08120182899 2.90807367729 2.73494552559 2.56181737388 2.38868922218 2.36801142528 2.42935267816 2.49565919231 2.50801729523 2.44058609663 2.37315489804 2.30992880933 2.26079974324 2.21167067716 2.66133789289 3.22434110475 3.38783796748 3.55133483022 3.71483169295 3.87832855569 4.04182541842 3.70728742961 3.21832976316 2.7293720967 2.81759184389 2.82299456592 2.56514197248 2.37467017153 2.1884525613 2.00169366554 1.85033596468 1.84488459381 2.04001538674
3.81089675121 3.82161819006 3.80485993328 3.77669736448 3.74853479569 3.72037222689 3.69220965809 3.6640470893 3.6358845205 3.58766161223 3.53264307599 3.47762453976 3.42260600352 3.36758746729 3.31256893105 3.25605143838 3.19841198973 3.14077254107 3.08313309242 3.02549364376 2.96785419511 2.88510861278 2.71198046107 2.53885230937 2.41235755487 2.46583402016 2.53214053431 2.59844704846 2.6117793094 2.54434811081 2.47691691221 2.40948571362 2.34579211825 2.75304864995 3.47220256297 4.15284315339 4.31634001612 4.47983687886 4.64333374159 4.32019516523 3.83123749877 3.34227983232 2.85332216586 2.62745111525 2.72756076279 2.82767041033 2.642356792 2.38450419856 2.18055328774 1.99433567751 1.82256108276 1.76474925988 1.76827576076
3.65874881896 3.66672942093 3.66946675912 3.64173604084 3.61357347204 3.58541090325 3.55724833445 3.52908576565 3.49659038067 3.44157184444 3.3865533082 3.33153477197 3.27651623573 3.2214976995 3.17282735184 3.12581001731 3.06279893281 2.99978784831 2.93771907399 2.88007962533 2.82244017668 2.76480072802 2.68901539656 2.51588724486 2.50231536216 2.56862187631 2.63492839046 2.70123490462 2.71554132357 2.64811012498 2.58067892639 2.51324772779 2.36553039053 3.15415215106 4.28306723305 5.00222114607 5.24484206476 4.93310290084 4.44414523439 3.95518756793 3.46622990148 2.97727223502 2.48831456857 2.53742003416 2.6375296817 2.73763932924 2.71957161151 2.46171901808 2.20386642464 1.98994841458 1.85688841673 1.72382841887 1.64632601693
3.50660088671 3.51184065179 3.51457798999 3.5067747172 3.4786121484 3.4504495796 3.42228701081 3.39412444201 3.35050061288 3.29548207665 3.24046354041 3.18544500418 3.13042646794 3.08954074964 3.05123471162 3.00904799729 2.9460369128 2.8830258283 2.8200147438 2.7570036593 2.69399257481 2.63098149031 2.56797040581 2.53879670416 2.60510321831 2.67140973246 2.73771624662 2.80402276077 2.81930333774 2.75187213915 2.68444094056 2.52595846189 2.33224890308 2.79381142355 3.96269524882 4.89431716852 5.05705297 4.56809530355 4.07913763709 3.59017997064 3.10122230418 2.61226463773 2.34727930553 2.44738895307 2.5474986006 2.64760824814 2.74771789568 2.53893383759 2.28108124415 2.08499599313 1.93320627441 1.78141655568 1.62962683696
3.35421454446 3.35695188266 3.35968922085 3.36242655905 3.34365082476 3.31548825596 3.28732568716 3.25916311837 3.20441084509 3.14939230886 3.09437377262 3.04456018546 3.00625414744 2.96794810942 2.9296420714 2.89133603339 2.82927489278 2.76626380828 2.70325272379 2.64024163929 2.57723055479 2.51421947029 2.75006173948 3.46631142309 4.39640372319 2.77419758862 2.84050410277 2.90681061692 2.92306535191 2.85563415332 2.68638653325 2.49267697444 2.29896741563 2.43347069604 3.18281549225 3.71590047617 4.24898546008 4.20308770625 3.7141300398 3.22517237334 2.73621470689 2.24725704043 2.25724822443 2.35735787197 2.45746751951 2.55757716705 2.65768681459 2.6161486571 2.35886111944 2.20707140072 2.05528168199 1.89286248753 1.69160788704
