Examples/results/velocity/asciifiles/KR2_140512_123000.JPG_interpmap.txt
ncols 168
nrows 357
xllcorner 446990.0
yllcorner 8755150.0
cellsize 10.0
NODATA_value -999.999
[rows 288 to 311 of 357, columns 53 to 105 of 168]
4.03134342336 4.14563260221 4.04767195102 3.89931254759 3.75867025861 3.76349831339 3.76832636817 3.77315442295 3.77798247773 3.61734689659 3.43825208179 3.25915726699 3.08006245219 2.96260961733 2.94283738978 3.0888259872 2.9865353118 2.78992221464 2.59330911748 2.64552465567 2.75315908299 2.79694219506 2.67909715649 2.69185310967 2.80629104651 2.92072898334 3.52409443721 4.15596465946 4.70667975711 4.73738181872 4.4131621642 3.64181980684 2.92609078176 2.84645489228 3.24630652514 3.67104259706 4.09577866898 4.52051474091 4.77913389066 4.75502301122 3.17283635547 2.32141998054 2.35273477156 2.37592746203 2.39912015249 2.57556816015 2.87393087155 3.17229358296 3.47065629436 3.93987846389 4.43059296066 4.95209994749 5.53029344764
4.26058732241 4.32592220848 4.18634831177 4.01160914818 3.83686998459 3.80051915476 3.80534720954 3.81017526432 3.72919645614 3.55010164134 3.37100682654 3.19191201174 3.01281719695 2.83372238215 2.84320408118 2.98222940897 3.00015276547 2.73744556176 2.5509733204 2.59363224845 2.68743250755 2.79506693487 2.7215323728 2.64681028431 2.5936958713 2.70813380813 3.2992994308 3.93116965305 4.5630398753 5.11755101047 4.43812611199 3.66678375464 2.89544139728 2.80374709365 2.98011222403 3.40484829595 3.82958436787 4.25432043979 4.31252825536 4.28841737591 2.83743575989 2.31845132867 2.35773444556 2.38092713603 2.4041198265 2.42731251696 2.45050520743 2.58535197727 2.88371468867 3.28559957124 3.77631406801 4.26370583699 4.7268813574
4.48983122145 4.47338407594 4.29864491236 4.12390574877 3.94916658518 3.83753999613 3.84236805091 3.84104601569 3.66195120089 3.48285638609 3.30376157129 3.1246667565 2.95347159202 2.7844316832 2.7072459367 2.76453906168 2.85133215993 2.58862495622 2.53801864408 2.56143524424 2.64733693156 2.73323861889 2.76396758911 2.68924550062 2.61452341213 2.52275949752 2.97989121195 3.53781633063 3.97901567513 4.27356993172 4.46309005978 3.69174770243 2.92040534507 2.76103929503 2.71391792291 3.13865399483 3.56339006675 3.8700334995 3.84592262006 3.82181174061 2.50203516431 2.31548267681 2.36273411957 2.38592681003 2.4091195005 2.43231219097 2.45550488143 2.4786975719 2.50189026237 2.6265223127 3.09815448669 3.63651926407 4.09533924324
4.48040107807 4.44592298318 4.41094151294 4.23620234936 4.06146318577 3.88672402218 3.87938889229 3.77380076044 3.59470594564 3.41721581571 3.24817590689 3.07913599808 2.91009608926 2.74105618045 2.68511346059 2.64176089759 2.68330360967 2.55839438205 2.52506396776 2.52923824002 2.61513992735 2.70104161468 2.673202782 2.57762661204 2.46842475228 2.49480578013 2.47464694841 2.84048033979 3.13503459637 3.42958885296 3.72414310955 3.71671165022 2.94536929286 2.7183314964 2.63869560692 2.87245969372 3.29719576564 3.4034278642 3.37931698475 3.35520610531 2.25708485603 2.31251402494 2.36773379357 2.37600401222 2.37310470301 2.3702053938 2.36730608459 2.36440677537 2.33732339094 2.35267709125 2.47096791377 3.00933269115 3.47071652344
4.21496021318 4.18048211829 4.14600402339 4.1115259285 4.0770478336 3.99902062277 3.88565031999 3.71192013058 3.54288022176 3.37384031295 3.20480040413 3.03576049532 2.8667205865 2.70633354748 2.66298098448 2.61962842148 2.69588398843 2.63525101674 2.51210929145 2.49704123581 2.59740160019 2.55915270219 2.47822982902 2.41345871075 2.41862190292 2.46929564264 2.47648688445 2.48747276892 2.52557266646 2.58560777421 2.8801620308 3.17471628738 2.97033324066 2.67562369777 2.5959878083 2.6062653926 2.96093310834 2.9368222289 2.91271134945 2.88860047001 2.25411620416 2.30954537307 2.32419977599 2.28790735841 2.20480644689 2.20190713768 2.19900782847 2.18130920365 2.24767525175 2.28607065228 2.25119575477 2.38214611822 2.85138824347
3.94951934829 3.9150412534 3.90119155518 3.89256360746 3.88393565973 3.88209996113 3.83243400911 3.66854462782 3.499504719 3.33046481019 3.16142490137 2.99238499256 2.82334508375 2.68420107137 2.64084850837 2.59749594537 3.26834258463 3.18271665391 2.97138218618 2.60496577359 2.5361887381 2.52780154381 2.48256216931 2.4373227948 2.43365366608 2.47954973733 2.48042733579 2.47070768666 2.5088075842 2.54690748174 2.58500737928 2.62310727681 2.66120717435 2.63291589915 2.55328000967 2.47364412019 2.49432747304 2.47021659359 2.44610571415 2.4219948347 2.24810294799 2.26270876691 2.27731458582 2.29192040474 2.20990366689 2.07524136243 2.07630736416 2.14267341225 2.20903946035 2.21721282817 2.18233793066 2.14746303315 2.23205996351
3.82944978507 3.82082183735 3.81219388963 3.8035659419 3.81011966035 3.8745073747 3.77183601134 3.61927553967 3.45612921625 3.28708930743 3.11804939862 2.9490094898 2.77996958099 2.66206859526 2.61871603226 2.94772293024 3.84080118083 3.73018229108 3.51884782335 2.88627369207 2.63073686531 2.52852202879 2.50642625336 2.46118687885 2.44868542925 2.49522665932 2.58675917024 2.4539426044 2.49204250194 2.53014239948 2.56824229701 2.61839746594 2.62882801429 2.41565729283 2.34021463563 2.35300311744 2.42643125725 2.37217244627 2.3179136353 2.26365482433 2.24790299165 2.21227930661 2.17665562156 2.16729516368 2.21416073199 2.07700156584 2.0903398403 2.10403762085 2.17040366895 2.14835500405 2.23280649911 2.27278394469 2.24999315731
3.74045211952 3.7318241718 3.72319622408 3.73813935957 3.81708075848 3.80408478705 3.7046595934 3.5586775419 3.40611707023 3.24371380467 3.07467389586 2.90563398704 2.73659407823 2.63993611915 2.62710327585 3.52018152644 4.41325977703 4.27764792824 4.05420343079 3.19573577408 2.90147886036 2.65650795702 2.52085531948 2.4850509629 2.46371719242 2.52597902648 2.6175115374 2.44341583266 2.47527741968 2.5277105028 2.59007532797 2.65244015314 2.48533807848 2.21809072485 2.20336797633 2.27913497186 2.3549019674 2.39779673615 2.34353792518 2.35782998781 2.32220630276 2.28658261771 2.22231169788 2.17484686437 2.17243879367 2.17356183307 2.17564017433 2.17899762224 2.22614939076 2.32204849069 2.39002837836 2.36723759098 2.3456893981
3.65145445397 3.64282650625 3.66615905879 3.7451004577 3.82404185662 3.73366219941 3.63423700576 3.49807954414 3.34551907246 3.19295860079 3.0312983931 2.86225848429 2.69321857547 2.61780364305 3.19956187205 4.09264012264 4.98571837323 4.82511356541 4.3636655128 3.50519785609 3.17222085542 2.92724995208 2.68227904874 2.50891504694 2.47874895558 2.55673139364 2.64167272609 2.53101664188 2.49938836483 2.56175319 2.62411801517 2.54399480685 2.34184814268 2.15513778938 2.17446768009 2.23028233164 2.28609698319 2.35680081736 2.36916221506 2.43213329892 2.37501678726 2.30076415279 2.22651151832 2.20132804175 2.17660398463 2.17780705875 2.19144490052 2.21466245724 2.34701050433 2.50561187985 2.49446510822 2.48867782083 2.48289053344
3.56245678842 3.59417875801 3.67312015692 3.75206155584 3.76266480542 3.66323961177 3.56381441811 3.43748154637 3.28492107469 3.13236060302 2.97980013134 2.81888298153 2.64984307271 2.87894221766 3.77202046825 4.66509871884 5.55817696943 5.37257920258 4.67312759481 3.8146599381 3.44296285047 3.19799194714 2.9530210438 2.70805014046 2.49595124989 2.54305805324 2.58912173539 2.52462172911 2.56148061525 2.59833950139 2.60265153521 2.40666723061 2.23469926485 2.15841073918 2.1702682262 2.22608287774 2.28189752929 2.33904173563 2.39744730999 2.45446608906 2.3792166077 2.30496397323 2.23071133876 2.2162828532 2.16286991174 2.17553062911 2.19450168376 2.24029738009 2.30685876487 2.52096326925 2.61841452634 2.62587895618 2.62009166879
3.52219845723 3.60113985614 3.68008125506 3.75902265397 3.69224221778 3.59281702413 3.49339183047 3.3768835486 3.22432307693 3.07176260525 2.91920213358 2.7666416619 2.61689125383 3.45140081386 4.34447906445 5.23755731504 6.13063556563 5.84105733352 4.98258967682 4.12412202012 3.71370484553 3.46873394219 3.22376303886 2.95137845485 2.59589443434 2.51163374788 2.54762762537 2.56476453605 2.56290456397 2.56104459188 2.48765311444 2.3032549836 2.23123506626 2.15791961069 2.16626040037 2.22466597474 2.2830715491 2.34147712346 2.39988269783 2.46475089312 2.38621215484 2.30916379367 2.25596172177 2.20254878031 2.15961635769 2.17434091028 2.22013660662 2.26593230295 2.31172799928 2.48615592417 2.58360718126 2.68105843836 2.75729280414
3.52915955537 3.60810095428 3.68704235319 3.72124482379 3.62181963014 3.52239443648 3.42296924283 3.31628555084 3.16372507916 3.01116460749 2.86828614166 3.09758122271 3.32687630376 3.92350634321 4.91693766065 5.81001591124 6.67884494463 6.15051941553 5.29205175883 4.43358410213 3.98444684059 3.73947593725 3.44022732273 3.08474330222 2.72925928171 2.49250663217 2.52850050966 2.53129124869 2.48358473352 2.43587821835 2.37919865333 2.299790785 2.22777086767 2.15480679813 2.23266527611 2.28849744884 2.34432962158 2.40016179431 2.45599396704 2.42279275534 2.2900095986 2.24358946164 2.22960972842 2.18881470743 2.15733992805 2.19997583314 2.24577152947 2.2915672258 2.33736292213 2.45134857909 2.54879983619 2.64625109328 2.74370235038
3.42404840353 3.61506205241 3.69400345133 3.65082223615 3.55139704249 3.45197184884 3.35254665519 3.25312146153 3.39824011305 3.6275351941 3.85683027515 4.0861253562 4.31542043725 4.5447155183 4.77401059935 6.38247450744 7.2263105818 6.45998149754 5.60151384084 4.74304618414 4.25518883564 3.92907619061 3.57359217009 3.21810814958 2.86262412907 2.50714010856 2.50937339395 2.49897656863 2.45127005346 2.40376904204 2.35855122853 2.27135807233 2.20067693571 2.21412643579 2.31852158195 2.37498343796 2.43081561069 2.48664778342 2.44606907362 2.33675566087 2.22985176058 2.20636008924 2.18470004872 2.1630400082 2.1716824411 2.20979707132 2.26150579465 2.31321451798 2.36299784499 2.41654123401 2.51399249111 2.6114437482 2.71238704849
3.24554073762 3.43718038263 3.64019087571 3.61151008393 3.51958180591 3.42765352789 3.32316989418 3.20560083553 3.26467755508 3.73940412561 4.23108706209 4.72276999858 5.21445293507 5.53325965179 5.76255473284 5.99184981389 7.20818168757 6.51372682606 5.67686981236 4.74341334105 4.29039218746 4.06244103797 3.70695701746 3.35147299695 2.99598897644 2.64050495593 2.49024627823 2.46666188857 2.42154161779 2.38712094779 2.35270027779 2.24117950146 2.15598730041 2.23683047708 2.39119963256 2.46146942707 2.49526058286 2.45032486456 2.40538914626 2.2845706908 2.23375450671 2.20805337966 2.18639333914 2.17787962932 2.2201225059 2.23104403693 2.22483550946 2.27654423279 2.32825295613 2.37996167946 2.48501475619 2.59597920917 2.70694366215
3.06703307171 3.27921870714 3.49554115399 3.60663011312 3.511124011 3.39355495234 3.27598589369 3.15841683504 3.2072442099 3.28774443529 3.74378899925 4.23547193574 4.72715487223 5.21883780871 5.7105207452 6.20220368169 6.69388661818 5.93886091017 4.9434460152 3.94803112023 3.71332436188 3.55316406478 3.39300376767 3.23284347057 3.07268317346 2.77386980329 2.47111916252 2.43931419353 2.40489352353 2.37047285353 2.33605218354 2.23978692189 2.13406112277 2.25545771327 2.41030124114 2.51712124975 2.45458065549 2.40964493719 2.33928962101 2.28847343693 2.23765725284 2.20974667008 2.20000471868 2.19643304174 2.23157139201 2.32662636638 2.29040563276 2.25418489915 2.29158267094 2.34329139427 2.44137271169 2.55233716467 2.66330161765
3.2202289948 3.39901427542 3.57779955605 3.58336354293 3.46394001051 3.34637095185 3.2288018932 3.11123283455 3.14981086472 3.23031109011 3.3108113155 3.7481738729 4.23985680938 4.73153974587 5.22322268236 5.71490561885 6.20658855534 5.28724985698 4.14806379437 3.2964168334 3.1362565363 2.97609623919 2.81593594209 2.65577564499 2.51394908078 2.49292113831 2.4711477486 2.43104656734 2.39094538608 2.35382475928 2.31940408928 2.24541041754 2.22699895555 2.25541815272 2.4102616806 2.61474891618 2.61257576043 2.48717793935 2.35268094259 2.29648445967 2.24155999897 2.22212980804 2.2185581311 2.21498645416 2.24302027813 2.36850962487 2.38598796221 2.3497672286 2.31354649499 2.30662110908 2.39773066718 2.48107113594 2.5523068887
3.5289502276 3.76589949989 3.6785716728 3.54380806359 3.41675601002 3.29918695136 3.18161789271 3.06404883406 3.09237751954 3.17287774493 3.25337797032 3.33387819571 3.75255874654 4.24424168303 4.73592461952 5.227607556 5.71929049249 4.8248916354 3.45198279884 2.71934900782 2.61157382259 2.59054588012 2.56951793765 2.54848999518 2.52746205272 2.50643411025 2.48120502219 2.44110384093 2.40100265967 2.36090147841 2.32376418265 2.28968758747 2.31993678834 2.30152532635 2.41022212005 2.63264752523 2.72025800324 2.52849225443 2.38101566112 2.3248191782 2.27422685313 2.24208098443 2.23711154352 2.23353986658 2.25446916424 2.37995851098 2.48157029166 2.44534955804 2.40912882443 2.36749922948 2.31283560163 2.37757007773 2.44230455383
3.90854341187 3.77377980266 3.63901619345 3.50425258425 3.36957200953 3.25200295087 3.13443389222 3.01686483357 3.03494417436 3.11544439975 3.19594462514 3.27644485053 3.35694507591 3.75694362019 4.24862655667 4.74030949316 5.23199242965 4.36253341383 2.98962457726 3.44099809369 3.03861215719 2.63622622068 2.58303090959 2.56200296712 2.54097502465 2.51994708219 2.49126229579 2.45116111453 2.41314772509 2.37858558422 2.34402344335 2.30946130248 2.29146498087 2.36910580022 2.4101825595 2.55290459641 2.63342361029 2.56980656951 2.40935037965 2.35315389673 2.31951747738 2.28039054363 2.25760268652 2.25209327899 2.26591805035 2.39140739709 2.51689674383 2.54093188749 2.50471115388 2.3979614746 2.35631136425 2.3146612539 2.37330584372
3.86898793253 3.73422432332 3.59946071411 3.4646971049 3.32993349569 3.20481895038 3.08724989173 2.96968083308 2.97751082918 3.05801105457 3.13851127996 3.21901150534 3.29951173073 3.38001195612 3.76132849383 4.25301143032 4.74469436681 3.90017519226 3.46585848881 4.79753331625 4.39514737974 3.99276144324 3.59037550674 3.18798957024 2.78560363373 2.53346005412 2.50253126753 2.46796912666 2.43340698579 2.39884484492 2.36428270405 2.32972056318 2.29515842231 2.29324237426 2.3633728984 2.42269725495 2.49923278661 2.57975180048 2.43768509818 2.38973683026 2.36480810162 2.33987937298 2.28178235463 2.27312438862 2.27736693646 2.4028562832 2.52834562994 2.63651421693 2.53585859261 2.44568111906 2.40403100871 2.36238089836 2.32073078802
3.82943245318 3.69466884397 3.55990523477 3.42514162556 3.29037801635 3.15763494989 3.04006589124 2.92249683259 2.920077484 3.00057770939 3.08107793477 3.16157816016 3.24207838555 3.32257861094 3.40307883633 3.76571336747 4.25739630396 3.43781697068 4.40381201555 5.57665444142 5.11750722772 4.58539730956 4.0532873914 3.52117747324 2.98906755508 2.50317610587 2.51424263141 2.4861853851 2.45173712807 2.41728887105 2.38284061403 2.34839235701 2.31394409999 2.27949584296 2.31612085888 2.35238535129 2.3913994527 2.45072380925 2.46601981671 2.43502745451 2.41009872587 2.38516999723 2.30596202274 2.26089817974 2.2657561635 2.35688322049 2.4709188828 2.58911390729 2.56472503741 2.49340076352 2.45175065317 2.41010054283 2.36845043248
3.78987697384 3.65511336463 3.52034975542 3.38558614621 3.250822537 3.1160589278 2.99288189075 2.8753128321 2.86264413882 2.9431443642 3.02364458959 3.10414481498 3.18464504037 3.26514526576 3.34564549115 3.42614571654 3.77009824112 3.71663766744 5.81953192124 4.98148696229 4.60617502779 4.22876747191 3.70434253705 3.17223261889 2.64012270072 2.47598628511 2.48695645561 2.49831859561 2.46914353579 2.43469527877 2.40024702175 2.36579876472 2.3313505077 2.30792305988 2.35881241654 2.39507690895 2.43134140136 2.45816523901 2.43156463119 2.40295265381 2.37171711778 2.33826295718 2.23706572884 2.18678513526 2.27167920005 2.34062359739 2.42357297296 2.51470002995 2.59359148222 2.54112040799 2.49947029764 2.45782018729 2.41617007694
3.7503214945 3.61555788529 3.48079427608 3.34603066687 3.21126705766 3.07650344845 2.94569789026 2.82812883161 2.80521079363 2.88571101902 2.96621124441 3.0467114698 3.12721169519 3.20771192058 3.28821214597 3.36871237136 3.44921259675 5.30830435863 4.94080059313 4.38631948317 4.01260684091 3.63519928502 3.25779172914 2.82328776453 2.43801781851 2.44879646436 2.45967027981 2.4710324198 2.4823945598 2.45210168649 2.41765342946 2.38320517244 2.34875691542 2.33797174006 2.38607315163 2.43776846661 2.41388590085 2.38728529303 2.36068468521 2.3340840774 2.30500647963 2.23719590065 2.23046139158 2.22372688252 2.33881912017 2.46296232414 2.53190672148 2.60085111882 2.64962603069 2.54269401464 2.49914155137 2.4555890881 2.41203662484
3.71076601515 3.57600240594 3.44123879673 3.30647518752 3.17171157832 3.03694796911 2.9021843599 2.78094483112 2.74777744845 2.82827767384 2.90877789923 2.98927812462 3.06977835001 3.1502785754 3.23077880079 4.19080081239 5.51169100901 5.63799421105 4.13233682387 3.79115200405 3.41903865402 3.04163109814 2.66422354226 2.44391360084 2.41082799775 2.4216066436 2.43238528945 2.443746244 2.455108384 2.466470524 2.43505983718 2.40061158016 2.36616332314 2.36802042023 2.39410954637 2.37581769504 2.34883850047 2.32577058666 2.30542216105 2.28507373543 2.26896919719 2.2741376479 2.26740313884 2.26066862977 2.33852501504 2.53714783374 2.65424544824 2.72318984558 2.71450991878 2.51594718083 2.47239471756 2.42884225429 2.38528979103
4.0973389263 3.5364469266 3.40168331739 3.26691970818 3.13215609897 2.99739248976 2.86262888055 2.73376083063 2.69034410327 2.77084432866 2.85134455405 2.93184477944 3.01234500483 3.82765195676 5.14854215338 5.66544677641 6.12014248427 3.60694970178 3.53716934475 3.19598452493 2.82547046714 2.53919607814 2.50101954645 2.46284301475 2.42466648306 2.39441682285 2.4051954687 2.4164600682 2.4278222082 2.43918434819 2.45054648819 2.41801798788 2.38610826626 2.39806910041 2.36543120423 2.36413758006 2.34378915444 2.32344072882 2.30309230321 2.28274387759 2.27665034483 2.29520379535 2.30434488609 2.29761037702 2.3382309099 2.5368537286 2.73547654731 2.84552857233 2.77939380687 2.54501437123 2.44564788375 2.40209542048 2.35854295722
