Examples/results/velocity/asciifiles/KR2_140512_123000.JPG_interpmap.txt
ncols 168
nrows 357
xllcorner 446990.0
yllcorner 8755150.0
cellsize 10.0
NODATA_value -999.999
[rows 48 to 71 of 357, columns 53 to 105 of 168]
-999.999 -999.999 -999.999 -999.999 -999.999 -999.999 -999.999 -999.999 -999.999 -999.999 -999.999 -999.999 -999.999 -999.999 -999.999 -999.999 -999.999 -999.999 -999.999 1.812418892 2.2833167212 2.11073259429 1.9022019633 1.78184682862 1.72510846519 1.66837010177 1.61163173834 1.55489337492 1.53760485644 1.47438960732 1.43310345215 1.40792268941 1.38274192667 1.52367456028 1.629852731 1.70616292233 1.67964248128 1.774268346 1.7666887318 1.83713016802 1.88043729926 1.69391446771 1.7728162801 1.72211136148 1.72844494921 1.48779588425 1.5728047588 1.93966188738 2.17907759465 1.98789282436 1.55988549265 1.52042146032 1.72825024683
-999.999 -999.999 -999.999 -999.999 -999.999 -999.999 -999.999 -999.999 -999.999 -999.999 -999.999 -999.999 -999.999 -999.999 -999.999 -999.999 -999.999 -999.999 -999.999 1.932629084 2.4035269132 2.04515138906 1.85704055645 1.78902722765 1.73228886422 1.6755505008 1.61881213737 1.54580152162 1.55503359218 1.45915591878 1.43266462629 1.41096903466 1.42069247514 1.44672762429 1.49657290368 1.54641818307 1.67593227036 1.92886353262 1.76800565812 1.67235893279 1.71123153895 1.70816894487 1.67860492763 1.7385482793 1.66915243007 1.56001601018 1.51249701358 1.97626680042 1.76223826137 1.48291024867 1.42776325612 1.46447107234 1.83457759099
-999.999 -999.999 -999.999 -999.999 -999.999 -999.999 -999.999 -999.999 -999.999 -999.999 -999.999 -999.999 -999.999 -999.999 -999.999 -999.999 -999.999 -999.999 -999.999 2.05283927601 2.34741514266 2.03556018038 1.8529459901 1.79620762668 1.73946926325 1.68273089983 1.6259925364 1.54972571587 1.55145637235 1.4667152875 1.47499809136 1.48328089523 1.49156369909 1.51867205312 1.55520053037 1.55551669046 1.63564935837 1.70834191844 1.5609713168 1.58199131499 1.74707144151 1.82800347749 1.82809358414 1.91344366833 1.95500326539 1.86603632552 1.77541000581 1.90014901966 1.67720921919 1.55981213304 1.46743736425 1.46542034763 1.4698015033
-999.999 -999.999 -999.999 -999.999 -999.999 -999.999 -999.999 -999.999 -999.999 -999.999 -999.999 -999.999 -999.999 -999.999 -999.999 -999.999 -999.999 -999.999 -999.999 2.17304946801 2.28183393742 2.04026642688 1.86012638913 1.80338802571 1.74664966228 1.68991129886 1.63317293544 1.55364991012 1.55005582696 1.49723726621 1.46417252544 1.47245532931 1.48073813317 1.5490939577 1.58150219492 1.5462198161 1.46771106031 1.46021985879 1.41343003349 1.53032757575 1.69540770227 1.85705869928 2.03792923438 2.17839297667 2.23482311031 2.14197387649 2.04912464268 1.9515784994 1.7796792981 1.63671401741 1.51931693126 1.46592184403 1.73414244271
-999.999 -999.999 -999.999 -999.999 -999.999 -999.999 -999.999 -999.999 -999.999 -999.999 -999.999 -999.999 -999.999 -999.999 -999.999 -999.999 -999.999 -999.999 1.82236183081 2.29325966001 2.21625273219 1.99734621999 1.86730678816 1.81056842474 1.75383006131 1.69709169789 1.64035333447 1.55757410436 1.54865528158 1.50131054728 1.47706654242 1.46162976339 1.49415927656 1.55459147126 1.58884661368 1.5513279113 1.50303966694 1.54699388061 1.43961040766 1.47291162317 1.58139584861 1.77419924978 2.09873623794 2.4232732261 2.51464295523 2.4138343699 2.26280140373 2.11176843756 1.76585059741 1.64698702274 1.52941991763 1.50640575606 1.75859804638
-999.999 -999.999 -999.999 -999.999 -999.999 -999.999 -999.999 -999.999 -999.999 -999.999 -999.999 -999.999 -999.999 -999.999 -999.999 -999.999 -999.999 -999.999 1.94257202282 2.41346985201 2.15067152695 1.95218481314 1.87448718719 1.81774882377 1.76101046034 1.70427209692 1.59274043718 1.56149829861 1.5472547362 1.50538382835 1.48113982349 1.45689581862 1.47546686628 1.50550028761 1.53553370895 1.55969605396 1.59498709987 1.70081617291 1.6870664137 1.86563030276 1.58866395617 1.76102804118 2.09469039644 2.4283527517 2.50926268142 2.49537770158 2.37812381379 2.22709084762 1.94795607763 1.58926519869 1.48058401504 1.53429552306 1.66973624581
-999.999 -999.999 -999.999 -999.999 -999.999 -999.999 -999.999 -999.999 -999.999 -999.999 -999.999 -999.999 -999.999 -999.999 -999.999 -999.999 -999.999 -999.999 2.06278221482 2.45293528055 2.11711259647 1.93840594964 1.88166758622 1.8249292228 1.76819085937 1.71145249595 1.59666463143 1.56542249286 1.54585419082 1.50945710943 1.50066872797 1.5046692969 1.48053115199 1.46487991175 1.46630299014 1.50191256946 1.57237306325 1.72491069486 1.78538252579 1.75133061539 1.60338543293 1.79375287902 2.12741523428 2.26867626625 2.27713662997 2.26325165013 2.24936667029 2.23548169045 2.12996017773 1.77663993413 1.51919864946 1.51835615214 1.62802763638
-999.999 -999.999 -999.999 -999.999 -999.999 -999.999 -999.999 -999.999 -999.999 -999.999 -999.999 -999.999 -999.999 -999.999 -999.999 -999.999 -999.999 -999.999 2.18299240682 2.38735407531 2.12181884297 1.94558634867 1.88884798525 1.83210962183 1.7753712584 1.71863289498 1.60058882568 1.56934668711 1.53810454854 1.54823088232 1.56106732325 1.55079199159 1.52718289604 1.50304475113 1.4821826433 1.48135286605 1.51087844894 1.64427372648 1.76646899047 1.64091468717 1.7158182337 1.82647771686 2.00693260661 2.04732763951 2.04501057852 2.03112559869 2.06912331472 2.13552356394 2.11621423229 1.89973046028 1.58266542734 1.56247834892 1.64902468443
-999.999 -999.999 -999.999 -999.999 -999.999 -999.999 -999.999 -999.999 -999.999 -999.999 -999.999 -999.999 -999.999 -999.999 -999.999 -999.999 -999.999 1.83230476963 2.30320259883 2.32177287008 2.09249047668 1.9527667477 1.89602838428 1.83929002086 1.78255165743 1.71405117207 1.60451301993 1.57327088136 1.55137764343 1.57231684471 1.60054973561 1.59093519858 1.56769336774 1.55591198972 1.53558422421 1.50995846673 1.54345181491 1.64973437593 1.76309538245 1.6733084295 1.53136342722 1.57451623921 1.70922999675 1.82597901276 1.88590851806 1.95230876728 2.0187090165 2.08510926572 2.04502269179 1.90165591466 1.67440427554 1.6183879921 1.67062373411
-999.999 -999.999 -999.999 -999.999 -999.999 -999.999 -999.999 -999.999 -999.999 -999.999 -999.999 -999.999 -999.999 -999.999 -999.999 -999.999 -999.999 1.95251496163 2.42341279083 2.25619166484 2.04732906984 1.95994714673 1.90320878331 1.84647041989 1.78973205646 1.63967935274 1.60843721417 1.5771950756 1.57060090418 1.61211143751 1.60971137059 1.6619580831 1.65651012448 1.63701045639 1.58516104161 1.53547523969 1.57247553972 1.64348343691 1.69037706322 1.62110005827 1.48953800305 1.79602617211 1.70233674951 1.69150279548 1.81326621892 1.90189446907 1.96829471828 2.0346949675 1.97383115128 1.83046437416 1.66838503251 1.57912281473 1.65713851062
-999.999 -999.999 -999.999 -999.999 -999.999 -999.999 -999.999 -999.999 -999.999 -999.999 -999.999 -999.999 -999.999 -999.999 -999.999 -999.999 -999.999 2.07272515363 2.54362298283 2.19866501256 2.02386590919 1.96712754576 1.91038918234 1.85365081892 1.79691245549 1.64360354699 1.61236140842 1.58111926985 1.58982416493 1.66479235511 1.63436358309 1.64565388526 1.73843668857 1.68130886028 1.62317633707 1.56504381387 1.51804233908 1.53188356986 1.55275648704 1.51790798102 1.447993487 1.92498412082 1.67449924 1.6758743789 1.63246214541 1.80448157994 1.91788042007 1.98428066929 1.90263961077 1.73229166758 1.56655481926 1.5386326808 1.63010992841
-999.999 -999.999 -999.999 -999.999 -999.999 -999.999 -999.999 -999.999 -999.999 -999.999 -999.999 -999.999 -999.999 -999.999 -999.999 -999.999 -999.999 2.19293534564 2.49287421321 2.20337125906 2.03104630822 1.97430794479 1.91756958137 1.86083121795 1.80409285452 1.64752774124 1.61628560267 1.58260051965 1.60904742568 1.69901876026 1.68704450068 1.65661572866 1.70149447446 1.69013593705 1.64482188536 1.58949672375 1.58934239817 1.60017112485 1.61465336429 1.60952807677 1.54868029017 1.79870800218 1.77908413554 1.76964394846 1.63334912611 1.55380353191 1.72654045993 1.89927738794 1.82557974916 1.67550268217 1.68550724296 1.92307809324 1.62153083212
-999.999 -999.999 -999.999 -999.999 -999.999 -999.999 -999.999 -999.999 -999.999 -999.999 -999.999 -999.999 -999.999 -999.999 -999.999 -999.999 1.84224770844 2.31314553764 2.42729300797 2.18763473338 2.03822670725 1.98148834382 1.9247499804 1.86801161698 1.75873221172 1.65145193549 1.62020979692 1.63489501414 1.62827068643 1.71824202101 1.73972541827 1.70929664625 1.66334968548 1.63068468833 1.6227110357 1.63437851628 1.63074200544 1.56982376039 1.67308495792 1.67508881425 1.64558783082 1.75335990219 1.88366903108 1.86341351803 1.72711869567 1.59082387331 1.47514491842 1.64788184643 1.59106180411 1.57768673158 1.49124065364 1.72682525496 1.8404951168
-999.999 -999.999 -999.999 -999.999 -999.999 -999.999 -999.999 -999.999 -999.999 -999.999 -999.999 -999.999 -999.999 -999.999 -999.999 -999.999 1.96245790045 2.43335572964 2.36171180274 2.14247332653 2.04540710628 1.98866874285 1.93193037943 1.87519201601 1.68661826831 1.65537612974 1.62413399117 1.70299461508 1.64749394718 1.73746528176 1.79240633586 1.76197756385 1.72320089727 1.65153043748 1.55908833028 1.5811093862 1.58483272631 1.54925186931 1.6507060162 1.74299560971 1.60575199712 1.79672096239 1.98857764162 1.95718308759 1.82088826523 1.68459344288 1.54714726665 1.41969094496 1.48470099454 1.54707962045 1.51442498792 1.53263892401 1.74861754067
-999.999 -999.999 -999.999 -999.999 -999.999 -999.999 -999.999 -999.999 -999.999 -999.999 -999.999 -999.999 -999.999 -999.999 -999.999 -999.999 2.08266809245 2.55356592165 2.2961305975 2.10932586873 2.05258750531 1.99584914188 1.93911077846 1.88237241504 1.69054246255 1.65930032398 1.62805818542 1.70355829986 1.66671720793 1.75668854251 1.84508725346 1.81465848144 1.78305210907 1.71138164927 1.64606146188 1.48494541647 1.52589901738 1.53350231557 1.56549130335 1.54615698688 1.5832587688 1.74997842325 1.92950539952 1.86080168906 1.69081304492 1.52082440077 1.54988907336 1.41935767819 1.53302224714 1.60097596113 1.83126893627 1.59420793399 1.53487062382
-999.999 -999.999 -999.999 -999.999 -999.999 -999.999 -999.999 -999.999 -999.999 -999.999 -999.999 -999.999 -999.999 -999.999 -999.999 -999.999 2.20287828445 2.5983943511 2.28492367515 2.11650626776 2.05976790434 2.00302954091 1.94629117749 1.88955281407 1.6944666568 1.66322451823 1.62475718954 1.66421322061 1.68594046868 1.77591180326 1.86588313784 1.86733939903 1.84290332086 1.77219883205 1.7099754763 1.698362508 1.67836686353 1.51210965549 1.55238641348 1.6218802749 1.65931736254 1.7320809099 1.67188862792 1.61212049716 1.5692593596 1.65920141236 1.62453498129 1.43869238922 1.5220222573 1.64635354932 1.65384733459 1.59260139297 1.52950844796
-999.999 -999.999 -999.999 -999.999 -999.999 -999.999 -999.999 -999.999 -999.999 -999.999 -999.999 -999.999 -999.999 -999.999 -999.999 1.85219064726 2.32308847645 2.53281314586 2.28277899007 2.12368666679 2.06694830337 2.01020993994 1.95347157652 1.80341325137 1.69839085105 1.66714871248 1.67699226947 1.62486814136 1.70516372943 1.79513506401 1.88510639859 1.92002031662 1.90275453266 1.83611284647 1.72372169112 1.74715395782 1.85970751004 1.60896403199 1.679387665 1.74981129802 1.72678417724 1.70640060449 1.68998620728 1.61205037276 1.74791806774 1.82971228438 1.64386969231 1.45802710024 1.51102226746 1.63796382575 1.73229239448 1.61312468248 1.69957161185
-999.999 -999.999 -999.999 -999.999 -999.999 -999.999 -999.999 -999.999 -999.999 -999.999 -999.999 -999.999 -999.999 -999.999 -999.999 1.97240083926 2.44329866846 2.46723194063 2.23761758322 2.13086706582 2.0741287024 2.01739033897 1.96065197555 1.73355718387 1.7023150453 1.67107290673 1.74509187041 1.62370708688 1.72438699018 1.81435832476 1.90432965934 1.97270123421 1.96260574445 1.85934945707 1.73247458921 1.6898116947 1.76817033321 1.73429510261 1.782972363 1.78576701509 1.70946296915 1.68496036515 1.65587952922 1.63484350666 1.7775259084 1.80831288084 1.62103138611 1.52286813165 1.60742060178 1.69831139216 1.63069390423 1.65787918294 1.76268676465
-999.999 -999.999 -999.999 -999.999 -999.999 -999.999 -999.999 -999.999 -999.999 -999.999 -999.999 -999.999 -999.999 -999.999 -999.999 2.09261103126 2.56350886046 2.40165073539 2.19478582828 2.13804746485 2.08130910143 2.024570738 1.96783237458 1.73748137812 1.70623923955 1.67499710098 1.81319147134 1.65363891636 1.74361025094 1.83358158551 1.92355292009 2.01352425467 2.00057793504 1.89163514845 1.77572814678 1.65954406339 1.67663315638 1.74565912095 1.8110150482 1.81380970029 1.70800321884 1.64712957388 1.63623487365 1.54198010922 1.59472662634 1.83705328286 1.76854567725 1.69934379731 1.82541535081 1.89954631574 1.87182771145 1.86347410692 1.83371644992
-999.999 -999.999 -999.999 -999.999 -999.999 -999.999 -999.999 -999.999 -999.999 -999.999 -999.999 -999.999 -999.999 -999.999 -999.999 2.21282122327 2.68371905246 2.36647609124 2.20196622731 2.14522786388 2.08848950046 2.03175113704 1.93431114685 1.74140557236 1.7101634338 1.66691385943 1.88129107228 1.67286217711 1.76283351169 1.85280484626 1.94277618084 2.03274751542 2.01028693667 1.90134415008 1.80635383037 1.78929337829 1.6674015283 1.56930535047 1.72094810152 1.8341572217 1.80832234811 1.81167879357 1.73210581328 1.54530748013 1.50103064402 1.72744444689 1.94502134291 1.89093341547 1.97558817022 1.74645838884 1.71227106823 1.73264297105 1.73657219047
-999.999 -999.999 -999.999 -999.999 -999.999 -999.999 -999.999 -999.999 -999.999 -999.999 -999.999 -999.999 -999.999 -999.999 1.86213358607 2.33303141527 2.63833328376 2.37118233774 2.20914662634 2.15240826291 2.09566989949 2.03893153607 1.84809429103 1.74532976661 1.71408762804 1.7190895248 1.88929473083 1.69208543786 1.78205677244 1.87202810701 1.96199944159 2.05004538384 1.98392302289 1.97615744529 1.91042160808 1.83306299949 1.77973055044 1.72425031246 1.70276287705 1.93009581945 1.90475026342 1.8674616544 1.69665010775 1.45155868769 1.52577955042 1.65466323947 1.87501570775 2.00810767931 1.84498334778 1.7367618838 1.67601365899 1.81842999004 2.07683198334
-999.999 -999.999 -999.999 -999.999 -999.999 -999.999 -999.999 -999.999 -999.999 -999.999 -999.999 -999.999 -999.999 -999.999 1.98234377807 2.45324160727 2.57275207852 2.33276183991 2.21632702537 2.15958866194 2.10285029852 2.0461119351 1.78049609943 1.74925396086 1.71801182229 1.78718912573 1.84994965158 1.71130869861 1.80128003319 1.89125136777 1.98122270234 2.0362385801 1.93543214656 1.9834899509 1.87184522419 1.80653482432 1.75380884333 1.70108286234 1.70638105685 1.74043365609 1.77021759554 1.76778892537 1.58644297716 1.45080717433 1.53474755908 1.63192115006 1.71122552815 1.75124547178 1.81890978187 1.83145048686 1.69397192205 1.9054749714 2.2695311541
-999.999 -999.999 -999.999 -999.999 -999.999 -999.999 -999.999 -999.999 -999.999 -999.999 -999.999 -999.999 -999.999 -999.999 2.10255397008 2.57345179927 2.50717087329 2.28760043306 2.2235074244 2.16676906097 2.11003069755 2.05329233413 1.78442029368 1.75317815511 1.71762639481 1.85528872667 1.81060457233 1.73053195936 1.82050329394 1.91047462852 2.00044596309 2.02243177635 1.91678398178 1.88543545216 1.84813311472 1.78000664915 1.72728066816 1.72266485818 1.70169016253 1.64888373292 1.6979905008 1.65734903972 1.52033480152 1.48199174974 1.48775596351 1.53053551717 1.62770910815 1.77946838558 1.92612191216 1.93322254427 1.67120387828 1.94546824163 1.94052215639
-999.999 -999.999 -999.999 -999.999 -999.999 -999.999 -999.999 -999.999 -999.999 -999.999 -999.999 -999.999 -999.999 -999.999 2.22276416208 2.69366199128 2.44802850733 2.28742618685 2.23068782343 2.17394946 2.11721109658 1.97899218651 1.78834448793 1.75710234936 1.70907052932 1.92338832761 1.77125949308 1.74975522011 1.83972655469 1.92969788927 2.01966922384 2.00862497261 1.89813581699 1.83433901496 1.82442100525 1.75347847397 1.73715604371 1.70091232592 1.7595917145 1.71350460835 1.55315583551 1.57011989177 1.54488286364 1.51317632516 1.51894053893 1.52470475269 1.53046896646 1.60893788267 1.73611324371 1.74588736049 1.62333376376 1.56658708236 1.66295280764
