Examples/results/velocity/asciifiles/KR2_140509_120000.JPG_interpmap.txt
ncols 300
nrows 500
xllcorner 446880.0
yllcorner 8753720.0
cellsize 10.0
NODATA_value -999.999
[rows 368 to 390 of 500, columns 212 to 264 of 300]
21.144552863 22.1879657551 22.3750691281 22.5062127741 21.5495174432 21.1818240548 20.9747048499 20.7675856449 20.56046644 20.3533472351 19.5421545872 18.8111443789 18.2480488329 17.6849532868 17.1218577407 16.5587621947 15.9956666486 15.4325711025 14.2786447443 13.2546405831 13.8366136632 14.4185867432 15.0005598233 15.4647558658 15.4293541273 15.3939523888 13.6332143651 12.7824080289 12.4905733043 12.1987385798 12.0429210576 11.7156092074 10.9392276742 10.162846141 9.38646460779 9.4597027333 10.650187323 11.2883668591 11.3439065288 11.3994461985 11.4549858682 11.0446672514 10.3600743527 9.67548145392 8.99088855516 8.60734122245 8.44272465726 8.27810809208 8.92112835887 11.3296029688 13.7380775787 16.1465521887 18.5550267986
18.7982414115 19.4578053529 19.588948999 19.720092645 19.0375669947 18.155847658 17.948728453 17.7416092481 17.5344900432 17.3273708383 17.3724016347 17.6232459051 17.4605787435 17.297911582 16.896003127 16.332907581 15.7698120349 15.2067164888 14.4516089174 14.0622075339 14.644180614 14.9080916883 14.8726899498 14.8372882113 14.8018864728 14.5393959539 12.6340757236 12.3422409991 12.0504062745 11.75857155 11.4705843519 11.484650225 10.9346955232 10.15831399 9.38193245676 8.98993559011 10.1804201798 11.3709047695 11.4637901041 11.5193297738 11.5748694435 11.1103443769 10.4257514782 9.7411585794 9.1993920885 9.03477552332 8.87015895813 8.70554239295 9.69097500739 12.0994496173 14.5079242273 16.9163988372 19.3248734471
16.4519299599 16.6716852238 16.8028288698 16.9339725159 16.5256165463 15.1686242455 14.9227520562 14.7156328513 14.5085136463 14.569003245 14.958690494 15.3483777429 15.420096453 15.2574292915 15.0947621299 14.9320949683 14.7694278067 14.6067606452 14.4177663291 14.3514275107 14.3160257722 14.2806240337 14.2452222952 14.2098205567 14.1744188182 13.2706317157 12.1939086938 11.9020739692 11.6102392447 11.3184045202 11.0265697956 10.9123135193 10.9263793923 10.1537818389 9.37740030573 8.60101877253 9.71065303662 10.9011376263 11.5836736794 11.6392133491 11.6947530188 11.1760215024 10.4914286036 9.80683570489 9.62682638937 9.46220982419 9.297593259 9.13297669382 10.4608216559 12.8692962658 15.2777708758 17.6862454857 20.0947200956
13.7544214486 13.8855650947 14.0167087407 14.1478523868 14.0136660978 12.656673797 11.8967756593 11.6896564544 11.7656048554 12.1552921043 12.5449793533 12.9346666022 13.3243538511 13.2169470009 13.0542798394 12.8916126778 12.7289455162 12.7933207091 13.1568041618 13.8698257733 14.4914787449 14.1123249212 13.7331710975 13.5823529022 13.5469511637 12.0406484339 11.753741664 11.4619069394 11.1700722149 10.8782374903 10.5864027658 10.3399768136 10.3540426866 10.1492496879 9.37286815471 8.5964866215 9.24088589344 10.4313704831 11.6218550728 11.7590969244 11.8146365941 11.2416986279 10.5571057291 10.2188772554 10.0542606902 9.88964412506 9.72502755987 9.56041099469 11.2306683044 13.6391429144 16.0476175243 18.4560921342 20.8645667442
10.9683013195 11.0994449655 11.2305886116 11.3617322577 11.4928759037 10.1447233486 8.87079926249 8.96220646583 9.35189371474 9.74158096365 10.1312682126 10.5209554615 10.9106427104 11.1764647104 11.0137975489 10.8511303873 11.2137971488 11.5772806015 11.9407640542 12.6352236785 13.3997769322 14.1643301859 14.6172022663 14.2380484426 13.8588946189 11.7596273889 11.2351293182 11.0217399096 10.7299051851 10.4380704605 10.146235736 9.85440101143 9.78170598094 9.795771854 9.36833600368 8.59195447047 8.77111875025 9.96160333995 11.1520879296 11.8789804997 11.9345201694 11.3073757534 10.8109281215 10.6463115563 10.4816949911 10.3170784259 10.1524618607 9.98784529556 12.000514953 14.4089895629 16.8174641728 19.2259387827 21.6344133927
8.18218119034 8.31332483641 8.44446848247 8.5958787066 8.79580068553 7.73879295998 7.28673107139 7.53903840979 7.77721211698 8.01538582417 8.25355953135 8.49173323854 8.72990694573 8.96808065292 9.27079013575 9.63427358846 9.99775704116 10.3612404939 10.7247239466 11.4006215837 12.1651748374 12.9297280911 13.6942813448 14.4588345985 14.4244510507 11.4896786409 10.5138316156 10.4296102026 10.2897381552 9.99790343069 9.70606870615 9.41423398161 9.20936927525 9.22343514831 9.23750102137 8.58742231945 8.30135160706 9.49183619676 10.6823207865 11.8728053762 12.0544037448 11.4029789875 11.2383624224 11.0737458572 10.909129292 10.7445127268 10.5798961616 10.4152795964 12.7703616015 15.1788362114 17.5873108213 19.9957854313 22.4042600412
6.5746764044 6.41762286616 6.50439735241 6.70431933134 6.82421022572 6.4171277714 6.69931462216 6.96743541702 7.20560912421 7.4437828314 7.68195653858 7.92013024577 8.15615984609 8.38845909516 8.144788963 8.30656705795 8.74875549825 9.14520038624 9.50868383894 10.1660194889 10.9305727425 11.7747247081 12.7524991916 13.7302736752 13.7953245076 11.2197298929 9.79253391288 9.70831249993 9.62409108699 9.53986967404 9.26590167632 8.97406695178 8.68223222724 8.65109844262 8.66516431567 8.58289016842 7.83158446388 9.02206905357 10.2125536433 11.403038233 12.1233229031 11.8304132884 11.6657967232 11.501180158 11.3365635929 11.1719470277 11.0073304625 11.1317336401 13.54020825 15.9486828599 18.3571574699 20.7656320798 23.1741066897
5.29666038581 5.71373589311 5.85874373562 5.70169019738 5.60783205064 5.82971132217 6.11189817293 6.3940850237 6.63400613144 6.87217983863 7.10939681592 7.341696065 7.57399531408 7.80629456315 7.52547817471 6.96563324721 7.30051471513 7.74270315544 8.18489159574 9.11649863308 10.1168802351 11.1172618371 12.1176434392 13.035833232 12.7355513894 10.949781145 9.0712362102 8.98701479725 8.90279338431 8.81857197136 8.73435055841 8.53389992196 8.24206519742 8.07876173693 8.09282760998 8.10689348304 7.80197648419 8.55230191039 9.74278650008 10.9256773767 11.7918889816 12.2578475893 12.0932310241 11.9286144589 11.7639978937 11.5993813285 11.4347647634 11.9015802886 14.3100548985 16.7185295084 19.1270041184 21.5354787283 23.9439533382
5.27200628537 5.19321251563 5.1144187459 5.29986460509 5.20985660652 5.4047619499 5.59966729328 5.80666857447 6.06240313867 6.29493303484 6.52723228391 6.75953153299 6.99183078207 7.22413003114 6.90616738642 6.34632245892 5.852273932 6.29446237231 6.93446369909 7.93484530111 8.93522690313 9.62032745864 10.1633544994 10.7063815401 11.2494085808 10.5454310531 8.34993850752 8.26571709457 8.18149568163 8.09727426868 8.01305285573 7.92883144278 7.8018981676 7.51006344306 7.52049090429 7.53455677735 7.54862265041 8.0825347672 9.04007702982 9.97243631751 10.7526834681 11.4608145377 12.1689456072 12.3560487598 12.1914321946 12.0268156294 11.8621990642 12.6714269371 15.079901547 17.488376157 19.8968507669 21.8485634697 22.5731049583
5.24735218493 5.1685584152 5.08976464546 5.01097087572 4.98508526894 5.07750120265 5.28074802434 5.48399484603 5.66830957066 5.79976595581 5.9450677519 6.17736700098 6.40966625006 6.64196549913 6.28685659812 5.72701167063 5.16716674313 4.84622158919 5.66179464458 6.20482168532 6.74784872605 7.29087576679 7.83390280752 8.37692984826 8.91995688899 9.46298392973 7.62864080484 7.54441939189 7.46019797894 7.375976566 7.29175515305 7.2075337401 7.12331232716 7.03909091421 6.9481541986 7.05149293443 7.2480337244 7.44457451436 8.08683597059 9.00534688509 9.71347795464 10.4216090242 11.1297400938 11.8378711633 12.5460022329 12.4542499303 12.2896333651 13.4412735856 15.8497481956 17.9718980256 18.6964395143 19.4209810029 20.1455224915
5.22269808449 5.14390431476 5.07321809163 5.07388593773 5.05795021379 4.9990938703 5.01305827229 5.21630509398 5.41955191567 5.55562432234 5.68708070749 5.81853709264 5.94999347779 6.08144986294 5.73310504244 5.25588387368 4.77866270493 4.43122341641 4.79058782151 5.02619819633 5.19862247557 5.37104675481 5.54347103406 6.04747815641 6.59050519714 7.13353223787 7.2051624912 6.82312168921 6.73890027626 6.65467886332 6.55214305257 6.43062105753 6.30909906249 6.40096929827 6.60628332367 6.82742648957 7.06970106345 7.31197563734 7.55425021123 7.98168256412 8.67427244117 9.38240351072 10.0905345803 10.7986656498 11.5067967194 12.2149277889 12.717067666 14.0952325816 14.8197740702 15.5443155588 16.2688570474 16.993398536 17.7179400246
5.19804398406 5.14566999526 5.13870027611 5.16846171946 5.13077739215 5.08505242137 5.01310247165 4.94861534193 5.15186216362 5.31148268888 5.44293907403 5.57439545918 5.72242489252 5.84532108591 5.57133642825 5.0941152595 4.61689409074 4.47502358073 4.72914053524 5.16684028633 5.60454003742 5.77923861842 5.95166289767 6.12408717691 6.29651145615 6.46893573539 6.64136001464 5.97177736216 5.85025536713 5.72873337209 5.65555348655 5.74782004509 5.84499730536 6.05031133076 6.25562535617 6.46093938157 6.66625340698 6.9075023625 7.14977693638 7.54368303095 8.22287592466 8.90206881837 9.58126171208 10.2604546058 10.9396474995 11.3458782911 11.6067671409 12.1771587821 12.436766934 13.116733092 13.8412745806 14.5658160692 15.2903575578
5.21812189889 5.20351461449 5.23327605784 5.24418298386 5.20360457051 5.16302615716 5.09906102273 5.02711107301 4.95516112329 5.06734105541 5.20743774371 5.36991448272 5.53239122174 5.54704161047 5.3845563787 4.93234664531 4.45512547655 4.51882374505 4.66769324897 5.10539300006 5.54309275115 5.98079250225 6.35985476127 6.53227904052 6.70470331976 6.877127599 7.04955187825 6.24783981323 5.3893844359 5.19921830336 5.19545032661 5.28902531244 5.49433933785 5.69965336325 5.90496738866 6.11028141407 6.31559543947 6.52090946488 6.74530366154 7.10568349778 7.78487639149 8.4640692852 8.90578511416 9.16667396396 9.42756281376 9.68845166356 9.94934051336 10.5923176936 11.2399200519 11.4995282038 11.7591363557 12.1382336023 12.862775091
5.26737825151 5.29809039622 5.32785183957 5.31701016222 5.27643174887 5.23585333552 5.18501957381 5.11306962409 5.04111967437 4.9690194973 5.01740407293 5.17988081194 5.34235755095 5.24876213503 5.08627690326 4.77057803112 4.42970206772 4.56262390938 4.69554575103 5.04394571379 5.48164546488 5.91934521598 6.35704496707 6.79474471816 7.11289518337 7.28531946261 7.45029604331 6.57037622887 5.89529652044 5.3928214917 5.38354762793 5.31993590842 5.31692944223 5.47714319404 5.66067407699 5.84767065709 6.03466723719 6.22166381729 6.40866039739 6.57215274777 6.72658078706 6.98746963686 7.24835848666 7.50924733646 7.77013618626 8.03102503606 8.29191388586 8.98474127084 9.67969522792 10.3026813217 10.5622894736 10.8507641838 11.1469694682
5.23830070015 5.39266617795 5.42242762131 5.38983734058 5.34925892723 5.30868051388 5.26810210053 5.19843446458 5.10881023529 5.04778744332 5.0052613999 4.98984714116 5.11296789135 4.95048265958 4.78799742782 4.60880941693 4.47350223204 4.6064240737 4.73934591535 4.98249842752 5.42019817861 5.85789792971 6.2955976808 6.73329743189 7.17099718299 7.60869693408 7.77283245895 7.0698143474 6.40120860498 5.73260286257 5.57715081628 5.4946629972 5.22815833974 5.38837209156 5.54858584337 5.70879959518 5.87491075324 6.06190733334 6.24890391344 6.40389098025 6.50018789574 6.5538108465 6.60743379727 6.66105674803 6.71467969879 6.76830264956 6.85943332284 7.80943545645 8.75943759005 9.47772927492 9.62022197602 9.91642726036 10.2126325447
5.2092231488 5.36789176024 5.49587305439 5.44955630971 5.40323956504 5.35692282037 5.3106060757 5.26211062709 5.1724863978 5.12655538933 5.08402934592 5.00300132441 4.93003127878 4.77419222479 4.60947882859 4.45530653281 4.51730239637 4.65022423802 4.78314607968 4.92105114125 5.35875089234 5.79645064344 6.23415039453 6.67185014562 7.10954989672 7.41443919797 7.71064332916 7.49000697013 6.90712068953 6.23851494711 5.77075400463 5.66939008599 5.40233096124 5.29960098908 5.45981474089 5.6200284927 5.78024224451 5.94045599633 6.10066974814 6.23065858414 6.3319312975 6.42822304372 6.48184599448 6.53546894524 6.589091896 6.64271484677 6.84133200367 7.33506588223 8.28506801583 8.73020133014 8.7597814671 8.9820903369 9.27829562124
5.15071533988 5.2987215204 5.44672770093 5.45538328035 5.40906653568 5.362749791 5.24495686365 5.23500003501 5.21129685795 5.08718954294 4.96308222794 4.83897491293 4.78404307661 4.79551473803 4.6632347823 4.53077223325 4.45278249978 4.64362561824 4.826946244 4.95986808565 5.29730360607 5.73500335717 6.14448140111 6.40569056799 6.72578941546 7.24964284862 7.35681956942 7.13618321039 6.91554685136 6.69491049233 6.07582128924 5.84411717477 5.57705805002 5.30999892528 5.37104363841 5.53125739022 5.69147114203 5.8605719132 6.0509135467 6.18513846321 6.19534704712 6.25997161475 6.35625819169 6.40988114245 6.46350409322 6.60550456387 6.82931953551 7.05313450715 7.81069844162 7.98267338536 8.01225352232 8.04775341343 8.32122830319
5.05924520874 5.22494061938 5.3729467999 5.46121025098 5.41489350631 5.33716380481 5.17905126023 5.18771912899 5.23997422725 5.04678451446 4.85359480167 4.67494850145 4.67733398414 4.79348765194 4.71775412535 4.60623793368 4.47377538463 4.57479586757 4.76563898604 4.95648210451 5.13573277112 5.396941938 5.65815110488 6.04535183035 6.56920526352 7.09305869669 7.00299580967 6.78235945064 6.56172309162 6.34108673259 6.12045037356 5.92716142232 5.75178513881 5.48472601406 5.28227253593 5.44495967764 5.63530131114 5.82564294463 6.01598457813 6.16599790714 6.20084000155 6.21104858546 6.22125716938 6.28429333966 6.36967712408 6.59349209572 6.81730706736 7.04112203899 7.2385760247 7.23618714534 7.26472557754 7.2943057145 7.30684245247
4.93106279514 5.11426243064 5.29746206614 5.4471720794 5.42072047695 5.27125820139 5.12383069608 5.20533261143 5.26955298601 5.12224298398 4.97611244776 4.82998191153 4.74163860848 4.8066365376 4.73540334049 4.63980618464 4.5442090288 4.5059661169 4.68173633268 4.78345521514 4.88517409761 4.99209995407 5.36491424525 5.88876767841 6.41262111158 6.86980840896 6.64917204993 6.4285356909 6.20789933187 6.0807299672 6.08480064134 6.10004963398 5.6270490616 5.24549398907 5.12439851204 5.41003070907 5.60037234256 5.79071397606 5.9765901324 6.12264416767 6.20633295597 6.21654153989 6.2267501238 6.23695870772 6.22673500096 6.41682204739 6.60690909382 6.79699614025 6.98708318668 7.28024919788 7.27786031853 7.27547143918 7.11475139169
4.80288038154 4.98608001704 5.16927965254 5.35247928804 5.36346514254 5.20535259797 5.07654979006 5.27246229462 5.48490817838 5.34628365108 5.19878253405 5.05239953472 4.9062689985 4.90080086985 4.80013783181 4.69947479377 4.61056738901 4.50635878432 4.59663328731 4.72739488912 4.85815649092 4.98891809273 5.17870666896 5.73218352648 6.25603695965 6.51598464921 6.29534829019 6.07471193116 6.06217736758 6.06270718491 6.07795617755 6.09320517018 5.85845793112 5.34119693562 5.01932152332 5.3273295835 5.56544337399 5.75578500749 5.93323639294 6.0792904282 6.21182591039 6.22203449431 6.23224307823 6.26523060539 6.25287229811 6.17237523624 6.34508814378 6.53517519021 6.72526223664 7.01599254752 7.32192237107 7.2473839009 7.03974870085
4.67469796794 4.85789760344 5.0425186384 5.32722491653 5.43823438168 5.2505305317 5.16903467382 5.37044740962 5.58289329338 5.57240645996 5.42490534293 5.27740422589 5.12990310885 5.0028268091 4.92185106428 4.84087531947 4.75989957465 4.61363208793 4.60663464295 4.72421302778 4.85497462958 4.98573623138 5.13502668022 5.54877247509 6.09945280771 6.16216088947 6.05532769842 6.04362476795 6.04061372848 6.05586272111 6.07111171375 6.08636070639 6.08986680065 5.75268377908 5.53849260878 5.32430143848 5.53026065496 5.72085603892 5.88988265347 6.03593668873 6.181990724 6.22752744873 6.24051359569 6.30231271071 6.29319121208 6.2126941502 6.13219708833 6.27335424017 6.4634412866 6.72336915068 7.05855310446 7.00231675156 6.96474601001
4.54651555434 4.77124725804 5.05595353618 5.34065981432 5.50676439917 5.3300842146 5.29816728451 5.47373059751 5.68087840838 5.79852926884 5.65102815181 5.50352703477 5.33851027443 5.15215899474 5.07118324992 4.99020750511 4.87792453798 4.72090539153 4.62252444801 4.73891954064 4.85531463327 4.98255437004 5.12920853871 5.31884873328 5.90846374238 6.03677509879 6.02507216833 6.01852027204 6.03376926468 6.04901825732 6.06426724995 6.0853292599 6.10779247432 6.03109114421 5.95271895343 5.84347252394 5.62928135364 5.68592707035 5.846528914 5.99258294927 6.13863698453 6.23302040316 6.27759570102 6.33939481604 6.33351012605 6.25301306417 6.17251600229 6.09201894042 6.20162033656 6.43074575385 6.61801894362 6.67484084048 6.76086114295
4.49997587768 4.78468215582 5.06938843396 5.35302686239 5.54458346345 5.40963789749 5.42729989521 5.60286320821 5.77886352338 5.99130940715 5.87715096069 5.72964984365 5.484554622 5.30149118038 5.22051543556 5.13953969074 4.98519784159 4.82817869514 4.67115954869 4.75480934571 4.87120443834 4.98759953097 5.13813044781 5.36800330847 5.59787616913 6.00651956871 5.99642681561 6.01167580825 6.03107036466 6.05353357908 6.0759967935 6.09846000791 6.11343466682 6.03280085464 5.95216704245 5.87153323027 5.79367689467 5.71686893047 5.83662960915 5.98013602549 6.12317948707 6.25015248099 6.31467780634 6.37647692136 6.37382904002 6.29333197814 6.21283491626 6.13233785438 6.05184079251 6.13812235702 6.26134462692 6.34736492939 6.43338523186
