Examples/results/velocity/asciifiles/KR2_140508_120000.JPG_interpmap.txt
ncols 287
nrows 454
xllcorner 446880.0
yllcorner 8754180.0
cellsize 10.0
NODATA_value -999.999
[rows 96 to 119 of 454, columns 159 to 211 of 287]
6.99175526175 8.0197139125 8.60568353544 8.95979006392 6.46183511457 3.96388016522 3.6479224886 3.37990136887 3.11188024914 2.91488298109 3.11313393989 3.82354475091 4.05216695337 3.81315071237 3.57413447137 3.33511823037 3.24548581227 3.25293663145 3.26906189163 3.07485656474 2.64001801627 2.79440776074 2.42953558193 2.06466340311 1.74034156731 1.97731142626 2.23940985631 2.50150828636 2.76360671641 3.04485218621 3.77335092965 3.66636793906 3.45293197914 3.33939533852 3.26480526792 3.19021519733 3.31213094869 3.07276891553 2.84477876353 3.06160431737 3.08787261451 3.14045438939 3.06312679526 2.9653323622 2.85213088302 2.86089388952 2.30485633823 2.46949394467 -999.999 -999.999 -999.999 -999.999 -999.999
6.43625127812 8.65382664374 10.3228231044 10.5746730048 7.91801676003 4.23329093342 3.53817208343 3.27787306937 3.01757405531 2.75575069294 3.24456465841 3.95323330083 4.100013202 3.98480163644 3.83548859817 3.59647235717 3.35745611617 3.17256189949 3.18460706848 3.20755509588 2.84050932098 2.61335269667 2.28250873305 2.10124888663 1.93102863748 1.96599276244 2.24493897238 2.52388518232 2.80283139226 3.06308628031 3.25198771575 3.33660675781 3.42122579988 3.39245158491 3.37194616725 3.37334214012 3.05695075343 2.98724904803 3.036526577 3.007401155 3.18812919748 3.20416203688 3.12683444275 3.04950684861 2.97217925448 3.04628937092 2.40109283313 2.36496143928 -999.999 -999.999 -999.999 -999.999 -999.999
4.39105365221 6.98427216229 9.20184752791 10.2301460553 7.22923366282 3.98051710761 3.5009876615 3.15102367048 2.98780063356 2.90234449656 3.23818446583 3.62380284223 4.00942121864 3.64102906762 3.52581750205 3.41060593649 3.29539437093 3.18018280537 3.12275680917 3.02526494803 2.91317264922 2.73191280281 2.55065295639 2.37638428998 2.21144052021 2.08408470284 2.24772312029 2.52666933023 2.80561554017 3.23248320761 3.34329845266 3.44754794595 3.53970418317 3.61863433373 3.59369882113 3.56821148038 3.17548850424 2.99279866899 2.96367324699 3.0918134093 3.28838578046 3.26786968437 3.19054209024 3.1132144961 3.52069663841 3.23168485232 2.58648831453 2.29847292575 -999.999 -999.999 -999.999 -999.999 -999.999
1.95198052039 4.35368976731 6.29869397609 7.36386755393 5.74678326468 3.82281170172 3.169876271 3.21328706482 3.1264203474 3.03955362999 2.89347345773 3.28561986053 3.67328007492 3.35400529482 3.18204493323 3.06683336767 2.95162180211 3.07367476503 3.21422470778 3.16418246309 3.18131687256 3.00005702614 2.82173994248 2.65679617272 2.49185240295 2.32690863319 2.28355873942 2.52945347814 2.79967532524 3.41927667907 3.52352617236 3.62777566565 3.73202515895 3.73061976072 3.78467345458 3.78633179951 3.36846731161 2.96339010325 2.99549762111 3.19206999227 3.38864236344 3.33157733186 3.25424973772 3.61377770392 3.75457060639 3.91257610149 2.77188379594 2.31196997908 2.61582764121 -999.999 -999.999 -999.999 -999.999
1.91437710857 3.45935964441 4.02481334129 4.49758905259 3.743229411 3.88427044029 3.29696953264 3.04301959013 3.2207863487 3.13391963128 2.95597204919 2.93119540359 3.3233418064 3.30008196143 2.83827236441 2.88404277815 3.02459272089 3.16514266364 3.30569260638 3.30309997815 3.39681065657 3.26820124947 3.10215182522 2.93720805546 2.77226428569 2.60732051593 2.5107245876 2.53223762605 2.93077889491 3.59950439877 3.70375389206 3.80800338535 3.87028413394 3.6914196904 3.83066501455 3.83009500114 3.42415546509 3.16366159578 3.03759841881 3.29232657525 3.47261257348 3.39528497935 3.65816014333 3.7989530458 3.93974594827 3.83858486393 3.05240368761 2.28732701356 2.29913979999 -999.999 -999.999 -999.999 -999.999
2.44676177134 3.49143755473 4.76070130847 3.19124312532 3.32397634554 3.59517431654 3.42406279428 3.18455321507 3.31515234999 3.2073060579 3.022952786 2.8385995141 2.96891734945 2.82668540333 2.86095387981 2.99369082241 3.126427765 3.2591647076 3.39716050499 3.49432660267 3.58808935592 3.51862621095 3.3538238446 3.18902147826 3.02421911191 2.85941674557 2.72777650097 2.97999636885 3.08121199303 3.77973211847 3.87509279209 3.95313979242 3.67858546921 3.65221962007 3.79146494422 3.8635065224 3.71700332831 3.39298181479 2.81058255379 3.16954461861 3.55189007126 3.70254258274 3.84868640987 4.00468491663 4.15586221178 3.53787841331 2.89465318058 2.14266983027 2.32302824513 -999.999 -999.999 -999.999 -999.999
2.9791464341 3.27749423707 4.1238427097 2.75848714869 2.94209980531 3.21329777631 3.48449574731 3.32608684 3.34479922719 3.27428679471 3.08993352281 2.90558025091 2.721226979 2.75725322669 2.9302697317 3.1223856598 3.26555768086 3.4407002945 3.61584290814 3.49751007362 3.43786829026 3.54794855772 3.38314619138 3.21834382503 3.05354145869 2.91295643984 2.81973384205 2.80753169522 2.87091112071 3.54934502942 4.00078404536 3.83996079575 3.48688680448 3.61301954975 3.75583565151 4.07853661388 4.34250506823 3.77557023839 3.37373614681 3.0439382608 3.56911386756 4.03084355478 4.19121517401 4.34721368078 4.05590662558 3.4901433992 2.8126437734 2.18444317633 2.4003027919 -999.999 -999.999 -999.999 -999.999
3.25262392782 2.72769331948 2.60049954412 2.4265417495 2.54281489151 2.7982107256 3.05360655969 3.18956850557 3.315552865 3.65888100699 3.58377157046 3.50866213393 3.20593137281 2.97383572715 2.96267358313 3.58761472682 3.79026984205 3.99292495728 3.83845307324 3.36331492003 3.2944115977 3.57727090449 3.41246853815 3.25167157608 3.1207536724 2.98983576872 2.91789259748 2.87829558108 2.88728688948 3.13874730883 3.53195994643 3.71826589587 3.52023162834 3.60165968189 3.72846290326 4.17920585622 4.68169829628 3.55836938337 3.40714932504 3.24225635587 3.45245233749 3.91418202471 4.37591171193 4.51089307406 3.93336136314 3.31963309899 2.73168829882 2.4284930383 2.47757733868 2.74845186283 -999.999 -999.999 -999.999
3.20195605782 2.56510821502 2.41634225852 2.46122200593 2.45680952873 2.42232991626 2.5247895145 2.90648630173 3.29237666868 4.06730347378 4.36178961054 4.15214353038 3.50900693622 3.14959097708 2.99061623911 3.586301797 4.22875012005 4.12775228972 3.57137395204 3.26832450364 3.36718119722 3.50400304751 3.45946880864 3.32855090496 3.19763300128 3.06671509759 3.01605135291 2.95754846172 3.04241793094 2.85103176081 3.05787631139 3.18411367161 3.50474979784 3.73656356807 3.87398357488 4.03917910229 4.31900277546 3.58103162141 3.48857174831 3.39611187521 3.35030482219 3.72936601479 3.91609610688 4.10282619896 3.59199805766 2.72547079412 2.5641216546 2.50403715968 2.55485188545 2.44286793698 -999.999 -999.999 -999.999
3.09910178596 2.4500209143 2.06011145015 2.06560027331 2.02610885569 2.03985104764 2.45461308805 2.87528074753 3.32157682848 4.11869937 4.88395357871 4.20863589146 3.51173838288 3.26665693263 3.10739363757 3.5899107273 4.06628785871 3.84569597897 3.30429483084 3.33657898605 3.49947953251 3.55732688497 3.32135374918 3.44160522783 3.39151389792 3.03814399287 3.09416481886 3.15018564484 3.17238550417 2.96827027727 2.91417588658 3.30836029207 3.62899641831 3.89548137748 4.04350093215 4.20869645957 3.93107312764 3.51152379841 3.33356212319 3.15560044797 3.24586851513 3.41738155974 3.56835972024 3.71539673816 3.76527322183 2.83211664096 2.70491767991 2.56231330292 2.63212643223 2.60757369408 -999.999 -999.999 -999.999
3.13768354614 2.4598363298 1.83537174101 1.93300865135 2.0306455617 2.14073463507 2.56543373404 2.99013283302 3.45699824088 4.13615599174 4.5708577445 4.10979830656 3.65997673197 3.41444396936 3.22417103604 3.59351965759 3.5676360475 3.34704416776 3.23731874231 3.48321711757 3.52485014498 3.56648317239 3.39306536587 3.20687878668 2.75477236246 2.96962977986 3.11957982036 3.0654745537 2.96926547138 2.78648611524 2.87904222565 3.30891191161 3.73878159757 4.05439918689 4.10648275268 3.84279029769 3.62605108788 3.50575087833 3.178261078 2.94202528123 3.00017433669 3.18655332425 3.36901443403 3.51605145195 3.55688902681 2.97534508796 2.82741065625 2.66868671414 2.70703734965 2.76021570478 -999.999 -999.999 -999.999
3.49052961647 2.81268240013 2.07584568581 2.17348259615 2.24183770004 2.30072848175 2.68028581954 3.12162622784 3.60235111232 3.98342588857 4.25776191029 4.05374784366 3.80821508105 3.56268231844 3.3409484345 3.28957611603 3.14202020786 3.00891070742 2.87580120699 3.29656153957 3.36308819764 3.4296148557 3.58868010056 3.37602064282 2.99880587457 3.15037647899 3.01979284577 2.86235452092 2.7661454386 2.60470195322 2.84390856472 3.27377825068 3.70364793664 3.91201913771 3.85233069554 3.63559148573 3.41885227593 3.051881069 2.77013602506 2.61482757699 2.7693461012 2.95572508876 3.14210407632 3.31670616574 3.34850483179 3.06025125598 2.99489546651 2.79118732095 2.74283350188 2.83749025155 2.88107608444 -999.999 -999.999
3.73581980321 3.13823363358 2.31631963061 2.39259084979 2.45148163151 2.51037241323 2.79513790503 3.26697909929 3.6512747376 3.85469966938 4.0103891782 4.18908797643 4.05753705149 3.82935109475 3.46762756698 3.23868220981 3.01326005497 2.78850841803 2.61328538481 2.7503341324 2.93007434851 3.12376047763 3.48051055438 3.54175406292 3.24283938669 3.29903342143 3.09446606254 2.79834536705 2.56302540582 2.42291779119 2.80877490378 3.06611965096 3.1924286932 3.32040640109 3.38185103817 3.34299274203 3.1876728844 2.71633135002 2.13404832855 2.12064827154 2.36864070293 2.61663313433 2.86462556572 3.0976548284 3.14163329639 3.09134257432 3.06678816239 3.09630872879 2.69395596027 2.93033855034 2.54974023081 -999.999 -999.999
3.31679566352 3.08100160934 2.59226629307 2.64191715631 2.68805158163 2.73418600696 2.89113106628 3.27517812095 3.42207265423 3.33311030124 3.72953881386 4.05248795791 3.93514307876 3.7513009528 3.56859755026 3.33965219309 3.11070683593 2.88580832136 2.66105668441 2.77468796158 2.89623711509 3.05153344318 3.29032795066 3.62100093432 3.4868728988 3.38007157995 3.19351534614 2.86386881182 2.57640258231 2.32267310969 2.46670004606 2.65562634683 2.84455264761 3.00153971212 3.09050155608 3.05793692937 2.99807213955 2.70017318487 1.6805720237 1.9766440907 2.23804618457 2.49944827844 2.76085037231 3.02225246617 3.01259128118 2.98037337489 3.27200167389 3.38556612846 2.93984255543 2.7483394326 2.65150349865 -999.999 -999.999
2.69361170421 2.80056698201 2.93292197941 3.02969986984 2.97016317405 2.81096632604 2.73981707629 2.72142427394 2.65583142429 3.11300483504 3.56720503994 3.96425311225 3.49442034031 3.57568285224 3.5300136214 3.38472372837 3.21167681921 2.98310822468 2.78797558158 2.90564384764 2.90987977607 3.11369979337 3.32665542732 3.53961106128 3.49802137467 3.28669909032 3.07537680597 2.8124211117 2.57723429492 2.4092326462 2.41840848269 2.42758431917 2.55012190789 2.6646577438 2.78644064199 2.85348751144 2.77725134666 2.58355367099 2.00988614531 2.01776721525 2.3264358196 2.58893771397 2.85033980784 3.1117419017 2.8745184313 2.71962393106 3.37817121329 3.1510017687 3.08720499637 2.88985085625 2.87111896284 -999.999 -999.999
2.9015123772 2.95270254295 2.9303176292 2.90793271546 2.75431871535 2.58263003072 2.52666301144 2.36395168663 2.78050607346 2.9821213077 3.58303326354 3.73534629929 3.14860089304 3.40006475168 3.4438976926 3.29860779956 3.15331790652 3.00802801349 2.91505058018 2.91928650861 2.9629105096 3.17586614356 3.38613405972 3.50671967561 3.33574676156 2.95744124702 2.6336429566 2.38474409533 2.57806600754 2.49579218272 2.51353070297 2.53461782831 2.54664292849 2.53617511593 2.52570730338 2.61639807029 2.55643055377 2.44032199648 2.33271173213 2.05651346521 2.36518206957 2.67385067393 2.93982924337 2.99254089096 2.6655682778 2.81683506721 3.06653004404 2.96425016048 2.92677146028 2.90042766111 2.97343971405 3.01370030606 -999.999
2.60463295019 2.66394398254 2.65497125185 2.6325863381 2.50136861558 2.43197263375 2.39588651117 2.50017042937 3.06011779094 3.22616136764 3.18033604417 3.80194790099 3.05686476958 3.22444665112 3.35778176379 3.21249187075 3.04714879095 2.88432118549 2.91299371384 2.93292916959 3.02507685979 3.19695772164 3.31754333753 3.43812895342 3.24117862034 2.8628731058 2.48456759126 2.22180373891 2.60067911558 2.63437359147 2.63756382393 2.65865094926 2.66859200182 2.65812418927 2.65711085149 2.75024609671 2.4367365553 2.3325851788 2.2284338023 2.12428242581 2.41959382994 2.72200852702 3.0244232241 2.75531716228 2.3825878706 2.89412033403 2.8377126543 2.77809114775 2.72888495103 2.70254115187 2.82755488966 2.65661252465 -999.999
2.21056276837 2.26987380072 2.32918483307 2.35723996074 2.27539091397 2.28941488599 2.26436705052 2.66057856108 3.05065496815 3.06580560893 3.00078191016 3.33049597844 3.25091735239 3.16074964573 3.22610390302 3.06788398155 2.88756224315 2.8779328776 2.90585570876 2.94736821868 3.00778138356 3.12836699945 3.24895261534 3.3183442897 3.12024079799 2.76830496458 2.38999945004 2.61671307266 2.56912616214 2.66328648988 2.812704466 2.80609326869 2.90876447349 3.06189211193 3.12167361682 2.73427474057 2.34687586432 2.20961628149 2.10546490499 2.12721065483 2.25454189444 2.88740648792 2.71266741335 2.47233675509 2.33481100117 2.72556925306 2.65155364157 2.59193213503 2.53231062848 2.50465464262 2.89589100263 2.84847995839 -999.999
2.17205409361 2.19085439133 2.20965468904 2.22845498675 2.30949713366 2.40508730674 2.33446477481 2.64674752133 2.89719578051 2.85600990616 2.85012530896 2.81257725881 2.53811602983 2.7629959729 2.9325185412 2.90216658361 2.87508206205 2.97956501997 3.08784752849 3.05866044208 2.95324298499 3.06646490677 3.18036189314 3.18398567406 2.98588218236 2.67373682336 2.666205653 3.01691383591 2.53757320871 2.67099810887 2.81867878772 2.79007907307 3.11542817533 3.49310113692 3.10570226067 2.71830338442 2.33090450817 2.08664738418 2.0149428388 2.14227407841 2.26960531802 2.48960097373 2.33275005233 2.1751102982 2.39863481273 2.52501613539 2.46539462885 2.4057731223 2.34615161575 2.40066678095 3.01954987493 2.89468103738 -999.999
2.36244506237 2.35301650957 2.37181680729 2.390617105 2.4860662426 2.44715689569 2.52071251256 2.62380378337 2.69167781506 2.69404558742 2.72389195953 2.65885906391 2.51356284114 2.75608257301 2.88738241267 3.11097159374 3.12272342825 3.2283268383 3.33660934683 3.0527189594 2.9004591502 3.01368107197 3.12690299374 2.96547306588 2.84331871716 2.71980382909 3.00173303599 2.28160998313 2.53413150968 2.47233850069 2.48700543785 2.52414934628 2.65801284092 3.18865594966 3.30735409322 2.76756557562 2.31493315202 1.96367848686 2.03000626238 2.17587950376 2.33236044088 2.42283439923 2.42710023482 2.27936624614 2.39847862922 2.33885712267 2.28542320601 2.24571273011 2.20600225422 2.34008921636 2.95897231034 3.1346642316 3.14632452768
2.59753674103 2.56602829027 2.53451983951 2.55321723814 2.58109382507 2.45874004565 2.33638626623 2.47468452827 2.56066587524 2.58772700313 2.61648492769 2.51008664068 2.69684340613 2.93936433121 2.8476689134 3.1309407743 3.37328277105 3.47708865664 3.35643353557 3.04677747671 2.8476753154 2.96089723717 2.85885456633 2.66225360961 2.77414261777 2.80786739996 2.92399386029 2.26205425661 2.66797579914 2.50296556925 2.37662402739 2.40749543003 2.45907048675 2.63774724388 2.85545213895 3.23580207967 2.81748212986 2.18181047674 2.13172083874 2.28820177586 2.40856627262 2.44411520147 2.48139617419 2.54368153311 2.42987048059 2.42598819222 2.42737383236 2.38766335646 2.34795288057 2.32462074889 2.89839474575 3.08067931842 2.76348481849
2.8326284197 2.80111996893 2.70390464175 2.72748810921 2.64297055458 2.53377794778 2.44737378354 2.81019707642 2.8163327218 2.77488423337 2.73777994098 2.66192730725 2.880122613 3.00161380516 2.84721966475 3.20333672551 3.46517282181 3.61443873653 3.35049205289 3.04083599403 2.7948914806 2.77958534094 2.56751603634 2.51514312333 2.34887776386 2.11100443834 2.20456476774 2.91570875445 2.80182008861 2.60370044296 2.45641894573 2.30058465655 2.27207453295 2.44353258778 2.62220934491 2.83242379888 3.10691682003 2.60265549631 2.24404311084 2.39429814602 2.40288408344 2.38485402764 2.60010797088 2.69209785998 2.51908341322 2.27840934644 2.43132676034 2.52961398281 2.48990350692 2.45838319623 2.83781718116 2.90460649733 3.03356276904
2.85021087622 2.61634585775 2.75701883863 2.89769181951 2.84249266439 2.90372618836 2.98845729373 3.24825704423 3.20523050113 3.16220395803 3.11917741492 2.80016702575 3.01213762332 3.12726553536 2.8987403825 3.26339963897 3.47503081282 3.20452953331 2.77570629582 2.36207109769 2.69883767396 2.4834534103 2.37988412741 2.39831213122 2.41674013504 2.1483974587 1.90615194614 2.68675559091 2.7357367111 2.67060350948 2.50045034096 2.32921499213 2.14073785189 2.25123172404 2.43123818231 2.61124464058 2.97969352826 2.70065470843 2.35636538294 2.23092643586 2.28831188108 2.50356582432 2.71881976757 2.84051418685 2.60829634586 2.32729456212 2.28374791456 2.43666532846 2.58958274235 2.59214564357 2.77723961657 2.72853367625 3.04574298551
2.69339333111 2.6915542506 2.82693293777 2.94455419808 3.18537363874 3.44480969855 3.52954080392 3.63715482356 3.57309026304 3.39102334595 3.20034777647 2.81265381997 3.22276580067 3.74006192388 3.29084130754 3.23712808347 3.22344356759 2.7946203301 2.53035043182 2.3511917527 2.20800035143 2.24462513148 2.2630531353 2.28148113912 2.29990914293 2.23933660376 2.07838666884 2.51409013765 2.57042038214 2.63018542603 2.52935579062 2.35604151932 2.25311460433 2.1739809402 2.30096823811 2.63206746421 2.88566657741 2.61158523118 2.28849236017 2.11794447367 2.39168658627 2.62227762101 2.83753156425 2.97851106222 2.69750927849 2.41650749476 2.13616906879 2.28908648268 2.44200389658 2.59404398874 2.76768661515 2.66892307541 3.15822630614
