Examples/results/velocity/asciifiles/KR2_140510_120000.JPG_interpmap.txt
ncols 210
nrows 326
xllcorner 447100.0
yllcorner 8755490.0
cellsize 10.0
NODATA_value -999.999
[rows 184 to 206 of 326, columns 0 to 52 of 210]
-999.999 -999.999 -999.999 -999.999 -999.999 -999.999 -999.999 -999.999 -999.999 -999.999 -999.999 -999.999 -999.999 -999.999 -999.999 -999.999 -999.999 -999.999 -999.999 -999.999 -999.999 -999.999 -999.999 -999.999 -999.999 3.97804892369 4.24499160739 4.51193429109 4.77887697478 5.02207226275 5.19803194334 5.2508229517 11.4180283979 24.2511688931 37.0843093882 38.626785073 35.5886625232 32.7549323896 30.0980223586 26.0679900494 21.955822364 17.8436546785 13.5814587661 9.30291998156 5.99881188714 6.42179151132 7.0059879629 6.77070983405 6.31591659365 6.74434355493 7.17277051621 7.6011974775 7.96960977758
-999.999 -999.999 -999.999 -999.999 -999.999 -999.999 -999.999 -999.999 -999.999 -999.999 -999.999 -999.999 -999.999 -999.999 -999.999 -999.999 -999.999 -999.999 -999.999 -999.999 -999.999 -999.999 -999.999 -999.999 3.78275635245 4.04969903615 4.31664171984 4.58358440354 4.85052708724 5.07603019477 5.20434305518 5.25713406354 14.7541864507 27.5873269458 39.887454708 36.8817526558 33.8305578116 31.055460985 28.398550954 24.5271297259 20.4149620404 16.302794355 12.1398350782 7.86129629369 5.81895914163 6.48630321832 6.58791509166 6.66548476436 6.70108866544 7.03666286443 7.24173084715 7.44679882986 7.65186681258
-999.999 -999.999 -999.999 -999.999 -999.999 -999.999 -999.999 -999.999 -999.999 -999.999 -999.999 -999.999 -999.999 -999.999 -999.999 -999.999 -999.999 -999.999 -999.999 -999.999 -999.999 -999.999 -999.999 -999.999 3.8544064649 4.1213491486 4.3882918323 4.65523451599 4.91755012608 5.12998812679 5.21065416703 5.26344517538 18.0903445034 30.9234849986 38.1465613641 35.1236479442 32.0724531 29.3559895803 26.6990795493 22.9862694024 18.8741017169 14.7619340315 10.649766346 6.41967260582 5.96661847374 6.06823034708 6.19378016805 6.36525083531 6.51385191671 6.71891989943 6.92398788214 7.12905586486 7.33412384758
-999.999 -999.999 -999.999 -999.999 -999.999 -999.999 -999.999 -999.999 -999.999 -999.999 -999.999 -999.999 -999.999 -999.999 -999.999 -999.999 -999.999 -999.999 -999.999 -999.999 -999.999 -999.999 -999.999 -999.999 3.92605657736 4.19299926105 4.45994194475 4.72688462845 4.9715080581 5.16417427051 5.21696527887 8.59336206102 21.4265025562 34.2596430514 36.4039707898 33.3655432327 30.3143483885 27.6565181756 24.9996081446 21.4454090789 17.3332413934 13.2210737079 9.10890602246 5.45329291396 5.62476358122 5.79623424848 5.96770491574 6.139175583 6.3020876467 6.40485855293 6.60624491714 6.81131289985 7.01638088257
-999.999 -999.999 -999.999 -999.999 -999.999 -999.999 -999.999 -999.999 -999.999 -999.999 -999.999 -999.999 -999.999 -999.999 -999.999 -999.999 -999.999 -999.999 -999.999 -999.999 -999.999 -999.999 -999.999 3.73076400611 3.99770668981 4.26464937351 4.53159205721 4.7985347409 5.02546599012 5.17048538235 5.22327639071 11.9295201138 24.762660609 37.5958011041 34.6586333653 31.6074385211 28.6139568019 25.9570467709 23.30013674 19.9045487553 15.7923810699 11.6802133844 7.56804569894 5.55556733181 5.49564223406 5.57015899617 5.74162966343 5.91310033069 6.08457099795 6.20980814752 6.31257905375 6.49356993485 6.69863791757
-999.999 -999.999 -999.999 -999.999 -999.999 -999.999 -999.999 -999.999 -999.999 -999.999 -999.999 -999.999 -999.999 -999.999 -999.999 -999.999 -999.999 -999.999 -999.999 -999.999 -999.999 -999.999 -999.999 3.80241411857 4.06935680226 4.33629948596 4.60324216966 4.86698592143 5.07942392214 5.1767964942 5.22958750255 15.2656781665 28.0988186617 35.9237470809 32.9005286538 29.8493338095 26.9144853973 24.2575753663 21.6006653353 18.3636884318 14.2515207464 10.1393530609 6.02718537542 5.68522255908 5.62529746132 5.56537236357 5.51555441112 5.68702507838 5.85849574564 6.01475774211 6.11752864835 6.22029955458 6.38089495256
-999.999 -999.999 -999.999 -999.999 -999.999 -999.999 -999.999 -999.999 -999.999 -999.999 -999.999 -999.999 -999.999 -999.999 -999.999 -999.999 -999.999 -999.999 -999.999 -999.999 -999.999 -999.999 -999.999 3.87406423102 4.14100691472 4.40794959842 4.67489228211 4.92094385345 5.13031659768 5.18310760604 5.76869572414 18.6018362193 31.4349767145 34.1811565067 31.1424239422 28.091229098 25.2150139926 22.5581039616 19.9011939306 16.8228281083 12.7106604228 8.59849273737 5.51151393439 5.81487778635 5.75495268859 5.69502759084 5.63510249309 5.57517739533 5.63242049332 5.80389116058 5.92247824294 6.02524914917 6.22874612209
-999.999 -999.999 -999.999 -999.999 -999.999 -999.999 -999.999 -999.999 -999.999 -999.999 -999.999 -999.999 -999.999 -999.999 -999.999 -999.999 -999.999 -999.999 -999.999 -999.999 -999.999 -999.999 -999.999 3.94571434347 4.21265702717 4.47959971087 4.74654239457 4.97490178547 5.13662770952 5.18941871788 9.1048537769 21.9379942721 34.7711347672 32.4355140748 29.3843192306 26.3331243864 23.5155425879 20.8586325569 18.2017225259 15.2819677848 11.1698000993 7.05763241385 5.64637011391 5.94453301361 5.88460791586 5.82468281811 5.76475772035 5.7048326226 5.64490752485 5.5849824271 5.72742783753 6.08321863982 6.71490570684
-999.999 -999.999 -999.999 -999.999 -999.999 -999.999 -999.999 -999.999 -999.999 -999.999 -999.999 -999.999 -999.999 -999.999 -999.999 -999.999 -999.999 -999.999 -999.999 -999.999 -999.999 -999.999 3.75042177223 4.01736445593 4.28430713963 4.55124982332 4.81642171678 5.02885971749 5.14293882137 5.19572982973 12.4410118297 25.2741523248 33.7009327978 30.6774093633 27.626214519 24.5750196748 21.8160711832 19.1591611523 16.5022511213 13.7411074613 9.6289397758 5.5337574136 5.89107080538 6.07418824088 6.01426314313 5.95433804538 5.89441294762 5.83448784987 5.77456275212 5.71463765436 5.57346747029 5.77492409436 5.98205460563
-999.999 -999.999 -999.999 -999.999 -999.999 -999.999 -999.999 -999.999 -999.999 -999.999 -999.999 -999.999 -999.999 -999.999 -999.999 -999.999 -999.999 -999.999 -999.999 -999.999 -999.999 -999.999 3.82207188468 4.08901456838 4.35595725208 4.62289993578 4.8703796488 5.08281764951 5.14924993321 5.20204094157 15.7771698824 28.6103103776 31.9583422235 28.9193046517 25.8681098075 22.8169149633 20.1165997786 17.4596897476 14.8027797166 12.1458696856 8.08807945228 5.72612435855 6.13577149684 6.20384346815 6.1439183704 6.08399327264 6.02406817489 5.96414307714 5.84367378471 5.67804488182 5.51268287832 5.36870826594 6.11038804064
-999.999 -999.999 -999.999 -999.999 -999.999 -999.999 -999.999 -999.999 -999.999 -999.999 -999.999 -999.999 -999.999 -999.999 -999.999 -999.999 -999.999 -999.999 -999.999 -999.999 -999.999 -999.999 3.89372199714 4.16066468084 4.42760736453 4.69455004823 4.92433758082 5.1027700367 5.15556104505 6.28018744002 19.1133279352 31.9464684304 30.2123947843 27.1611999401 24.1100050959 21.0740384049 18.4171283739 15.7602183429 13.1033083119 10.4463982809 6.54721912876 5.52332471764 6.38047218831 6.33349869542 6.27357359766 6.21364849991 6.11399203148 5.94836312859 5.7827342257 5.61710532281 5.45189828634 5.57034444129 6.99733433159
-999.999 -999.999 -999.999 -999.999 -999.999 -999.999 -999.999 -999.999 -999.999 -999.999 -999.999 -999.999 -999.999 -999.999 -999.999 -999.999 -999.999 -999.999 -999.999 -999.999 -999.999 -999.999 3.96537210959 4.23231479329 4.49925747699 4.76585751213 4.97829551284 5.10908114854 5.1618721569 9.61634549278 22.449485988 31.4781185146 28.4542900728 25.4030952285 22.3519003843 19.3745670002 16.7176569692 14.0607469382 11.4038369073 8.74692687626 5.836329897 5.76802540911 6.52307902044 6.46315392269 6.38431027826 6.21868137536 6.05305247247 5.88742356958 5.72179466669 5.55616576379 5.45446752915 5.94096834564 7.36902048816
-999.999 -999.999 -999.999 -999.999 -999.999 -999.999 -999.999 -999.999 -999.999 -999.999 -999.999 -999.999 -999.999 -999.999 -999.999 -999.999 -999.999 -999.999 -999.999 -999.999 -999.999 3.77007953835 4.03702222205 4.30396490575 4.57090758944 4.81981544415 5.03225344486 5.11539226038 5.16818326874 12.9525035455 25.7856440407 29.7355279403 26.6961853612 23.644990517 20.5937956728 17.6750955955 15.0181855646 12.3612755336 9.70436550258 7.04745547159 5.7048472101 6.19364378664 6.65273424771 6.48899962214 6.32221751316 6.15498670562 5.98775589808 5.82052509054 5.65329428301 5.49478632946 5.50053128005 5.49220049196 6.45308884263
-999.999 -999.999 -999.999 -999.999 -999.999 -999.999 -999.999 -999.999 -999.999 -999.999 -999.999 -999.999 -999.999 -999.999 -999.999 -999.999 -999.999 -999.999 -999.999 -999.999 -999.999 3.8417296508 4.1086723345 4.3756150182 4.6425577019 4.87377337617 5.06891236387 5.12170337222 5.17449438058 16.2886615983 29.1218020935 27.9892754938 24.9380806496 21.8868858054 18.8356909612 15.9756241909 13.3187141599 10.6618041289 8.00489409791 5.57522121935 5.7437633272 6.19514644657 6.67174994382 6.74014631761 6.51082033569 6.28149435377 6.05216837185 5.82284238992 5.593516408 5.53276420995 5.52443342186 5.51610263378 5.53715719711
-999.999 -999.999 -999.999 -999.999 -999.999 -999.999 -999.999 -999.999 -999.999 -999.999 -999.999 -999.999 -999.999 -999.999 -999.999 -999.999 -999.999 -999.999 -999.999 -999.999 -999.999 3.91337976326 4.18032244696 4.44726513065 4.71420781435 4.92773130819 5.07522347571 5.12801448407 6.7916791559 19.6248196511 29.2553042314 26.2311707823 23.179975938 20.1287810938 17.0775862496 14.2761527862 11.6192427552 8.96233272422 6.30542269323 5.516903423 5.55902614714 6.0104092665 6.49584960997 7.01652027327 6.91213706253 6.68281108061 6.45348509868 6.22415911676 5.93332184343 6.07020495878 6.00099109368 5.90642342844 5.81185576319
-999.999 -999.999 -999.999 -999.999 -999.999 -999.999 -999.999 -999.999 -999.999 -999.999 -999.999 -999.999 -999.999 -999.999 -999.999 -999.999 -999.999 -999.999 -999.999 -999.999 3.71808719201 3.98502987571 4.25197255941 4.51891524311 4.7692512395 4.98168924021 5.08153458755 5.13432559591 10.1278372087 22.9609777038 27.5127136572 24.4730660707 21.4218712265 18.3706763823 15.319481538 12.5766813815 9.91977135054 7.26286131955 5.48474991382 5.45858562664 5.43242133947 5.82567208644 6.31994927613 6.84061993943 7.31345378937 7.08412780745 6.85480182552 6.60319766688 6.2446837529 6.22321842394 6.61686901593 6.53178082205 6.31956306481
-999.999 -999.999 -999.999 -999.999 -999.999 -999.999 -999.999 -999.999 -999.999 -999.999 -999.999 -999.999 -999.999 -999.999 -999.999 -999.999 -999.999 -999.999 -999.999 -999.999 3.78973730447 4.05667998817 4.32362267186 4.59056535556 4.82320917152 5.03505469104 5.08784569939 5.14063670775 13.4639952614 26.2971357566 25.7661562033 22.7149613591 19.6637665149 16.6125716707 13.5613768265 10.8772099769 8.22029994587 6.08931239345 5.42643211746 5.40026783029 5.37410354311 5.64093490638 6.14404894228 6.66471960558 7.18539026888 7.48544453428 7.25611855236 6.91455957635 6.55604566237 6.19753174839 7.08005503603 7.15713821567 6.64452184212
-999.999 -999.999 -999.999 -999.999 -999.999 -999.999 -999.999 -999.999 -999.999 -999.999 -999.999 -999.999 -999.999 -999.999 -999.999 -999.999 -999.999 -999.999 -999.999 -999.999 3.86138741692 4.12833010062 4.39527278432 4.66221546802 4.87716710354 5.04136580288 5.09415681124 5.14694781959 16.8001533142 27.0322935691 24.0080514918 20.9568566475 17.9056618033 14.8544669591 11.8346486032 9.17773857218 6.72564922907 5.39427860828 5.36811432111 5.34195003393 5.31578574676 5.45619772632 5.96814860844 6.48881927174 7.00948993504 7.53016059834 7.57957224374 7.21956510135 6.85955795895 6.49955081656 6.67647603355 6.70153863723 6.50804651678
-999.999 -999.999 -999.999 -999.999 -999.999 -999.999 -999.999 -999.999 -999.999 -999.999 -999.999 -999.999 -999.999 -999.999 -999.999 -999.999 -999.999 -999.999 -999.999 -999.999 3.93303752938 4.19998021307 4.46692289677 4.71868703485 4.93112503556 5.04767691472 5.10046792308 7.30317087179 20.136311367 25.289899374 22.2499467802 19.198751936 16.1475570918 13.0963622475 10.1351771985 7.47826716751 5.96772496036 5.33596081193 5.30979652475 5.28363223758 5.2574679504 5.2715776113 5.85207490732 6.59623726937 7.29415115675 7.31817252679 7.34926424887 7.38083123458 7.02452759542 6.66452045302 6.51420041598 6.44732963849 6.80096906735
-999.999 -999.999 -999.999 -999.999 -999.999 -999.999 -999.999 -999.999 -999.999 -999.999 -999.999 -999.999 -999.999 -999.999 -999.999 -999.999 -999.999 -999.999 -999.999 3.73774495813 4.00468764183 4.27163032553 4.53857300923 4.77264496687 4.98508296758 5.05398802656 5.10677903492 10.6393289245 23.4724694197 23.5430369128 20.4918420686 17.4406472244 14.3894523802 11.338257536 8.43570579383 6.60406179598 5.71851036452 5.52387930167 5.74367111262 5.96346292357 6.05738918456 6.02836761059 6.48560066274 6.83961070623 6.86363207627 6.89005061293 6.92161759863 6.95318458434 6.98475157004 6.82949008948 6.46129549094 6.06900326422 6.43405056096
-999.999 -999.999 -999.999 -999.999 -999.999 -999.999 -999.999 -999.999 -999.999 -999.999 -999.999 -999.999 -999.999 -999.999 -999.999 -999.999 -999.999 -999.999 -999.999 3.80939507059 4.07633775429 4.34328043798 4.61022312168 4.82660289889 5.00750813005 5.06029913841 5.11309014676 13.9754869773 24.8070424163 21.7849322013 18.733737357 15.6825425128 12.6313476686 9.5801528244 7.3983224577 6.62971896049 5.86111546327 5.57061697678 5.79040878773 6.01020059868 6.22999240964 6.44978422059 6.45609142777 6.40909162575 6.43311299579 6.46240396269 6.49397094839 6.5255379341 6.6068072477 6.75601904917 6.31930981114 5.70914208081 6.06404195663
-999.999 -999.999 -999.999 -999.999 -999.999 -999.999 -999.999 -999.999 -999.999 -999.999 -999.999 -999.999 -999.999 -999.999 -999.999 -999.999 -999.999 -999.999 -999.999 3.88104518304 4.14798786674 4.41493055044 4.6681228302 4.88056083091 5.01381924189 5.06661025025 5.11940125861 17.3116450301 23.0670850909 20.0268274897 16.9756326455 13.9244378013 10.873242957 7.82204811283 7.54092755645 6.77232405924 6.00372056202 5.61735465189 5.83714646285 6.0569382738 6.27673008475 6.4646568885 6.34725333042 6.1598613067 6.00319032674 6.14926082715 6.29847262862 6.4476844301 6.59689623157 6.53574964312 6.21392540647 5.59066406832 5.95147741764
-999.999 -999.999 -999.999 -999.999 -999.999 -999.999 -999.999 -999.999 -999.999 -999.999 -999.999 -999.999 -999.999 -999.999 -999.999 -999.999 -999.999 -999.999 -999.999 3.9526952955 4.21963797919 4.48658066289 4.72208076222 4.93451876293 5.02013035373 5.07292136209 7.81466258767 20.6478030828 21.3199176223 18.2687227781 15.2175279339 12.1663330897 9.11513824547 7.49282629682 7.44588881401 6.91492915799 6.14632566077 5.66409232701 5.88388413796 6.10367594891 6.32346775986 6.34717925966 6.23841523306 6.05102320935 5.97479159088 6.13934981102 6.2885616125 6.43777341397 6.58698521544 6.29262298855 5.99047722766 5.51140104717 5.83891287864
