PyTrx/Examples/results/KR_velocity1/asciifiles/KR2_140509_120000.JPG_interpmap.txt
ncols 278
nrows 500
xllcorner 446960.0
yllcorner 8753660.0
cellsize 10.0
NODATA_value -999.999
[rows 168 to 191 of 500, columns 53 to 105 of 278]
7.75446367485 7.54047052537 8.22885791289 8.72287846126 9.15239892149 9.58191938172 10.0114398419 10.0762074677 9.18127899232 9.2079606348 9.23464227728 9.26132391976 9.21514422096 9.08290793737 9.09037006209 9.16175435996 8.96866171949 8.75270307758 8.53674443567 8.21445863429 7.6727594847 7.02303383485 6.34009293364 6.91267030964 6.72177265565 6.15897495474 5.88755169225 5.69996524344 5.45744654421 8.506939431 10.5468824188 11.5780291348 12.1964502604 12.6063326909 13.0162151215 15.3102634055 19.9070230437 22.476295343 25.0455676424 27.984944249 31.2707682562 34.5565922634 37.8424162706 41.1282402778 44.4140642849 47.8514207017 46.0192074646 44.6573823625 43.2955572605 41.9337321584 41.9194293524 43.5996554583 44.2577369978
7.79451647493 8.16449923864 8.40243994704 8.86391750279 9.17992682703 9.37301722317 9.56610761931 9.35736641581 9.44231068668 9.56550170819 9.6886927297 9.77145833889 9.77161154939 9.84299584726 9.92348224647 9.9852569479 9.26954303544 8.71151084118 8.16981169159 7.628112542 7.08641339241 6.54471424281 6.40221787631 6.97479525231 7.37675987702 6.81396217612 6.25116447521 5.6883667743 6.26520251475 9.38185721336 12.498511912 14.3549448267 11.7971067413 12.9137078019 14.0303088625 14.9928644204 17.6479325695 20.2172048688 22.7864771681 25.3557494674 28.5955872505 31.8814112577 35.1672352648 38.453059272 42.997662196 46.2739471913 41.1727484826 38.9239473699 37.5621222679 37.4213460952 39.1015722011 40.781798307 41.9843970383
7.68541510133 8.05539786504 8.39714405439 8.50196925847 8.56437860139 8.62678794431 9.06539655242 10.1047405099 10.5164070065 9.67072968972 9.2004729693 9.46277856337 10.5855804832 10.9227698818 11.0120624908 9.38805708274 10.8309567238 10.1152428113 9.39952889883 8.68381498636 7.9681010739 7.40741445327 8.84672865877 7.79947832007 7.60949757098 7.46894939749 8.13239312591 9.45665365557 11.8842607364 15.000915435 18.1175701337 14.351835932 11.0137545113 12.1303555719 13.2469566325 15.4643283886 17.7229914273 18.0497058449 20.5273866939 23.0966589932 25.9204062448 29.2062302519 32.4920542591 37.7319190236 45.605645754 44.6964736809 39.5952749722 34.4940762634 32.923262838 34.6034889439 36.2837150498 37.9639411558 39.6441672617
7.55647886263 7.89903328771 8.21813152794 8.37827861424 8.44068795716 8.75882277169 9.88139215874 10.9416648191 11.6124934855 10.7668161688 9.96621385044 10.0548202109 11.1363969412 12.0113501261 12.1006427352 9.10046489047 12.3923704121 11.6766564996 10.9609425871 10.2452286747 9.52951476222 10.8664113138 12.5185088127 13.7615690591 12.7143187204 11.9669195417 13.3661926137 14.9077825919 17.5033189581 20.6199736567 18.1283005263 14.3487270374 10.5691535485 11.3470033419 12.4636044025 17.9177260008 20.2194623958 20.5461768134 20.872891231 21.1996056487 23.4068408182 26.5310492462 32.4661758513 40.3399025816 48.2136293119 43.1190001705 38.0178014618 33.5140541377 30.0927837815 31.7856317926 33.4658578985 35.1460840045 36.8263101104
7.39993141764 7.74248584272 8.0391190015 8.2107521841 8.40560631125 9.52817569831 10.6507450854 11.7733144724 12.7085799645 11.8629026478 11.8050407922 11.8936471526 11.9822535131 12.810015319 13.1892229795 8.97189618652 13.9537841004 13.2380701879 12.5223562755 11.806642363 12.6733106754 14.3254081743 15.9775056733 17.6296031722 18.6803874236 18.4202552122 18.81732155 20.3589115281 23.1223771798 21.9047651205 18.1251916316 14.3456181427 10.5660446538 10.5636511119 11.6802521725 20.3711236131 22.7159333643 23.0426477819 23.3693621995 23.6960766171 24.0227910348 27.4755538119 35.0741594093 42.9478861396 46.6427253689 41.6857754031 37.3980475379 33.1103196728 28.8225918077 28.9487146132 30.6480007473 32.3282268532 34.0084529591
8.07351219616 8.05081186251 7.92708450293 8.22608721 9.11546633354 10.2486834852 11.4011642837 12.542667399 13.654857395 13.5552613734 13.6438677339 13.7324740944 13.8210804548 13.9096868153 14.2778032239 8.84332748257 12.9637111442 14.7994838762 14.0837699638 14.480210037 16.132307536 17.7844050349 19.2383287722 19.9903709524 18.8264067747 22.4768105729 25.1667117564 25.8100404644 25.6812297147 21.9016562258 18.1220827369 14.342509248 10.5629357591 9.78029888187 10.916744315 22.8245212253 25.2124043328 25.5391187504 25.865833168 26.1925475856 28.7896151112 32.2585369215 39.0686911757 45.8788454298 45.5697688033 41.2820409382 36.994313073 32.7065852079 28.4188573428 26.1049552872 27.8046454449 29.5043356026 31.1905958078
8.64357851633 8.89546537953 8.26627748889 8.7378222318 9.94145222747 10.8710174387 12.0234982372 13.1759790358 14.3133245497 15.0086483325 15.1039233801 15.1991984278 15.2944734754 15.389748523 12.7835945375 8.16932043188 11.9496106276 16.3608975646 16.2871093986 17.9392068976 18.9272658895 19.6793080698 20.43135025 21.1833924303 18.20141134 20.9898831768 24.7465683649 28.1489273067 25.67812082 21.8985473311 18.1189738422 14.3394003533 10.5598268644 8.99694665186 13.3701419272 25.2779188375 27.7088753013 28.0355897189 28.3623041365 31.1408193739 34.4474859013 37.7541524287 41.7491160354 42.0733274984 42.7183097072 40.8783064733 36.5905786081 32.302850743 28.0151228779 23.7273950127 24.9608861189 26.6605762766 28.3602664343
8.38586323759 8.63775010079 8.08316472319 8.73950068031 9.85892250472 11.4661671261 12.6458321908 12.4619366739 15.1870972974 16.2862617356 16.3815367832 16.4768118308 16.5720868785 14.4098904958 10.4506151342 13.0901312079 15.7296472815 17.8380571405 18.6162030069 19.3682451871 20.1202873674 20.8723295476 21.6243717279 21.2779370778 17.5764159053 19.5029557807 23.2596409688 24.9246793461 22.7225748738 20.5204704015 18.1158649475 14.3362914586 10.5567179697 8.21359442185 15.8235395395 27.7313164497 30.2053462697 30.5320606874 33.4920236366 36.798690164 31.8757588104 33.9755376576 35.442470188 35.8783409297 36.524859332 37.1713777343 36.1868441432 31.8991162781 27.611388413 23.3236605478 22.117126793 23.8168169507 25.5165071083
8.12814795884 8.38003482204 8.0229768149 8.8564728349 9.6899688549 10.9800227776 11.7683876978 13.3357094216 16.0608700451 17.5638751387 17.6591501863 17.7544252339 16.0361864541 13.9718485472 16.6113646209 18.7174517489 18.7056131774 18.693774606 19.8092244847 20.561266665 21.3133088452 22.0653510255 22.8173932057 20.6529416431 16.9514204706 18.0160283846 21.7727135727 21.7004313854 19.4983269131 17.2962224408 15.0941179685 12.8920134962 10.553609075 7.43024219184 18.2769371517 30.184714062 32.7018172382 35.8432278993 20.4805671017 22.5803459489 24.6801247961 26.7799036433 28.4127999474 30.0401388605 30.3314089569 30.9779273592 31.6244457615 31.4953818132 27.2076539481 22.9199260829 19.273367467 20.9730576247 22.6727477824
7.8704326801 8.1223195433 8.13994896949 8.97344498949 9.80694100949 10.6404370295 11.8166202616 14.3051656278 16.9346427928 18.8414885418 18.9367635894 17.6624824125 17.4930819602 19.5968463573 19.5850077858 19.5731692144 19.5613306429 19.5494920714 20.9457582728 21.7542881428 22.5063303231 23.2583725033 23.729467381 20.0279462085 16.3264250359 16.5291009885 20.2857861765 18.4761834247 16.2740789524 14.0719744802 11.8698700079 9.66776553556 7.46566106326 7.21209129625 12.9455073587 27.9053007391 9.08537539299 11.1851542402 13.2849330874 15.3847119346 17.4844907818 19.5842696291 21.2999897902 25.3661069559 26.1084630433 25.2575676948 25.4309953864 26.0775137887 26.724032191 22.516191618 18.2284637529 18.1292982987 19.8289884564
8.44058826141 7.86460426456 8.25692112408 9.09041714408 10.3361204512 11.8711144446 13.5603514603 15.3746215818 17.863166948 20.1191019448 19.2887783708 20.4762409657 20.4644023943 20.4525638228 20.4407252513 20.4288866798 20.4170481083 20.4052095369 21.7244179814 22.9473096207 23.6993518009 24.4513939812 23.1044719463 19.4029507738 15.7014296013 15.0421735923 17.4540399364 15.2519354641 13.0498309918 10.8477265195 8.64562204719 7.60227092497 6.89019310073 7.66906295416 7.89321738419 8.11737181421 7.70395846885 6.90619511816 6.10843176747 8.18907792034 10.2888567676 12.3886356148 14.1906739607 18.8829600559 23.0276825745 22.1767872261 21.3258918777 20.4749965292 20.5305818159 21.1771002182 17.824729288 15.2855389727 16.9852291304
9.89868633347 8.98586987113 10.0349169038 11.5243229674 13.1350419651 14.8242789807 16.5135159964 18.202753012 19.8919900276 21.2699681461 21.3437970027 21.3319584312 21.3201198597 21.3082812882 21.2964427167 21.2846041453 21.2727655738 21.2609270023 22.50307769 24.082154279 24.8923732788 25.644415459 22.4794765116 18.7779553391 15.0764341666 13.5552461962 14.2297919757 12.0276875034 9.82558303112 8.51898552045 7.80690769621 7.09482987197 6.38275204774 8.12603461207 8.3501890421 8.57434347212 9.87908440103 9.49579840014 7.99786330749 6.66237889408 5.86461554339 5.19300160049 7.70752706066 12.3998131558 17.0920992509 19.0960067574 18.2451114089 17.3942160605 16.5433207121 15.6924253636 15.6301682454 13.133266958 14.1414698044
11.3567844055 11.22311942 12.7125254835 14.3989694855 16.0882065012 17.7774435168 18.7361671722 19.5066393149 20.2771114577 21.0475836005 21.5254931547 21.9292187366 22.1758373252 22.1639987537 22.1521601822 22.1403216107 22.1284830392 22.1166444678 23.2817373986 24.8608139876 26.0853947566 25.5560022494 21.8544810769 18.1529599044 14.4514387319 12.0683188001 11.005544015 9.43570011593 8.72362229169 8.01154446745 7.29946664322 6.58738881898 6.51010798397 8.58300626999 8.80716070001 9.03131513003 15.9252708569 18.505332537 17.0073974443 15.5094623517 13.0180075298 9.40565477647 5.06801875001 5.91666625568 10.6089523508 15.3012384459 15.1643309402 14.3134355918 13.4625402433 12.6116448949 11.7607495465 10.909854198 10.0384362458
12.8148824776 13.9736599903 15.4318940556 16.2023661983 16.9728383411 17.7433104838 18.5137826266 19.2842547693 20.0547269121 20.8251990549 21.3771334559 21.7808590378 22.1845846197 22.5883102016 22.9920357835 22.9960390762 22.9842005047 22.9723619332 24.0603971072 25.6394736962 27.2185502852 24.9310068147 21.2294856422 17.5279644697 13.8644262387 10.4214852112 9.64033688717 8.92825906293 8.2161812387 7.50410341446 6.79202559022 6.07994776599 7.00116733069 9.0399779279 9.26413235792 12.0413000532 21.9714573128 26.3565267606 22.7441740072 19.1318212539 15.5194685005 10.7294090748 5.25657741556 5.86304048174 6.32138268857 8.81809154583 12.0835504715 11.232655123 10.3817597746 9.53086442615 9.41897271421 9.52989754472 9.55569422694
13.7588504618 14.4390373672 15.20950951 15.9799816527 16.7504537955 17.5209259382 18.291398081 19.0618702237 19.8323423665 20.6028145092 21.228773757 21.6324993389 22.0362249208 22.4399505027 22.8436760846 23.2474016665 23.6511272484 23.8280793987 24.8390568158 20.9571310225 16.0345290458 21.6492628745 21.8273065042 18.2290765741 14.7946583012 11.9520934965 9.63166298633 8.42081800994 7.7087401857 6.99666236147 6.28458453723 5.57250671299 7.49222667741 9.49694958581 9.72110401583 18.0874865091 23.3239744866 25.0356603039 25.2456349779 21.6332822245 17.6117987835 11.3943115317 5.46631595804 6.02805253219 6.59351798672 7.05186019356 7.51020240039 8.15187465428 8.25318129893 8.40868481266 8.5641883264 8.36382680937 8.38935508394
13.8273298072 14.1688402307 14.6724790937 15.7091279363 16.5280692499 17.2985413926 18.0690135354 18.8394856781 19.6099578209 20.3804299636 21.0804140581 21.48413964 21.8878652219 22.2915908038 22.6953163857 23.0990419676 23.5027675495 22.2447751371 15.4605380124 8.12963836468 10.0780249339 14.6526838957 18.2674621324 19.2660784516 15.9497845588 13.4827017818 11.0156190047 8.84270992469 7.20129913271 6.48922130847 5.77714348424 5.68025265714 7.98328602413 9.95392124372 14.2035157054 18.4578220758 20.1695078931 21.8811937104 23.5928795277 24.1347431952 18.2767012403 12.0592139885 5.8417267366 6.0867284396 6.86565328487 7.32399549171 7.62840759902 7.57110633864 7.51172147392 7.55390042485 7.56966318566 7.19775607401 7.22301594094
13.8958091527 14.2373195761 14.5788299996 14.9203404231 15.9258961237 16.9625449663 17.8466289898 18.6171011325 19.3875732753 20.158045418 20.9285175608 21.3357799411 21.739505523 22.1432311049 22.5469566868 21.765640045 19.8991302762 18.0326205074 10.7378883832 7.81247788624 10.2387272821 12.9705404816 16.4303472459 19.8901540102 17.4803928441 15.013310067 12.5462272899 10.0791445129 8.05375686305 6.21800706043 5.26970243124 6.17131200386 8.47434537085 10.4108929016 13.591669665 15.3580405504 17.2189318785 19.0798232067 20.9407145348 21.2816511255 17.6678435733 12.7241164453 6.50662919342 6.17232365185 6.98808631438 7.40511334081 7.34974978683 7.29250322698 7.23311836226 7.29301927592 6.9286368795 6.07328113665 6.05667679795
13.9642884981 14.3057989216 14.647309345 14.9888197685 15.330330192 16.1426643111 17.1793131537 18.2159619962 19.1651887297 19.9356608724 20.7061330152 21.1874202422 21.5911458241 21.2865049528 19.419995184 17.5534854152 15.6869756465 13.8204658777 6.22166399738 10.9301921574 13.4569100986 15.8831594945 18.3094088904 19.7179589315 18.1611222348 16.0987779867 14.0364337385 11.6097527981 9.14267002105 7.26480380141 6.05295818178 8.42264831238 11.4246139398 10.3195931969 11.158633571 13.0195248991 14.8804162273 16.7413075554 18.6021988836 17.0654918519 14.1827773265 10.0346421947 6.22403439222 6.41324876348 6.62027375021 7.22872976944 7.07109197463 7.01390011531 7.21871205212 7.07504317338 6.84253508142 6.16960599687 6.65147907825
14.0327678435 14.374278267 14.7157886905 15.0572991139 15.3988095374 15.7403199609 16.3594324986 17.3960813411 18.4327301837 19.4693790262 20.4837484696 20.8073698606 18.9408600918 17.074350323 15.2078405543 13.3413307855 11.4748210167 9.60831124796 8.93435037212 13.6428785321 16.675092915 19.1013423109 19.50674429 18.3658063562 17.0777979582 15.2124212136 13.1500769654 11.0877327172 9.02538846908 11.0691684087 10.4488993092 13.4508649366 12.1639574314 10.4760230058 8.82011791971 10.6810092479 12.541900576 14.4027919041 15.7320471038 12.8493325784 9.96661805292 7.03016020482 6.52060036766 6.61286015378 6.59507047031 6.93627679085 6.95724622787 7.125789165 7.20712201271 7.2034875988 6.59872950384 6.48961399347 7.10706974937
14.1012471889 14.4427576124 14.7842680359 15.1257784593 15.4672888828 15.8087993063 16.1503097297 16.576200686 17.6128495285 18.6494983711 19.3460462238 18.5400116721 16.4846896831 14.429367694 12.3740457049 10.3187237159 8.26340172679 6.5159897053 11.5163782413 16.3555649068 19.8932757314 19.2955296485 18.1545917147 17.0136537809 15.872715847 14.1448031542 12.2637201923 10.2013759441 8.13903169599 11.8446562165 15.4771159334 14.0083216659 12.3203872403 10.6324528148 8.94451838918 8.34249359658 10.2033849247 12.0642762529 11.5158878303 8.63317330483 6.94502795657 7.10611905947 6.83026122756 6.81247154408 6.79468186061 6.77689217713 6.89192630857 7.12372257249 7.40495806123 7.20586468345 7.04569540004 6.93600104707 7.25960127472
14.1697265344 14.5112369578 14.8527473813 15.1942578048 15.5357682282 15.8772786517 16.2187890752 16.5602994986 16.9018099221 17.6326096191 17.1455465206 16.658483422 14.9767592512 12.9214372621 10.866115273 8.81079328396 6.7554712949 6.68828678922 8.61862412008 14.9766349658 18.6043933016 17.9433770732 16.8024391394 15.6615012056 14.5205632717 12.9918823466 11.2118083501 9.31501917106 7.2526749229 11.1847971295 14.2679850355 14.058690584 12.4574975226 10.7888826237 9.10094819809 7.41301377251 7.86486927346 9.67189062387 7.29972855674 6.71117663113 6.87226773403 6.99860379164 6.84560267659 6.80486316029 6.81568298966 6.82650281902 6.8466426625 7.0802184508 7.3469948992 7.43922429204 7.49266129624 7.38296694327 7.40700655102
14.6453358608 15.9147845171 16.3396703409 16.7645561647 17.1894419886 17.6143278124 18.0392136362 18.46409946 19.3420023407 16.675057617 14.9450468173 14.4579837187 13.4688288193 11.4135068302 9.35818484113 7.30286285207 6.44842364489 6.86058387314 7.27274410138 12.0788808446 15.3629784329 15.6027596009 15.4502865641 14.3093486303 13.1684106964 11.838961539 10.0588875425 8.27881354603 6.3663181498 9.68682925369 11.4509015562 11.4294433484 11.4079851405 10.6976731297 9.09648006836 7.49528700702 5.88150915585 6.31623420279 6.4431274417 6.56333074223 6.68353404276 6.80373734329 6.93342892596 6.70118477362 6.71200460298 6.73326810942 6.85565611446 6.96703565624 7.213382509 7.33854475707 7.33116365077 6.97968981348 7.14060193991
14.3379018492 17.2400864306 19.3301669237 19.7550527475 20.1799385713 20.6048243951 21.2632886653 22.4666795115 22.8832090482 18.6745727516 14.4659364549 12.2574840155 11.7704209169 9.9055763983 7.85025440923 6.20856050056 6.62072072881 7.03288095706 7.4450411853 9.18112672345 12.1215635641 12.3613447322 12.6011259003 12.8409070684 11.8162581211 10.6753201873 8.90596673489 7.12589273842 5.47988653475 7.35569468883 8.63381807697 8.6123598691 8.59090166123 8.56944345336 8.5479852455 7.33665567542 5.73546261408 6.11911296626 6.24826099335 6.36846429388 6.48866759441 6.61717541437 6.87280003005 6.61796956701 6.71082920071 6.89616264094 6.87394038186 6.81141209367 7.14622906614 7.32115305187 7.39544664393 7.28209199623 7.11302801549
14.0783463129 16.932652419 19.8348370004 22.7370215819 23.1845749898 24.387965836 25.5913566822 26.7947475284 24.8827241827 20.6740878861 16.4654515895 12.2568152929 9.56992121367 8.3976459664 6.34232397734 6.38085758448 6.79301781273 7.20517804097 7.61733826922 8.02949849747 8.88014869542 9.11992986349 9.35971103157 9.59949219964 9.83927336771 9.32316761202 7.75304592729 6.55843262782 6.33783348208 5.69936004052 5.8167345977 5.79527638983 5.77381818197 5.7523599741 5.73090176623 5.75116614051 5.7784199397 5.90880879758 6.04005505061 6.17130130364 6.29380114606 6.44662566117 6.69725872542 6.75958741092 6.75747020105 6.96780487003 6.89222464925 6.78113065809 6.98255379434 7.064794684 7.42367921775 7.58877649453 7.36122003914
