PyTrx/Examples/results/KR_velocity1/asciifiles/KR2_140509_120000.JPG_interpmap.txt
ncols 278
nrows 500
xllcorner 446960.0
yllcorner 8753660.0
cellsize 10.0
NODATA_value -999.999
[rows 168 to 191 of 500, columns 0 to 52 of 278]
-999.999 -999.999 -999.999 -999.999 -999.999 -999.999 -999.999 -999.999 -999.999 4.31203043642 4.52239229039 4.93408726587 4.90048293197 5.58266062248 5.5538280719 5.33587166898 5.13308481348 4.92949797138 4.82705654992 5.08900506324 5.35095357656 5.52954465264 5.59797321495 5.66837906663 6.15213761065 6.35252693778 6.44420840715 6.53588987652 6.55511542198 6.50733259541 6.50977035526 6.62172601774 6.73368168022 6.8456373427 6.95759300518 7.06954866766 7.10644906088 7.07265820048 6.8107389123 6.54881962413 6.34330506784 6.32187331044 6.15232211581 6.08041168038 6.00850124496 5.93659080953 5.92775741519 6.13154278834 6.37988188148 6.62822097462 6.87677522542 7.1317734935 7.41900167872
-999.999 -999.999 -999.999 -999.999 -999.999 -999.999 -999.999 -999.999 -999.999 4.27593434891 4.45416621375 4.82115468612 4.91989684405 5.2975885661 5.69934774327 5.49496926771 5.29218241221 5.08939555672 4.92133114498 5.01765443183 5.27960294515 5.45488679234 5.52331535466 5.82182516568 6.29839360367 6.35473857335 6.70920782118 6.80088929055 6.82338683491 6.78639629091 6.75362148897 6.72084668702 6.80448757872 6.9164432412 7.02839890368 7.14035456616 7.08275296939 7.03757453695 6.81299157351 6.58520271894 6.33709061396 6.07867199544 6.11307175401 6.10163007924 6.09014033951 6.07865059977 6.06716086003 6.60169886397 7.09182809566 7.3401671888 7.58895494007 7.83781672282 7.74536434988
-999.999 -999.999 -999.999 -999.999 -999.999 -999.999 -999.999 -999.999 -999.999 4.23983826139 4.39679505808 4.70822210637 4.93931075612 4.93561532611 5.74927448511 5.65406686644 5.45128001094 5.24849315545 5.04570629995 4.94630380041 5.20825231373 5.38022893204 5.44865749436 6.03986797779 6.46324870168 6.41793011061 6.55733953604 7.03043266577 7.09823478836 7.06545998641 7.03268518447 6.99991038252 6.96713558058 6.9872491397 7.09920480218 7.21116046466 7.16035050717 6.98871981445 6.73535438467 6.49916729785 6.24118173275 6.10694935899 6.14134911755 6.17574887612 6.21014863468 6.24454839324 6.2789481518 6.27226358658 7.06264526785 7.75446698701 7.59857314957 7.44267931214 7.31543233762
-999.999 -999.999 -999.999 -999.999 -999.999 -999.999 -999.999 -999.999 -999.999 4.20374217388 4.35690452232 4.59528952663 4.9587246682 4.92039345738 5.79920122695 5.86596160591 5.61037760967 5.40759075418 5.20480389868 5.00933331307 5.13690168232 5.30557107175 5.75371466961 6.29995587989 6.5841866781 6.58278520862 6.53746661755 6.78195860398 7.17798479868 7.21304412489 7.24858390487 7.27897407802 7.24619927608 7.21342447413 7.18064967218 7.28196636316 7.23287782759 6.96831162113 6.64931896358 6.41313187676 6.14527285154 6.13522672254 6.1696264811 6.20402623966 6.23842599823 6.27282575679 6.34675924068 6.47137113656 7.1835580408 7.49602977981 7.1399942744 6.98410043696 7.20633096402
-999.999 -999.999 -999.999 -999.999 -999.999 -999.999 -999.999 -999.999 -999.999 4.16764608637 4.32080843481 4.51013180783 4.89405192236 4.93980736946 5.48768627257 5.91588834774 5.7694752084 5.56668835291 5.36390149741 5.16111464192 5.06555105091 5.23091321145 6.10887457901 6.56004378199 6.45942310507 6.75595554023 6.61674946694 6.59315748558 7.12061045796 7.14743777557 7.18297755556 7.21851733554 7.25405711553 7.28959689551 7.3251366755 7.36067645548 7.2546878898 6.9479034278 6.60664687283 6.32709645568 6.12910432753 6.16350408609 6.19790384465 6.23936980514 6.36398170102 6.48859359689 6.61320549277 6.73781738864 7.36664655503 7.25436773354 6.8556970272 6.71482256748 7.05737699256
-999.999 -999.999 -999.999 -999.999 -999.999 -999.999 -999.999 -999.999 -999.999 -999.999 4.28471234729 4.45276065216 4.78111934261 4.95922128153 5.03003571743 5.96581508958 5.98650049221 5.72578595164 5.52299909614 5.32021224065 5.11742538515 5.46184309722 6.2161299554 6.3265506648 6.36505383325 6.81454288361 6.65464368976 6.6659812246 6.93529331676 7.08737098599 7.11737120624 7.15291098623 7.18845076621 7.2239905462 7.25953032618 7.43527677075 7.37948578719 6.94748259874 6.5884535491 6.24498212454 6.15738169108 6.25659226548 6.38120416135 6.50581605723 6.6304279531 6.75503984898 6.87965174485 7.00426364072 7.41137639362 7.01270568728 7.27805144379 7.56851880135 7.85898615892
-999.999 -999.999 -999.999 -999.999 -999.999 -999.999 -999.999 -999.999 -999.999 -999.999 4.24861625978 4.40177860822 4.66818676286 4.97863519361 4.94140761541 6.01574183142 6.08250221038 5.88488355037 5.68209669487 5.47930983938 5.27652298388 5.29355723907 5.71746371213 6.33788239025 6.55568341667 6.78196232758 6.73804154267 6.76687301825 6.74649219836 7.02999664527 7.05413151402 7.08730463691 7.1228444169 7.15838419688 7.22338564267 7.59525346547 7.67927853115 7.49786303571 6.62170695104 6.30535693543 6.22567130827 6.33387120173 6.48121009374 6.62854898575 6.77588787776 6.92322676977 7.07056566178 7.21790455379 7.38414420033 7.63603106353 7.88791792673 8.13980478993 8.39169165313
-999.999 -999.999 -999.999 -999.999 -999.999 -999.999 -999.999 -999.999 -999.999 -999.999 4.21252017227 4.36568252071 4.5660974019 4.96694915859 4.95971789487 5.67778397905 6.13242895222 6.08612903436 5.8411942936 5.63840743811 5.43562058261 5.23283372711 5.68036540822 6.0315260143 6.45079334399 6.76465567617 6.82143939558 6.8677648119 6.75416546107 6.97262230456 6.99675717331 7.0216982876 7.05723806758 7.09277784757 7.37414881727 7.75523016019 7.97907127511 7.93056342331 6.94026819068 6.53026436565 6.45218153972 6.37249591256 6.37866072715 6.52599961916 6.67333851117 6.82067740318 6.96801629519 7.4269406507 8.01365933842 7.71755989457 7.63020264799 7.88208951119 8.13397637439
-999.999 -999.999 -999.999 -999.999 -999.999 -999.999 -999.999 -999.999 -999.999 -999.999 4.17642408475 4.32958643319 4.50872624623 4.85401657884 4.97913180694 5.2201334239 6.18235569405 6.24911607301 6.00029189233 5.79750503684 5.59471818134 5.39193132584 7.70245303368 6.06717357737 6.40500783215 6.7969250076 6.90483724848 6.96162096789 6.85505725472 6.89982691114 6.93938283259 6.96351770134 6.99163171827 7.1649448244 7.53412551199 7.91520685491 7.98460774455 7.89392845083 6.96648675396 6.74969355945 6.67273698503 6.59578041062 6.51882383621 6.43963488969 6.57078914459 6.7181280366 7.2741025254 7.89285606486 8.47179690759 9.01990277546 8.2628415043 7.62437423245 7.87626109564
-999.999 -999.999 -999.999 -999.999 -999.999 -999.999 -999.999 -999.999 -999.999 -999.999 -999.999 4.29349034568 4.45135509056 4.74108399909 4.99854571902 4.99801046302 6.23228243589 6.29904281485 6.18575757651 5.95660263557 5.75381578007 5.55102892457 6.33247501311 8.93747774636 6.45398174652 6.7918160013 7.00218586738 7.0450188208 6.95594904837 6.84234969754 6.88200849187 6.90989676473 7.04271124258 7.18406521124 7.48722292469 7.73762543298 7.78827108123 7.70043698899 7.04607932766 6.96912275324 6.89216617883 6.81520960442 6.73825303 6.66129645559 6.61799183018 7.12126440011 7.74001793957 8.35877147903 8.92993447676 9.47804034463 9.72093957636 8.80812311402 7.89530665168
-999.999 -999.999 -999.999 -999.999 -999.999 -999.999 -999.999 -999.999 -999.999 -999.999 -999.999 4.25739425817 4.41055660661 4.62815141934 5.01795963109 4.97962842028 5.86788168552 6.34896955669 6.41572993565 6.11570023429 5.9129133788 5.7101265233 5.50733966781 8.99262124197 8.96895806805 6.84078991567 7.24026037888 7.19570945712 7.14097975322 7.09535277542 7.0941355134 7.22694999125 7.35976446909 7.06860812019 7.17934796821 7.37678937615 7.4274350244 7.47808067265 7.26550852146 7.18855194704 7.14951576977 7.11946118954 7.0894066093 7.05935202907 6.69796507339 7.58717981428 8.20593335373 8.82468689319 9.38807204593 9.9361779138 10.4842837817 10.2662211861 9.35340472375
-999.999 -999.999 -999.999 -999.999 -999.999 -999.999 -999.999 -999.999 -999.999 -999.999 -999.999 4.22129817065 4.37446051909 4.5646918403 4.92691381507 4.99904233236 5.41023113038 6.39889629853 6.46565667748 6.28538611866 6.07201097753 5.86922412203 5.66643726654 7.6226432214 11.6527674708 9.00043838973 7.12728270057 7.32016213806 7.51304157554 7.52451134208 7.47888436428 7.54400321776 7.66743465084 7.35717797901 7.04692130717 7.0214791909 7.12817039599 7.23486160109 7.90488671961 7.59087596866 7.56082138843 7.53076680819 7.50071222796 7.21828367355 6.77141617243 7.12779503693 8.6718487679 9.29060230736 9.8462096151 10.394315483 10.9424213508 11.4905272187 10.8115027958
-999.999 -999.999 -999.999 -999.999 -999.999 -999.999 -999.999 -999.999 -999.999 -999.999 -999.999 4.18520208314 4.33836443158 4.50732068463 4.81398123533 5.01845624443 5.05461331062 6.44882304036 6.51558341932 6.51880145467 6.23110857626 6.02832172076 5.82553486527 6.25266520082 10.2827894503 12.5894872843 9.18409159177 8.58362979141 7.98316799104 7.76424521502 7.90804293093 7.86241595313 7.95600450966 7.64574783782 7.42163934365 7.24863895616 7.07563856867 7.12121023315 8.03202253192 8.32278332562 7.97212700708 7.94207242685 7.73860227371 7.29173477259 6.84486727147 6.39799977034 9.13776418207 9.75624131639 10.3043471843 10.8524530521 11.40055892 11.9486647879 12.2696008679
-999.999 -999.999 -999.999 -999.999 -999.999 -999.999 -999.999 -999.999 -999.999 -999.999 -999.999 -999.999 4.30226834406 4.45543069251 4.70104865558 5.0378701565 5.00380275231 6.057979392 6.56551016116 6.63227054012 6.39020617499 6.18741931949 5.984632464 5.7818456085 8.91281142968 12.9429356791 12.620967606 10.6479417679 10.0474799676 9.44701816719 8.84655636683 8.24609456647 8.24457436847 8.04482809578 7.87182770829 7.84544332786 7.88931850117 7.93319367447 7.96318879054 9.71793271537 8.74067993163 8.25892087388 7.81205337275 7.36518587163 6.91831837051 6.47145086938 8.64699757408 10.2143788856 10.7624847534 11.3105906213 11.8586964892 12.4068023571 12.9549082249
-999.999 -999.999 -999.999 -999.999 -999.999 -999.999 -999.999 -999.999 -999.999 -999.999 -999.999 -999.999 4.26617225655 4.41933460499 4.62065743438 4.99981105131 5.01895285777 5.60032883685 6.615436903 6.68219728196 6.61842999682 6.34651691822 6.14373006273 5.94094320723 7.54283340911 11.5729576585 15.603081908 12.7122537444 12.1117919441 11.5113301437 10.9108683433 10.310406543 9.91098397587 9.95485914918 9.99873432249 10.0426094958 10.0864846691 9.01169718836 7.6498025408 9.4439675423 10.5591926296 9.9583254538 9.18718873547 8.41605201715 7.64491529883 6.87377858051 7.70025845178 10.7388594264 11.3223665198 11.9058736133 12.4893807067 13.0728878002 13.6563948936
-999.999 -999.999 -999.999 -999.999 -999.999 -999.999 -999.999 -999.999 -999.999 -999.999 -999.999 -999.999 4.23007616904 4.38323851748 4.56328627871 4.88687847156 5.03836676984 5.14267828171 6.66536364484 6.73212402379 6.79888440275 6.50561451695 6.30282766146 6.10004080596 6.17285538853 10.202979638 14.2331038874 16.2414968223 14.1761039206 13.5756421202 12.9751803199 12.3747185195 12.1081501438 12.1520253171 12.1959004904 12.2397756637 11.3075864892 9.94569184165 8.58379719408 9.12279095842 10.4133918311 11.4004525438 11.232730003 9.84641440861 8.46009881417 7.40568260355 8.67958121842 10.8492497965 12.4714278131 12.9568622052 13.5403692986 14.1238763921 14.1177343225
-999.999 -999.999 -999.999 -999.999 -999.999 -999.999 -999.999 -999.999 -999.999 -999.999 -999.999 -999.999 4.19398008152 4.34714242996 4.50591512303 4.77394589181 5.05778068192 5.06040559992 6.24807709847 6.78205076563 6.84881114459 6.71805853897 6.46192526019 6.25913840469 6.05635154919 8.83300161739 12.8631258668 16.8932501163 16.272977144 15.6399540967 15.0394922964 14.439030496 14.3053163118 14.3491914851 14.3930666584 13.6034757901 12.2415811425 10.8796864949 9.51779184737 8.80161437453 10.2675910327 11.2546517454 11.2134477938 9.82713219934 8.4408166049 9.17659515362 10.4504937685 11.7243923834 13.9982411412 14.2531046001 14.5913578906 14.5576925922 14.1741855314
-999.999 -999.999 -999.999 -999.999 -999.999 -999.999 -999.999 -999.999 -999.999 -999.999 -999.999 -999.999 -999.999 4.31104634245 4.46420869089 4.67662302845 5.07270828754 5.03886338318 5.79042654333 6.83197750747 6.89873788643 6.95147387498 6.62102285892 6.41823600342 6.21544914792 7.46302359682 11.4931478463 15.5232720957 19.5533963451 17.7042660733 17.1038042729 16.5033424725 16.5024824797 16.546357653 15.8993650909 14.5374704434 13.1755757958 11.8136811482 10.4517865007 9.0898918531 10.1217902343 11.1088509469 11.1941655845 9.80784999007 9.67360908882 10.9475077037 12.2214063186 13.4953049334 14.7692035483 16.0100636501 13.3950170251 14.6141438011 14.2306367403
-999.999 -999.999 -999.999 -999.999 -999.999 -999.999 -999.999 -999.999 -999.999 -999.999 -999.999 -999.999 -999.999 4.27495025494 4.42811260338 4.61925187278 4.95977570779 5.05827729525 5.33277598818 6.88190424931 6.94866462827 7.01542500723 6.81768708112 6.57733360215 6.37454674665 6.17175989116 10.1231698257 14.1532940751 18.1834183246 19.8935063603 19.1681162494 18.6557734743 18.6996486476 18.1952543918 16.8333597442 15.4714650966 14.1095704491 12.7476758015 11.385781154 10.0238865064 9.96121654241 11.1152620455 11.1748833752 10.170623024 11.4445216389 12.7184202538 13.9923188686 15.2662174835 15.341589528 12.2169142005 10.3701439564 14.5304328772 14.2870879492
-999.999 -999.999 -999.999 -999.999 -999.999 -999.999 -999.999 -999.999 -999.999 -999.999 -999.999 -999.999 -999.999 4.23885416742 4.39201651586 4.56188071711 4.84684312804 5.07769120733 5.11700844753 6.43817480495 6.9985913701 7.06535174906 7.05110241713 6.73643120088 6.53364434538 6.33085748989 8.7531918051 12.7833160545 16.813440304 20.8435645534 21.2324282259 20.8529396423 20.4911436926 19.1292490451 17.7673543975 16.4054597499 15.0435651024 13.6816704548 12.3197758072 10.9578811597 9.64003995853 11.7231327924 11.155601166 11.9415355741 13.215434189 14.4893328038 12.8441516344 9.71947630692 8.13778826965 7.62949742806 8.0928242494 11.5055598085 14.3435391581
-999.999 -999.999 -999.999 -999.999 -999.999 -999.999 -999.999 -999.999 -999.999 -999.999 -999.999 -999.999 -999.999 4.20275807991 4.35592042835 4.50908277679 4.7339105483 5.0971051194 5.06619788921 5.9805242498 7.04851811194 7.1152784909 7.18203886986 6.91731562327 6.69274194411 6.48995508862 7.38321378453 11.413338034 15.4434622834 19.4735865328 23.5037107823 22.7870329935 21.4251383459 20.0632436984 18.7013490508 17.3394544032 15.9775597557 14.6156651081 13.2537704605 11.891875813 10.5299811654 12.3310035393 12.4385495093 13.4713890683 10.6373668575 10.1290760159 9.62078517433 9.11249433275 8.60420349116 8.10941911254 8.32965996616 10.1657654219 12.6409756605
-999.999 -999.999 -999.999 -999.999 -999.999 -999.999 -999.999 -999.999 -999.999 -999.999 -999.999 -999.999 -999.999 -999.999 4.31982434084 4.47298668928 4.67521746685 5.03267294403 5.07818782066 5.52287369466 7.08592306657 7.16520523274 7.2319656117 7.15073095928 6.85183954284 6.64905268735 6.44626583185 10.0433600134 14.0734842628 18.1036085123 22.1337327617 23.0492819083 21.6161286174 20.2309572427 18.8457858681 17.4606144934 16.0754431188 14.6902717441 13.3051003694 11.9199289948 10.5347576201 12.5905813948 12.1203637622 11.6120729206 11.103782079 10.5954912374 10.0872003958 9.57890955426 9.07061871267 8.8157190768 9.03595993042 9.93246396791 12.2387065944
-999.999 -999.999 -999.999 -999.999 -999.999 -999.999 -999.999 -999.999 -999.999 -999.999 -999.999 -999.999 -999.999 -999.999 4.28372825332 4.43689060176 4.61784631118 4.91974036428 5.09760173274 5.17361129514 6.62827251142 7.21513197458 7.28189235353 7.34865273249 7.01694416542 6.80815028608 6.60536343058 8.67338199282 12.7035062423 16.7336304917 20.7637547411 22.9090040135 21.3446205906 19.6886635806 18.303492206 16.9183208313 15.5331494566 14.147978082 12.7628067073 11.3776353326 9.99246395799 12.1743929974 12.5867789837 12.0784881421 11.5701973005 11.0619064589 10.5536156174 10.0453247758 9.53703393418 9.52201904105 9.74225989467 9.96250074829 12.0054051404
-999.999 -999.999 -999.999 -999.999 -999.999 -999.999 -999.999 -999.999 -999.999 -999.999 -999.999 -999.999 -999.999 -999.999 4.24763216581 4.40079451425 4.56047515551 4.80680778453 5.11701564481 5.12280073682 6.17062195628 7.26505871641 7.33181909537 7.39857947433 7.25035950143 6.96724788481 6.76446102931 7.30340397224 11.3335282217 15.3636524711 19.3937767206 22.6283408681 21.3398694787 19.639959273 17.9302999344 16.3760271692 14.9908557945 13.6056844198 12.2205130452 10.8353416705 9.45017029586 11.7582046001 13.0531942052 12.5449033636 12.036612522 11.5283216804 11.0200308389 10.5117399973 10.0080781517 10.2283190053 10.4485598589 10.6688007125 11.7721036864
