PyTrx/Examples/results/KR_velocity1/asciifiles/KR2_20140703_180000.JPG_interpmap.txt
ncols 365
nrows 436
xllcorner 447270.0
yllcorner 8754310.0
cellsize 10.0
NODATA_value -999.999
[rows 147 to 167 of 436, columns 144 to 191 of 365]
4.99498391305864 5.278397812082503 5.561811711106365 5.431087638472747 5.570566138249013 5.538521434794674 5.1313826025015725 4.72424377020847 4.4861573489181525 4.638477853743879 4.992251920973567 4.9462047976072725 4.591950730559452 4.806459658434106 5.091973886404248 5.181750929855173 5.204234601901458 5.223127345022712 5.370117667492303 5.520991540708777 5.672089889910272 5.639556624315809 5.623980812432848 5.617218051256394 5.743237618934366 5.868906757395737 5.871075776248932 5.813948332232917 5.7286347363714265 5.587198870074807 5.417444044627022 5.358307873716872 5.556251763032529 5.754195652348184 5.952139541663842 6.150083430979496 5.869111696105532 5.584586910636672 5.300062125167811 5.015537339698952 4.693190594728765 6.24767691897274 6.546120672462416 6.907399862929367 7.26867905339632 7.62995824386327 7.69984350260038 7.508062190593954
5.188803167456848 5.4722170664807095 5.755630965504573 5.842891275633928 5.841515760842171 5.817442781397576 5.458575883863612 5.05143705157051 4.6555593895174265 4.410709218506208 4.764483285735895 4.844884589423463 4.611545398478532 4.910807219412673 5.210069040346815 5.346059470897027 5.393862794103429 5.39740381375157 5.564094190501808 5.836886016518735 6.002345140058424 5.945863325828694 5.892282153609447 5.876706341726484 5.945660505662072 6.071143810440665 6.1019989907848045 6.024211471905979 5.93889787604449 5.81618782360899 5.646432998161205 5.47667817271342 5.441825642539467 5.639769531855124 5.837713421170779 5.992938779677238 5.708413994208378 5.423889208739519 5.139364423270659 4.854839637801799 4.843640833077223 6.537783700267201 6.859059517140335 7.161501919150362 7.46394432116039 7.766386723170417 7.4575893580653645 7.214501759534941
5.256837253524708 5.5702792465726825 5.883721239620656 6.017059252038229 6.104199477228077 6.088392403990735 5.799304599385229 5.424970687151503 5.050636774917778 4.676302862684053 4.536714650498222 4.743564381239656 4.715892959457101 5.015154780391242 5.314416601325384 5.501582724567145 5.550417382436481 5.65619933047817 5.8799886663117675 6.152780492328694 6.332600390206574 6.276118575976843 6.219636761747115 6.163154947517385 6.148083392389777 6.273380863485593 6.319788207440531 6.234474611579042 6.149161015717552 6.045176777143174 5.8754219516953885 5.705667126247604 5.5359123007998186 5.525343411362062 5.723287300677718 5.832241077780085 5.547716292311225 5.263191506842366 5.081488176059761 5.073957705447395 5.066427234835028 6.410966223584584 6.784661472024873 7.116296999193738 7.418739401203766 7.721181803213794 7.115542215408991 6.846986201818166
5.186539544562756 5.5285391154036745 5.630192425899894 5.5546980228675 5.479203619835109 5.553920655104541 5.55566535432914 5.479982185236459 5.404299016143779 5.071380248084402 4.715854726332109 4.642244173055848 4.825686694528038 5.274500675650982 5.723314656773926 5.6051375726392445 5.65397223050858 5.900684559432756 6.1816676494789276 6.462650739525099 6.6432054627951675 6.496272638930088 6.349339815065007 6.2024069911999264 6.105882449685996 6.154991853619808 6.416200658300085 6.444737751252106 6.359424155390617 6.274110559529126 6.104410905229573 5.934656079781789 5.764901254334003 5.595146428886218 5.608861180184657 5.671543375882933 5.387018590414073 5.311805048429933 5.304274577817566 5.2967441072052 5.289213636592832 6.002755616655567 6.657843995342256 7.031539243782547 7.373534481247142 7.675976883257169 7.12012640690787 6.479470644101392
5.119969942530185 5.387055499945413 5.309481163992899 5.320037153134861 5.280450855455553 5.0006210846443375 4.960534803416821 4.88485163432414 4.80916846523146 4.923336249698822 4.902022034811382 4.730265328012148 5.2326961289862854 5.693532130161623 6.142346111284567 5.876205791153208 5.8641866983411735 6.113166348614833 6.294530749939701 6.475895151264572 6.364503523474978 6.177159913411762 6.030227089546681 5.8832942656816005 5.889017831450108 6.027755833814413 7.331711491283269 6.453111741516072 6.569687295063679 6.484373699202189 6.333399858763757 6.163645033315971 5.993890207868187 5.824135382420401 5.654380556972616 5.549652391412471 5.5421219208001045 5.534591450187738 5.527060979575371 5.519530508963004 5.512000038350637 5.50446956773827 6.531026518659639 6.904721767099929 7.278417015540219 7.630771963300544 7.1247105984067485 6.111955086384618
5.239142367271488 5.334718969084763 5.3452749582267245 5.275664969149112 4.995835198337897 4.805950568547317 4.944984536553312 5.17322610411481 5.302725156035881 5.216869561474841 4.782189613392379 5.0322739636278655 5.60200777484349 6.067726060532534 6.509510446993023 6.1409833218353285 5.871064086440136 6.049645621983775 6.231010023308643 6.412374424633512 6.142892619968721 5.858047187893435 5.711114364028355 5.634159915206135 5.91343841874386 5.976200752747987 6.210132973813048 6.378112607444129 6.517516883820054 6.678080522726566 6.562388812297941 6.392633986850155 6.107604709172261 5.8174346133193575 5.527264517466453 5.529014487238241 5.6611737953742605 5.757377851945542 5.749847381333176 5.742316910720809 5.734786440108442 5.727255969496075 6.404209041977022 6.777904290417312 7.151599538857602 7.509676928842994 7.129294789905628 5.861379951382062
5.2466941910541385 5.3705127633185885 5.270879082842672 5.098054796316771 4.97480124374788 4.851547691178989 5.059772008473061 5.428906795209574 5.683876319093272 5.338986616280883 4.9114021886817145 5.3080301879739356 5.907875752460096 6.223722158707403 6.413265639974218 6.2430256288895825 6.105930048798236 6.071811113857373 6.1674892966775845 6.306262257467576 5.921281716462465 5.53893446237511 5.392001638510029 5.799121003673308 5.7279862667312065 5.961918487796265 6.195850708861326 6.360429345409491 6.499833621785416 6.639237898161341 6.462429867684595 6.161741241935408 5.83665430854751 5.521035821467131 5.384905750619964 5.398530048874172 5.520837411908898 5.6574150653649085 5.775168806551762 5.881084043134726 5.957572841866247 5.950042371253879 6.277391565294404 6.651086813734694 6.655963422567609 6.6111602628232875 6.449359629150383 5.653893344747507
5.128337762678004 5.399441151799496 5.266905471517335 5.143651918948443 5.020398366379553 4.8971448138106615 5.17455948039281 5.517616700184371 5.820472814666996 5.790100624554369 5.6282925576223946 5.5517618046738555 6.068598756609591 6.3551235250290254 6.3170208329554125 6.49924559287402 6.436481090087835 6.373716587301648 6.3109520845154625 6.094706499133699 5.699670812956208 5.314690271951099 5.245839559649365 5.479771780714426 5.713704001779485 5.947636222844544 6.181568443909604 6.342746083374855 6.482150359750779 6.506633793120628 6.2501266698922855 5.993619546663942 5.7121903339323925 5.387103400544495 5.272479067599923 5.28828460256415 5.376082683123546 5.512660336579557 5.649237990035567 5.7832485811463 5.889163817729264 5.995079054312228 6.046811466150738 5.802249916292222 5.757446756547901 5.712643596803579 5.667840437059258 4.9504558759313095
5.314806404179614 5.489471604921067 5.341224105448473 5.197424039030752 5.065995489011225 4.942741936442334 5.267672316479066 5.570528430961689 5.873384545444313 6.058132996947438 5.896324930015464 5.811482375729011 6.233302096184251 6.604776205102043 6.944906261763325 6.761640153338046 6.5521117536216735 6.342583353905302 6.21761920026273 6.0468957061618145 5.64916238205018 5.251429057938546 5.264809789866352 5.4654895157627035 5.699421736827762 5.933353957892822 6.167286178957882 6.325062821340217 6.464467097716143 6.294330595328319 6.037823472099976 5.781316348871634 5.524809225643292 5.262639425929378 5.133023387413987 5.178039156254127 5.231327954338195 5.367905607794206 5.504483261250215 5.641060914706225 5.777638568162235 5.89462448555993 5.996696228115447 5.751272962717741 5.372904459538603 4.9945359563594645 4.76932377103955 4.4966467356285245
5.6523080892233875 5.621641840184102 5.426313154858628 5.282943746414043 5.139143679996321 5.124878990690097 5.320584047256384 5.623440161739007 5.92629627622163 6.229152390704254 6.164357302408533 6.115467591075297 6.39800543575891 6.70207676397656 6.706327698882451 6.542191503168376 6.360191997359473 6.248464794951595 6.136737592543719 5.9990849131899315 5.601351589078297 5.317995683043758 5.390059280155772 5.462122877267786 5.685139471876041 5.919071692941101 6.15300391400616 6.307379559305581 6.338534520764352 6.0820273975360095 5.825520274307667 5.569013151079324 5.312506027850982 5.148668903712901 4.993474570656814 5.0460648130518635 5.0865732255528435 5.223150879008854 5.359728532464864 5.488033852320131 5.61577022428363 5.768004679626646 5.8944462383191105 5.8341029624638825 5.455734459284745 5.077365956105606 4.660078644866699 4.149754097273
5.6809902483428045 5.8628879253618775 5.699966193071039 5.4859210656336455 5.611973036563826 5.681287675231057 5.805180325688871 5.834657757585896 5.979208006998947 6.282064121481571 6.432389674801604 6.419452806421582 6.486815155084974 6.4791041371332865 6.471393119181597 6.391037592048337 6.27931038964046 6.167583187232584 6.055855984824706 5.944128782416829 5.5535407961064145 5.44324517333318 5.515308770445193 5.587372367557206 5.670857206924318 5.904789427989378 6.138721649054438 6.289696297270942 6.126231322972043 5.8697241997437 5.613217076515357 5.426666333795805 5.348400787749304 5.270135241702803 5.027933467243766 4.890579571485529 4.967036501184694 5.068321760716098 5.196058132679598 5.323794504643097 5.451530876606594 5.606502905718977 5.768758780902248 5.894267991078292 5.538564459030886 5.112626557919523 4.602302010325823 4.091977462732123
5.722481646308975 5.855888881852311 5.738173865510168 5.602119170009821 5.59251931054275 5.623486780186353 5.8353408651156 6.047194950044844 6.2590490349740895 6.470903119903335 6.637831966741511 6.68014881614276 6.6787354875392015 6.671024469587512 6.408586429819189 6.222858802716124 6.190890951079417 6.086701579513572 5.974974377105695 5.863247174697817 5.50573000313453 5.5684946636226 5.640558260734613 5.712621857846627 5.78468545495864 5.890507163037657 6.124439384102716 6.1704352484080776 5.913928125179734 5.7046637638787105 5.626398217832209 5.548132671785709 5.469867125739206 5.391601579692706 5.062392363830719 4.925038468072482 5.0448699013887754 5.048589817999382 5.052309734609987 5.159555156966061 5.2872915289295594 5.445001131811308 5.607257006994579 5.7695128821778505 5.573267776894092 5.11397143765412 4.65467509841415 4.1953787591741785
5.7050237145825555 5.800288966050481 5.622385606288924 5.581105665154187 5.573850526163471 5.565685885141651 5.777539970070896 5.98939405500014 6.201248139929386 6.413102224858632 6.694719537656003 6.874088081823405 6.870655819993428 6.661309130985773 6.212761499032139 5.999003995721983 5.9670361440852755 5.935068292448568 5.894092769386683 5.782365566978806 5.621680556800007 5.693744153912021 5.765807751024033 5.837871348136048 5.909934945248062 5.981998542360074 6.110157119150994 5.982661193961615 5.904395647915114 5.826130101868612 5.747864555822112 5.669599009775611 5.59133346372911 5.5130679176826085 5.096851260417671 5.088860374007458 5.092580290618065 5.09630020722867 5.1000201238392755 5.103740040449881 5.123052181252525 5.283008171820021 5.44446538396511 5.605922596110199 5.4773196180991075 5.1857211363029405 4.791153279665176 4.3318569404252045
5.600761097404869 5.718863266943102 5.564835145507791 5.559699474755922 5.554563804004053 5.545581882317121 5.719739075026192 5.931593159955438 6.143447244884682 6.418371593898078 6.765989250692738 7.068027347504051 6.914031832152355 6.465484200198722 6.016936568245088 5.775149188727842 5.743181337091134 5.711213485454426 5.679245633817718 5.648419255407792 5.750053874729785 5.822913214322273 5.895772553914759 5.968631893507247 6.041491233099735 6.075641361509897 6.013061683091051 6.010037036655603 5.971029994521347 5.93202295238709 5.869330893812014 5.791065347765513 5.7127998017190125 5.634534255672511 5.256947941664856 5.323238005996437 5.395746340012657 5.468254674028877 5.540763008045096 5.46380425580513 5.233923515693718 5.118776149931481 5.2802333620765705 5.426070174717932 5.257752918283405 4.966154436487238 4.674555954691071 4.382957472894903
5.507788083939707 5.6030750077218565 5.543428955109526 5.538293284357657 5.533157613605788 5.526913097937842 5.6619381799814885 5.873792264910733 6.1420236501401515 6.489641306934813 6.837258963729473 7.023205127193907 6.7182069013653045 6.2696592694116715 5.821111637458037 5.551294381733701 5.519326530096993 5.487358678460287 5.6294952295240765 5.7806195393511635 5.889509546404447 5.962368885996934 6.035228225589421 6.023682037583911 5.933959999922288 5.844237962260665 5.848905149741263 5.894918342157271 5.855911300023016 5.816904257888758 5.7778972157545025 5.738890173620247 5.69988313148599 5.737810876280863 5.9239967527838795 5.963653297115899 6.036161631132119 6.047196486082018 5.817315745970606 5.587435005859195 5.357554265747784 5.127673525636373 5.1160013401880295 5.198037499948225 5.038186218467703 4.746587736671535 4.4783905165899025 4.227533456654121
5.48662532569397 5.5271584354631305 5.522022764711261 5.516887093959392 5.5117514232075235 5.506615752455653 5.603625416271971 5.865675706382227 6.0776621836914835 6.249350579453215 6.421038975214946 6.592727370976678 6.337984890647129 5.975815164002007 5.613645437356885 5.32743957473956 5.459446893813271 5.610571203640359 5.761695513467448 5.912819823294535 6.028965218079109 5.971722713657925 5.882000675996302 5.79227863833468 5.702556600673057 5.612834563011434 5.6847486163914756 5.779799647658941 5.7407926055246845 5.701785563390429 5.662778521256172 5.623771479121916 5.4291462015526175 5.922939128498759 6.4167320554449 6.604068588235361 6.400707976247494 6.170827236136083 5.940946496024672 5.7110657559132605 5.4811850158018505 5.25130427569044 5.021423535579027 4.955810595971155 4.830942703552742 4.620961776783052 4.370104716847271 4.119247656911489
5.465462567448234 5.505752245064866 5.500616574312996 5.51412724950771 5.5325685632421 5.551009876976489 5.50961361195765 5.63836731678979 5.76734248879268 5.896317660795571 6.025292832798462 6.16224961475945 5.935318289198396 5.547271568941577 5.1786397097941705 5.384236611044398 5.489698107048381 5.641936300644873 5.794174494241364 5.919019485724069 5.904449951425416 5.785778111475332 5.667106271525248 5.560875239085449 5.471153201423825 5.381431163762203 5.520592083041688 5.633554170651497 5.625673911026355 5.586666868892098 5.500330142934822 5.2550285704576 5.6142744537705145 6.108067380716655 6.6141464446888145 6.546626635922483 6.078007796953736 5.839382460813619 5.6007571246735015 5.362131788533386 5.123506452393268 4.884881116253151 4.6609130141374875 4.546122601310714 4.431332188483938 4.316541775657163 4.199410084529852 4.010961857168858
5.284987106236204 5.565995796504068 5.599511326580036 5.617952640314426 5.636393954048815 5.649907802513814 5.496834618334067 5.615610081631286 5.744585253634177 5.873560425637066 6.002535597639958 6.123031805044826 5.439247454946656 5.051200734689835 5.2317950700217395 5.459435062233062 5.5632319081684205 5.657810061658166 5.739862831924549 5.827856932519392 5.7920960318327985 5.673424191882715 5.55475235193263 5.436080511982547 5.317408672032462 5.224944204586026 5.358681131373607 5.4819765424636255 5.510555216528025 5.345228242045118 5.099926669567895 5.30560977904227 5.80531069069251 6.319412113925091 6.833513537157673 6.595331162423815 5.989993480019273 5.384655797614731 5.111245521101573 4.872620184961455 4.633994848821339 4.395369512681222 4.236540119208849 4.121749706382074 4.0069592935553 3.8921688807285255 3.864137464625946 3.9822880954876902
5.014702721972011 5.295711412239877 5.576720102507741 5.721778031121141 5.740219344855531 5.6644124861959995 5.507572423212153 5.592852846472781 5.721828018475673 5.850803190478564 6.08426055829727 5.949373460008514 5.2659092861887284 5.0840068338823405 5.284950430249307 5.512590422460631 5.647649051802699 5.678492544792655 5.648700278719873 5.7366943793147165 5.6797421122401825 5.561070272290098 5.442398432340014 5.345428746386412 5.268512485454294 5.191596224522177 5.204482972070467 5.355794346667944 5.295314115506197 4.94482476867819 4.996945104314026 5.510576359928786 6.024677783161367 6.538779206393951 7.052880629626531 6.644035688925145 6.038698006520603 5.433360324116061 4.82802264171152 4.383108581389526 4.144483245249409 3.9269576371069848 3.81216722428021 3.697376811453436 3.7938406140976677 3.9151651107575454 4.036489607417424 4.093247382372572
5.0209448583113385 5.230031712275623 5.439118566239906 5.648205420204191 5.831990354057931 5.675150291074085 5.518310228090239 5.570095611314277 5.699070783317168 5.933761439609447 6.14640869458165 5.930996823417609 5.552866149272553 5.560927697907693 5.568989246542833 5.577050795177973 5.707037979281722 5.6699609541081735 5.632883928934623 5.645531826110038 5.567388192647565 5.4659132881867984 5.388997027254681 5.3120807663225635 5.235164505390447 5.1582482444583295 5.081331983526212 5.232037903888353 5.1336073645217555 4.741058099128658 5.229009407428925 5.729943452397645 6.244044875630227 6.758146298862808 7.27224772209539 6.6927402154264755 6.087402533021933 5.482064850617391 4.87672716821285 4.271389485808308 3.666051803403767 3.6022192669095108 3.7235437635693884 3.8448682602292665 3.966192756889145 4.087517253549023 4.208841750208902 4.204206669257453
5.214976923554832 5.424063777519117 5.568838176592568 5.607772284646465 5.888972020191416 5.98285175922174 5.5966812578634295 5.551464737787144 5.783262320921623 6.064866333179623 5.957388627115407 5.8383299665342605 5.822572849152449 5.7867426237531046 5.7509123983537584 5.6995902308336985 5.614935020071819 5.617241371137568 5.592084935513228 5.566928499888886 5.509481569055068 5.432565308122951 5.355649047190832 5.278732786258717 5.201816525326599 5.124900264394482 5.047984003462364 5.105002647797017 4.971900613537314 5.0244842749325755 5.512435583232843 6.000386891533111 6.488338199833377 6.9775133913316685 7.346782424332347 6.741444741927805 6.1275805406142165 5.495797803158327 4.8640150657024375 4.232232328246546 3.635092714885462 3.774571409700988 3.895895906360866 4.017220403020744 4.138544899680622 4.2598693963405 4.331739661862208 4.315165956142334
