PyTrx/Examples/results/KR_velocity1/asciifiles/KR2_20140703_180000.JPG_interpmap.txt
ncols 365
nrows 436
xllcorner 447270.0
yllcorner 8754310.0
cellsize 10.0
NODATA_value -999.999
[rows 315 to 335 of 436, columns 240 to 287 of 365]
7.976190064049896 8.164092119278642 8.35199417450739 8.032329178708874 7.814528295235161 7.705456528721914 7.596384762208669 7.487312995695422 7.3782412291821755 7.2691694626689305 7.160097696155685 7.051025929642439 6.941954163129191 6.832882396615947 6.723810630102699 6.614738863589453 6.5056670970762065 6.3872076484998255 6.242552920101259 6.097898191702692 5.953243463304125 5.808588734905557 5.663934006506992 5.519279278108424 5.410845860982544 5.308786236658757 5.206726612334968 5.10466698801118 5.0026073636873924 4.9005477393636045 4.798488115039817 4.696428490716027 4.594368866392239 4.492309242068452 4.433956505991138 4.411473683843684 4.38899086169623 4.3665080395487745 4.34402521740132 4.397066992738074 4.546537307831665 4.6960076229252525 4.845477938018842 4.994948253112431 5.14441856820602 5.2938888832996085 5.443359198393198 5.592829513486786
7.909362628501142 8.09726468372989 8.285166738958637 8.382203661519874 8.04751164296872 7.787863162177457 7.678791395664211 7.569719629150964 7.4606478626377175 7.3515760961244725 7.242504329611226 7.13343256309798 7.024360796584734 6.915289030071488 6.806217263558241 6.697145497044995 6.5880737305317485 6.479001964018502 6.336388004309912 6.191733275911345 6.047078547512778 5.902423819114211 5.7577690907156445 5.613114362317077 5.5088143472126365 5.40675472288885 5.304695098565061 5.202635474241274 5.100575849917485 4.998516225593697 4.89645660126991 4.794396976946121 4.692337352622333 4.590277728298545 4.4882181039747575 4.402198112203709 4.379715290056255 4.3572324679088 4.334749645761346 4.394356996436493 4.543827311530083 4.693297626623671 4.842767941717261 4.9922382568108485 5.141708571904438 5.291178886998027 5.440649202091615 5.5901195171852045
7.842535192952388 8.030437248181135 8.218339303409882 8.406241358638631 8.397386125779722 8.062694107228568 7.761198029119752 7.652126262606505 7.54305449609326 7.433982729580014 7.324910963066768 7.215839196553521 7.106767430040276 6.997695663527028 6.888623897013782 6.7795521305005355 6.67048036398729 6.561408597474044 6.430223088518565 6.285568360119998 6.140913631721432 5.996258903322864 5.851604174924298 5.708842457766519 5.606782833442731 5.504723209118943 5.402663584795155 5.300603960471367 5.198544336147579 5.09648471182379 4.9944250875000025 4.892365463176215 4.790305838852427 4.688246214528639 4.586186590204851 4.484126965881063 4.382067341557275 4.347956896268825 4.325474074121371 4.3916470001349115 4.541117315228502 4.69058763032209 4.84005794541568 4.989528260509268 5.138998575602858 5.288468890696446 5.437939205790035 5.587409520883623
7.775707757403634 7.963609812632382 8.151511867861128 8.339413923089875 8.527315978318626 8.412568590039568 8.077876571488414 7.743184552937262 7.625461129548802 7.516389363035556 7.40731759652231 7.298245830009064 7.189174063495818 7.080102296982571 6.971030530469324 6.861958763956078 6.7528869974428325 6.643815230929586 6.5240581727272176 6.379403444328652 6.234748715930085 6.090093987531517 5.945439259132951 5.806810943996613 5.704751319672825 5.602691695349035 5.500632071025249 5.398572446701461 5.2965128223776725 5.194453198053884 5.092393573730096 4.990333949406308 4.88827432508252 4.786214700758732 4.684155076434944 4.582095452111156 4.480035827787368 4.37797620346358 4.316198502481396 4.38893700383333 4.53840731892692 4.687877634020508 4.837347949114098 4.986818264207686 5.136288579301276 5.285758894394864 5.435229209488453 5.584699524582042
7.708880321854881 7.896782377083628 8.084684432312375 8.272586487541123 8.46048854276987 8.648390597998617 8.427751054299414 8.093059035748261 7.758367017197109 7.598795996491098 7.489724229977851 7.380652463464605 7.271580696951359 7.162508930438113 7.053437163924867 6.9443653974116195 6.835293630898374 6.726221864385128 6.617150097871883 6.473238528537305 6.328583800138738 6.183929071740171 6.039274343341604 5.904779430226706 5.8027198059029175 5.70066018157913 5.598600557255342 5.496540932931554 5.394481308607766 5.292421684283978 5.190362059960189 5.088302435636401 4.986242811312613 4.8841831869888255 4.782123562665037 4.68006393834125 4.578004314017461 4.475944689693673 4.372599332311905 4.386227007531748 4.535697322625338 4.685167637718926 4.834637952812516 4.984108267906105 5.133578582999693 5.283048898093282 5.432519213186872 5.58198952828046
7.642052886306127 7.829954941534874 8.017856996763623 8.205759051992368 8.393661107221117 8.581563162449864 8.769465217678611 8.442933518559261 8.10824150000811 7.773549481456957 7.572130863433394 7.463059096920148 7.353987330406901 7.244915563893655 7.135843797380408 7.026772030867162 6.917700264353916 6.80862849784067 6.699556731327424 6.567073612745958 6.42241888434739 6.277764155948825 6.133109427550258 6.0027479164568 5.900688292133011 5.798628667809223 5.696569043485434 5.594509419161647 5.492449794837859 5.390390170514071 5.2883305461902825 5.186270921866495 5.084211297542707 4.982151673218919 4.880092048895131 4.778032424571343 4.675972800247555 4.553802736883811 4.408837187595599 4.3421098565270055 4.532987326323757 4.682457641417345 4.831927956510935 4.981398271604523 5.130868586698112 5.280338901791701 5.429809216885291 5.579279531978878
7.575225450757374 7.763127505986121 7.9510295612148685 8.138931616443617 8.326833671672363 8.51473572690111 8.702637782129857 8.792808001370261 8.458115982819109 8.123423964267957 7.788731945716804 7.545465730375689 7.436393963862443 7.327322197349197 7.218250430835951 7.109178664322704 7.000106897809457 6.891035131296211 6.781963364782965 6.660908696954611 6.516253968556044 6.371599240157478 6.22694451175891 6.100716402686892 5.998656778363104 5.896597154039315 5.794537529715528 5.69247790539174 5.590418281067953 5.488358656744165 5.386299032420377 5.284239408096588 5.182179783772801 5.080120159449012 4.978060535125224 4.876000910801436 4.735006141455717 4.590040592167505 4.445075042879293 4.352094318221087 4.495586326308098 4.679747645115764 4.829217960209354 4.978688275302943 5.128158590396531 5.27762890549012 5.427099220583709 5.576569535677297
7.508398015208619 7.696300070437368 7.884202125666114 8.072104180894861 8.260006236123608 8.447908291352356 8.635810346581104 8.823712401809852 8.807990465630109 8.473298447078955 8.138606428527803 7.803914409976651 7.518800597317984 7.409728830804738 7.300657064291492 7.191585297778246 7.0825135312650005 6.973441764751754 6.864369998238508 6.754743781163265 6.610089052764697 6.4654343243661305 6.320779595967565 6.198684888916985 6.0966252645931975 5.9945656402694105 5.892506015945621 5.790446391621833 5.688386767298045 5.586327142974257 5.484267518650469 5.382207894326681 5.280148270002893 5.1780886456791055 5.061175095315836 4.916209546027623 4.771243996739411 4.626278447451199 4.48620236866298 4.3968601542433055 4.431050302922832 4.64906279608919 4.826507963907772 4.97597827900136 5.12544859409495 5.274918909188539 5.424389224282127 5.573859539375716
7.4415705796598655 7.629472634888613 7.81737469011736 8.005276745346109 8.193178800574856 8.381080855803603 8.56898291103235 8.756884966261097 8.944787021489844 8.823172929889957 8.488480911338803 8.15378889278765 7.819096874236497 7.492135464260279 7.383063697747033 7.2739919312337875 7.164920164720542 7.055848398207296 6.946776631694049 6.837704865180803 6.703924136973351 6.559269408574783 6.414614680176217 6.29665337514708 6.194593750823291 6.092534126499503 5.990474502175715 5.888414877851927 5.786355253528139 5.684295629204351 5.5822360048805635 5.480176380556775 5.378116756232987 5.242378499887741 5.097412950599529 4.952447401311318 4.8074818520231055 4.662516302734893 4.530968204685199 4.441625990265524 4.366514279537565 4.584526772703923 4.802539265870282 4.973268282699779 5.122738597793369 5.272208912886957 5.421679227980546 5.571149543074135
7.374743144111113 7.56264519933986 7.750547254568607 7.938449309797354 8.126351365026101 8.314253420254849 8.502155475483598 8.690057530712345 8.877959585941092 9.065861641169839 8.838355394149803 8.503663375598649 8.168971357047496 7.834279338496344 7.499587319945192 7.35639856468933 7.247326798176083 7.138255031662837 7.029183265149591 6.920111498636345 6.7977592211820035 6.653104492783436 6.508449764384871 6.394621861377173 6.292562237053385 6.190502612729596 6.0884429884058076 5.9863833640820205 5.884323739758232 5.782264115434444 5.680204491110656 5.568547453747859 5.423581904459647 5.278616355171435 5.1336508058832235 4.988685256595011 4.843719707306799 4.698754158018587 4.575734040707417 4.4863918262877425 4.397049611868068 4.519990749318656 4.738003242485014 4.956015735651373 5.1200286014917875 5.269498916585375 5.418969231678965 5.568439546772554
7.3079157085623585 7.495817763791106 7.683719819019853 7.871621874248601 8.059523929477349 8.247425984706096 8.435328039934843 8.62323009516359 8.811132150392337 8.999034205621085 9.186936260849834 8.853537858409648 8.518845839858496 8.184153821307344 7.849461802756192 7.514769784205039 7.329733431631625 7.220661665118379 7.111589898605133 7.002518132091886 6.891594305390657 6.746939576992089 6.6022848485935235 6.4925903476072655 6.390530723283478 6.28847109895969 6.186411474635903 6.084351850312114 5.982292225988326 5.880232601664537 5.749750858319767 5.604785309031554 5.4598197597433415 5.31485421045513 5.169888661166918 5.0249231118787065 4.879957562590494 4.734992013302282 4.620499876729635 4.531157662309961 4.441815447890287 4.4554547259333885 4.673467219099747 4.891479712266106 5.109492205432465 5.266788920283794 5.4162592353773835 5.565729550470972
7.241088273013605 7.428990328242352 7.616892383471099 7.804794438699847 7.9926964939285945 8.180598549157342 8.368500604386089 8.556402659614836 8.744304714843583 8.932206770072332 9.12010882530108 9.203412341220648 8.868720322669496 8.534028304118344 8.199336285567192 7.864644267016038 7.529952248464886 7.303068298573921 7.193996532060674 7.084924765547428 6.975852999034182 6.840774661200743 6.696119932802177 6.590558833837359 6.488499209513571 6.386439585189782 6.284379960865995 6.182320336542207 6.075919812179884 5.930954262891673 5.7859887136034605 5.641023164315248 5.496057615027036 5.351092065738824 5.206126516450611 5.061160967162399 4.916195417874187 4.771229868585975 4.665265712751854 4.5759234983321795 4.486581283912505 4.397239069492831 4.6089311957144785 4.826943688880839 5.044956182047197 5.262968675213557 5.4135492390758015 5.56301955416939
7.174260837464851 7.362162892693598 7.550064947922346 7.737967003151093 7.92586905837984 8.113771113608589 8.301673168837334 8.489575224066083 8.67747727929483 8.865379334523578 9.053281389752325 9.241183444981072 9.218594805480496 8.883902786929344 8.549210768378192 8.214518749827038 7.879826731275886 7.5451347127247335 7.276403165516217 7.167331399002971 7.058259632489723 6.934609745409396 6.79058694439124 6.688527320067453 6.586467695743664 6.4844080714198755 6.3823484470960885 6.257123216751791 6.112157667463578 5.967192118175367 5.822226568887155 5.677261019598943 5.53229547031073 5.387329921022518 5.242364371734306 5.0973988224460935 4.952433273157881 4.807467723869669 4.710031548774073 4.620689334354399 4.531347119934725 4.44200490551505 4.544395172329213 4.762407665495571 4.980420158661929 5.1984326518282895 5.4108392427742205 5.560309557867809
7.122694558229069 7.303347289697378 7.484000021165686 7.67113956760234 7.8590416228310875 8.046943678059835 8.234845733288582 8.422747788517329 8.610649843746076 8.798551898974823 8.986453954203572 9.17435600943232 9.362258064661066 9.233777269740342 8.89908525118919 8.564393232638038 8.229701214086885 7.895009195535732 7.560317176984579 7.249738032458512 7.140666265945266 7.028444829618049 6.8885554306213335 6.786495806297546 6.684436181973757 6.58237655764997 6.4383266213236965 6.293361072035484 6.148395522747272 6.0034299734590615 5.858464424170848 5.713498874882636 5.568533325594424 5.4235677763062125 5.278602227017998 5.133636677729788 4.988671128441575 4.844139599215966 4.754797384796292 4.665455170376617 4.576112955956942 4.486770741537269 4.479859148943945 4.697871642110305 4.915884135276662 5.133896628443022 5.35190912160938 5.557599561566228
7.075839565277941 7.2564922967462495 7.437145028214557 7.6177977596828645 7.798450491151173 7.980116242511081 8.168018297739827 8.355920352968576 8.543822408197322 8.73172446342607 8.919626518654818 9.107528573883565 9.295430629112312 9.48333268434106 9.24895973400019 8.914267715449036 8.579575696897884 8.244883678346731 7.910191659795579 7.575499641244427 7.240807622693274 7.114001132887561 6.986523916851428 6.88446429252764 6.7644955751838145 6.619530025895602 6.47456447660739 6.329598927319178 6.184633378030966 6.039667828742754 5.894702279454542 5.74973673016633 5.604771180878117 5.459805631589905 5.314840082301693 5.1698745330134805 5.024908983725268 4.888905435238184 4.79956322081851 4.710221006398836 4.620878791979162 4.531536577559487 4.442194363139812 4.633335618725036 4.8513481118913955 5.069360605057755 5.287373098224113 5.505385591390472
7.028984572326812 7.2096373037951205 7.390290035263429 7.570942766731736 7.751595498200046 7.932248229668352 8.11290096113666 8.29355369260497 8.476994972648571 8.664897027877316 8.852799083106063 9.040701138334812 9.228603193563558 9.416505248792307 9.59883421681119 9.264142198260037 8.929450179708885 8.594758161157731 8.26006614260658 7.925374124055426 7.590682105504276 7.255990086953121 7.084492403081521 6.945698979755722 6.80073343046751 6.6557678811792975 6.510802331891085 6.365836782602873 6.220871233314661 6.0759056840264485 5.930940134738236 5.785974585450025 5.641009036161812 5.4960434868735994 5.351077937585387 5.206112388297176 5.061146839008963 4.933671271260404 4.84432905684073 4.754986842421054 4.665644628001379 4.576302413581706 4.486960199162031 4.568799595339769 4.786812088506127 5.004824581672487 5.2228370748388455 5.440849568005205
6.982129579375684 7.162782310843991 7.3434350423123 7.524087773780608 7.704740505248916 7.885393236717224 8.066045968185533 8.246698699653841 8.42735143112215 8.608004162590458 8.788656894058766 8.973873702786058 9.161775758014807 9.349677813243552 9.5375798684723 9.614016681071035 9.279324662519883 8.944632643968731 8.609940625417579 8.275248606866427 7.940556588315274 7.436647117452139 7.136341009839451 6.981936835039415 6.836971285751203 6.692005736462991 6.547040187174779 6.4020746378865665 6.257109088598353 6.112143539310142 5.96717799002193 5.8222124407337175 5.677246891445505 5.532281342157293 5.387315792869081 5.242350243580868 5.097384694292656 4.978437107282622 4.889094892862948 4.799752678443273 4.710410464023599 4.621068249603924 4.531726035184249 4.504263571954501 4.722276065120861 4.940288558287221 5.158301051453579 5.376313544619937
6.935274586424554 7.115927317892863 7.296580049361171 7.477232780829478 7.6578855122977885 7.838538243766096 8.019190975234403 8.199843706702712 8.38049643817102 8.561149169639329 8.741801901107635 8.922454632575944 9.103107364044254 9.28376009551256 9.470752432923547 9.658654488152294 9.629199145330883 9.294507126779731 8.959815108228579 8.545678131337167 7.868323830400363 7.373985797298902 7.201030045540949 7.028074293782996 6.873209141034898 6.728243591746685 6.583278042458472 6.43831249317026 6.293346943882048 6.1483813945938355 6.003415845305623 5.858450296017411 5.713484746729199 5.568519197440987 5.423553648152775 5.278588098864563 5.1336225495763514 5.023202943304841 4.933860728885167 4.844518514465491 4.755176300045816 4.665834085626143 4.576491871206468 4.4871496567867935 4.657740041735593 4.875752534901952 5.0937650280683116 5.31177752123467
6.888419593473426 7.069072324941733 7.249725056410042 7.43037778787835 7.6110305193466585 7.791683250814967 7.9723359822832744 8.152988713751583 8.333641445219891 8.514294176688198 8.694946908156508 8.875599639624815 9.056252371093123 9.23690510256143 9.41755783402974 9.598210565498047 9.779729107832287 9.64438160959073 8.977354844285392 8.300000543348586 7.622646242411781 7.438674833000397 7.265719081242445 7.092763329484493 6.919807577726541 6.764481447030379 6.619515897742167 6.474550348453954 6.329584799165743 6.18461924987753 6.039653700589318 5.894688151301105 5.749722602012893 5.604757052724681 5.4597915034364695 5.314825954148257 5.169860404860045 5.067968779327059 4.978626564907385 4.889284350487711 4.799942136068036 4.710599921648361 4.621257707228686 4.531915492809012 4.593204018350327 4.811216511516685 5.029229004683043 5.247241497849402
6.841564600522297 7.022217331990604 7.202870063458914 7.383522794927221 7.564175526395529 7.744828257863838 7.925480989332145 8.106133720800454 8.286786452268762 8.46743918373707 8.648091915205379 8.828744646673687 9.009397378141996 9.1900501096103 9.37070284107861 9.726339962673913 9.77830569656985 9.409031557233615 8.73167725629681 8.054322955360004 7.676319620459848 7.503363868701896 7.330408116943943 7.157452365185989 6.984496613428037 6.811540861670085 6.655753753025861 6.510788203737649 6.3658226544494365 6.220857105161223 6.075891555873012 5.9309260065848 5.7859604572965875 5.640994908008375 5.496029358720163 5.351063809431952 5.206098260143739 5.112734615349278 5.023392400929603 4.934050186509928 4.844707972090254 4.75536575767058 4.666023543250906 4.576681328831231 4.528667994965058 4.7466804881314175 4.964692981297777 5.182705474464135
6.794709607571168 6.975362339039476 7.1560150705077845 7.336667801976093 7.517320533444401 7.69797326491271 7.878625996381016 8.059278727849325 8.239931459317633 8.420584190785942 8.60123692225425 8.822649044232483 9.214944355022283 9.536523579926717 9.588489313822656 9.640455047718591 9.69242078161453 9.163353969245033 8.485999668308228 7.913964407919298 7.741008656161345 7.568052904403392 7.395097152645441 7.222141400887488 7.049185649129534 6.876229897371582 6.703274145613629 6.547026059021343 6.40206050973313 6.257094960444919 6.112129411156706 5.967163861868494 5.822198312580282 5.677232763292069 5.532267214003857 5.387301664715645 5.2468426657911715 5.157500451371496 5.068158236951822 4.978816022532147 4.889473808112473 4.800131593692798 4.710789379273123 4.62144716485345 4.532104950433775 4.682144464746151 4.900156957912509 5.1181694510788684
