PyTrx/Examples/results/KR_velocity1/asciifiles/KR2_140509_120000.JPG_interpmap.txt
ncols 278
nrows 500
xllcorner 446960.0
yllcorner 8753660.0
cellsize 10.0
NODATA_value -999.999
[rows 432 to 455 of 500, columns 53 to 105 of 278]
-999.999 -999.999 -999.999 -999.999 -999.999 -999.999 -999.999 -999.999 -999.999 -999.999 -999.999 -999.999 -999.999 -999.999 -999.999 -999.999 -999.999 -999.999 -999.999 4.43189128453 4.58505363297 4.73821598142 4.2401356979 4.37760862686 4.48731201812 4.59701540937 4.70671880063 4.81642219189 5.05944480853 5.16530357004 5.14425519287 5.07512866032 5.00600212778 4.97650009194 4.96685313366 4.53514517439 4.44286977137 4.46351352553 4.80245991032 4.62470107783 5.12929570079 5.48881337865 5.15817553657 4.81507838178 4.46123906704 4.38152248902 4.88484555023 4.61780435101 4.14450921545 4.3851863542 4.58620742606 4.62299891496 4.46339550193
-999.999 -999.999 -999.999 -999.999 -999.999 -999.999 -999.999 -999.999 -999.999 -999.999 -999.999 -999.999 -999.999 -999.999 -999.999 -999.999 -999.999 -999.999 -999.999 4.39579519702 4.54895754546 4.7021198939 4.19095343507 4.34495646365 4.4546598549 4.56436324616 4.67406663742 4.78377002868 5.01701999866 5.12287876017 5.11580452188 5.04667798934 4.97755145679 4.96676955192 4.93014326469 4.48064568716 4.40535773767 4.43964611467 4.39399850646 4.30714700366 4.51554752984 4.84488316743 5.28294975755 5.23251970974 4.44359573551 4.40766479682 4.2660498492 3.98624029479 4.0953862416 4.10956267804 4.17995266913 4.256633913 4.33331515686
-999.999 -999.999 -999.999 -999.999 -999.999 -999.999 -999.999 -999.999 -999.999 -999.999 -999.999 -999.999 -999.999 -999.999 -999.999 -999.999 -999.999 -999.999 -999.999 4.3596991095 4.51286145795 4.66602380639 4.29794465718 4.31230430043 4.42200769169 4.53171108295 4.64141447421 4.75111786547 4.93847829385 5.0804539503 5.08735385089 5.01822731835 4.9491007858 4.95703901191 4.91452661421 4.55837711979 4.32931225162 4.36813184321 4.33332953621 4.39923757353 4.46802475231 4.64061899848 5.06901121923 4.83566140146 4.26181277938 4.20880771628 4.36912621721 3.91349438311 3.898038345 4.01624684895 4.13445535289 4.22760016127 4.30428140513
-999.999 -999.999 -999.999 -999.999 -999.999 -999.999 -999.999 -999.999 -999.999 -999.999 -999.999 -999.999 -999.999 -999.999 -999.999 -999.999 -999.999 -999.999 -999.999 4.32360302199 4.47676537043 4.62992771887 4.43579592285 4.27965213722 4.38935552848 4.49905891974 4.608762311 4.71846570226 4.8534126245 5.03802914042 5.0589031799 4.98977664736 4.92065011481 4.88800584497 4.89890996373 4.6114175926 4.27302374401 4.37933276146 4.41473068745 4.55615800881 4.49209746125 4.48787140569 4.59393102776 4.35772772735 4.23487148704 3.93234978551 4.28911354219 4.33266243516 3.75713646109 3.86880302733 3.98046959356 4.09213615979 4.23256169247
-999.999 -999.999 -999.999 -999.999 -999.999 -999.999 -999.999 -999.999 -999.999 -999.999 -999.999 -999.999 -999.999 -999.999 -999.999 -999.999 -999.999 -999.999 -999.999 -999.999 4.44066928292 4.59383163136 4.57364718851 4.2332849922 4.35670336527 4.46640675653 4.57611014779 4.68581353905 4.79551693031 4.99560433055 5.03045250892 4.96132597637 4.90399258034 4.83678892653 4.88329331325 4.66445806541 4.52253155789 4.4327751446 4.33234365417 4.42414367754 4.52744145712 4.39344821707 4.41216344299 4.58086977553 4.27607730466 4.07256844024 4.05294693831 4.20186144939 3.63327039581 3.76903823778 3.92730037793 4.08556251807 4.24382465822
-999.999 -999.999 -999.999 -999.999 -999.999 -999.999 -999.999 -999.999 -999.999 -999.999 -999.999 -999.999 -999.999 -999.999 -999.999 -999.999 -999.999 -999.999 -999.999 -999.999 4.4045731954 4.55773554385 4.71089789229 4.18410272938 4.32405120206 4.43375459332 4.54345798458 4.65316137584 4.7628647671 4.95317952068 5.00200183793 4.93287530538 4.89426204032 4.81940827231 4.86767666277 4.86530844269 4.78416131862 4.70301419455 4.69855977827 4.78462716281 4.8379865394 4.78639454143 4.54977619095 5.0408706778 4.70570960184 3.59895209639 3.6094388045 3.70627224062 3.80175832975 3.86411849462 3.93856334368 4.09682548382 4.25508762396
-999.999 -999.999 -999.999 -999.999 -999.999 -999.999 -999.999 -999.999 -999.999 -999.999 -999.999 -999.999 -999.999 -999.999 -999.999 -999.999 -999.999 -999.999 -999.999 -999.999 4.36847710789 4.52163945633 4.67480180477 4.13492046656 4.29139903885 4.40110243011 4.51080582137 4.62050921263 4.73021260389 4.9107547108 4.97355116694 4.90442463439 4.88453150031 4.80379162183 4.85206001229 4.80698426514 4.48923352516 4.43588597239 4.90628126055 4.9302502983 5.08129887889 5.2448194958 5.15937214444 4.99548067418 4.71933310608 4.01214091876 3.64100298979 3.72642164056 4.08926542343 4.15943072239 4.22179088725 4.28415105212 4.33647832294
-999.999 -999.999 -999.999 -999.999 -999.999 -999.999 -999.999 -999.999 -999.999 -999.999 -999.999 -999.999 -999.999 -999.999 -999.999 -999.999 -999.999 -999.999 -999.999 -999.999 4.33238102038 4.48554336882 4.63870571726 4.24729779734 4.25874687564 4.3684502669 4.47815365816 4.58785704942 4.69756044068 4.83456442968 4.94510049595 4.8759739634 4.75794163784 4.78817497135 4.89435310706 4.95282433936 4.50840156886 4.52635274866 4.89998587196 5.06925439484 5.04961811612 5.52565999526 5.24276775462 4.95987551398 4.69429738441 4.42532974114 4.0779146302 4.17553571018 4.20603220904 4.24287653013 4.29699876728 4.35112100444 4.37308746631
-999.999 -999.999 -999.999 -999.999 -999.999 -999.999 -999.999 -999.999 -999.999 -999.999 -999.999 -999.999 -999.999 -999.999 -999.999 -999.999 -999.999 -999.999 -999.999 -999.999 -999.999 4.4494472813 4.60260962975 4.385149063 4.22609471243 4.33579810369 4.44550149495 4.55520488621 4.66490827747 4.77461166872 4.91664982496 4.84752329241 4.7242899304 4.77874174483 4.86135475698 4.71878286572 4.78309694286 4.74738804804 5.20798997045 5.11429693486 5.07394284731 5.07427116729 4.99020481472 4.91669386644 4.84318291817 4.6664315524 4.44839883254 4.33796470152 4.37599728242 4.40779190109 4.34286961848 4.27794733586 4.21302505325
-999.999 -999.999 -999.999 -999.999 -999.999 -999.999 -999.999 -999.999 -999.999 -999.999 -999.999 -999.999 -999.999 -999.999 -999.999 -999.999 -999.999 -999.999 -999.999 -999.999 -999.999 4.41335119379 4.56651354223 4.52300032866 4.17725202368 4.30314594048 4.41284933174 4.522552723 4.63225611425 4.74195950551 4.88819915397 4.82175452873 4.70867327992 4.81255771647 4.67946533582 4.54637295517 4.61241482143 4.81306575001 4.84400703171 4.96220082751 4.86094580605 4.84629522653 4.90264368375 5.04715974039 5.04803074846 4.87263281299 4.63908114101 4.36353282138 4.44512242217 4.24623775981 4.18280720541 4.11788492279 4.05296264018
-999.999 -999.999 -999.999 -999.999 -999.999 -999.999 -999.999 -999.999 -999.999 -999.999 -999.999 -999.999 -999.999 -999.999 -999.999 -999.999 -999.999 -999.999 -999.999 -999.999 -999.999 4.37725510627 4.53041745472 4.66085159433 4.12806976086 4.27049377727 4.38019716853 4.48990055978 4.59960395104 4.7093073423 4.84691423282 4.81202398871 4.71864707137 4.63066829531 4.49757591466 4.36448353401 4.44995568149 4.59748691839 5.03977019168 4.49902917756 4.6671554481 5.01853395853 5.33313829916 5.46676180575 6.20232625313 5.05114148848 4.78114413355 4.36542288345 4.27233382596 4.12341256876 4.03939737093 3.95740996639 3.88295584778
-999.999 -999.999 -999.999 -999.999 -999.999 -999.999 -999.999 -999.999 -999.999 -999.999 -999.999 -999.999 -999.999 -999.999 -999.999 -999.999 -999.999 -999.999 -999.999 -999.999 -999.999 4.34115901876 4.4943213672 4.64748371565 4.07888749804 4.23784161406 4.34754500531 4.45724839657 4.56695178783 4.67665517909 4.80448942295 4.6291715885 4.5818712548 4.45425822942 4.40016803342 4.37529998295 4.33305698377 4.369162986 4.52577195051 4.46888041579 4.45234182968 5.06155786585 5.14382140616 5.41077118571 5.47875554806 5.05494439037 4.69811014485 4.3388739054 4.08715385258 4.10734921204 4.02672156739 3.94609392274 3.80974723831
-999.999 -999.999 -999.999 -999.999 -999.999 -999.999 -999.999 -999.999 -999.999 -999.999 -999.999 -999.999 -999.999 -999.999 -999.999 -999.999 -999.999 -999.999 -999.999 -999.999 -999.999 4.12714317251 4.45822527969 4.61138762813 4.19665093749 4.20518945084 4.3148928421 4.42459623336 4.53429962462 4.64400301588 4.75370640714 4.58643222182 4.54832903049 4.49423883449 4.4401486385 4.42662506447 4.29502727254 4.24172886938 4.2904624431 4.34623603057 4.80132699217 5.09814307726 4.86559113028 4.89862786717 4.89003975435 4.80079443252 4.64498408727 4.06896411568 4.17716791155 4.28903031963 4.14913815826 3.97900876479 3.80887937132
-999.999 -999.999 -999.999 -999.999 -999.999 -999.999 -999.999 -999.999 -999.999 -999.999 -999.999 -999.999 -999.999 -999.999 -999.999 -999.999 -999.999 -999.999 -999.999 -999.999 -999.999 -999.999 4.42212919217 4.57529154062 4.33450220315 4.17040131799 4.28224067889 4.39194407015 4.50164746141 4.61135085267 4.72105424393 4.508519625 4.50182173649 4.49512384797 4.52790665457 4.70227651025 4.30618954019 4.20319990861 4.26567453472 4.54939154493 4.78477824214 4.87665781935 4.70385604567 4.58611643424 4.56280301423 4.78473445224 4.54660740778 4.37694147403 4.58844961058 4.38353985216 4.18844070955 3.96953315408 3.76910757968
-999.999 -999.999 -999.999 -999.999 -999.999 -999.999 -999.999 -999.999 -999.999 -999.999 -999.999 -999.999 -999.999 -999.999 -999.999 -999.999 -999.999 -999.999 -999.999 -999.999 -999.999 -999.999 4.38603310466 4.5391954531 4.47235346882 4.12121905516 4.24958851568 4.35929190694 4.4689952982 4.57869868946 4.68840208072 4.47845441092 4.34058070236 4.20571840512 4.29184942974 4.57384029146 4.30457351813 4.19289742406 4.09937508977 4.21845399403 4.5440200995 4.31693131604 4.21680466497 4.38068816994 4.48174628965 4.53393289267 4.52081026116 4.63545180664 4.46951688248 4.26011275079 4.08042251812 3.87875903353 3.67803601516
-999.999 -999.999 -999.999 -999.999 -999.999 -999.999 -999.999 -999.999 -999.999 -999.999 -999.999 -999.999 -999.999 -999.999 -999.999 -999.999 -999.999 -999.999 -999.999 -999.999 -999.999 -999.999 4.34993701715 4.50309936559 4.61020473448 4.07203679234 4.21693635247 4.32663974373 4.43634313499 4.54604652625 4.65574991751 4.04301217781 4.23764140616 4.13272920348 4.3174469124 4.43679289762 4.54516622594 4.49263693946 4.04412041926 3.92371233518 4.1175802768 4.1912431854 4.44677260157 4.3756086581 4.16608192395 4.76243190662 4.47650177299 4.49113308824 4.4222997892 4.22209175066 4.01260717549 3.84162798321 3.56577664482
-999.999 -999.999 -999.999 -999.999 -999.999 -999.999 -999.999 -999.999 -999.999 -999.999 -999.999 -999.999 -999.999 -999.999 -999.999 -999.999 -999.999 -999.999 -999.999 -999.999 -999.999 -999.999 4.19839402345 4.46700327807 4.62016562652 4.02285452952 4.18428418926 4.29398758052 4.40369097178 4.51339436304 4.6230977543 3.96051036911 4.12855200378 4.42616287207 4.46641952416 4.59605326737 4.47149725962 4.28232975266 4.10263201861 3.96209584248 4.05381244833 4.23692004801 4.51997457573 4.51362999928 4.46922608771 4.7347003202 4.49186533155 4.47498058669 4.47010978567 4.46770535875 4.15332089693 3.92067330591 3.7674467807
-999.999 -999.999 -999.999 -999.999 -999.999 -999.999 -999.999 -999.999 -999.999 -999.999 -999.999 -999.999 -999.999 -999.999 -999.999 -999.999 -999.999 -999.999 -999.999 -999.999 -999.999 -999.999 -999.999 4.43090719056 4.584069539 4.14600407764 4.15163202605 4.26133541731 4.37103880857 4.48074219983 4.59044559109 4.09129004068 4.12834752741 4.43373511917 4.43005838468 4.47066841808 4.43408031221 4.41632190063 4.13689833561 4.0300706186 4.06783591073 4.13820109727 4.30008677306 4.58626892584 4.59113573854 4.47842747177 4.39581101676 4.37978051307 4.45499696293 4.06882746482 4.16249056025 4.09647519385 3.91004051653
-999.999 -999.999 -999.999 -999.999 -999.999 -999.999 -999.999 -999.999 -999.999 -999.999 -999.999 -999.999 -999.999 -999.999 -999.999 -999.999 -999.999 -999.999 -999.999 -999.999 -999.999 -999.999 -999.999 4.39481110305 4.54797345149 4.2838553433 4.11436834947 4.2286832541 4.33838664536 4.44809003662 4.55779342788 4.18061029234 3.98340387586 4.04997694715 4.15961816367 4.23507526519 4.2446511265 4.32779201771 4.2083453573 4.17163995087 4.2136857558 4.23962368576 4.26556161571 4.56415134629 4.65314500958 4.44841159157 4.39030406658 4.46086505862 4.50008064294 4.08320080985 3.88821422535 3.84317952462 3.89260672903
-999.999 -999.999 -999.999 -999.999 -999.999 -999.999 -999.999 -999.999 -999.999 -999.999 -999.999 -999.999 -999.999 -999.999 -999.999 -999.999 -999.999 -999.999 -999.999 -999.999 -999.999 -999.999 -999.999 4.35871501553 4.51187736397 4.42170660897 4.06518608665 4.19603109089 4.30573448215 4.41543787341 4.52514126466 4.02395667324 3.94655161939 4.09323097476 3.89458388329 4.21914236304 4.38328364892 4.48599287565 4.32199422566 4.22165880179 4.2266832852 4.23290664261 4.2532844114 4.34692409963 4.43500173664 4.4453602877 4.45715967974 4.54189102789 4.41331870634 4.25239792254 3.987043927 3.78677809291 3.99836677657
-999.999 -999.999 -999.999 -999.999 -999.999 -999.999 -999.999 -999.999 -999.999 -999.999 -999.999 -999.999 -999.999 -999.999 -999.999 -999.999 -999.999 -999.999 -999.999 -999.999 -999.999 -999.999 -999.999 4.26964487438 4.47578127646 4.55955787463 4.01600382382 4.16337892768 4.27308231894 4.38278571019 4.49248910145 3.90357593917 4.05547041348 3.88567806903 3.98240925725 4.21146778516 4.45056659394 4.58324895193 4.46410549951 4.35914185994 4.29994189838 4.24074193683 4.18741755851 4.2067843092 4.41168182486 4.48502646935 4.4669332307 4.4470545962 4.45149963094 4.31238471787 4.2506087572 3.9993156079 3.82210343304
-999.999 -999.999 -999.999 -999.999 -999.999 -999.999 -999.999 -999.999 -999.999 -999.999 -999.999 -999.999 -999.999 -999.999 -999.999 -999.999 -999.999 -999.999 -999.999 -999.999 -999.999 -999.999 -999.999 -999.999 4.43968518895 4.59284753739 3.966821561 4.13072676446 4.24043015572 4.35013354698 4.45983693824 3.90525692948 4.16699597087 3.83719825262 3.97167184384 4.27854111423 4.03403036656 4.44759527016 4.47403810981 4.33938115141 4.24093288931 4.15361368095 4.09441371939 4.3102997993 4.61208080258 4.62809536084 4.5972005966 4.56288121053 4.43030205668 4.14311353069 3.91463104243 3.83632777089 3.77937669582
-999.999 -999.999 -999.999 -999.999 -999.999 -999.999 -999.999 -999.999 -999.999 -999.999 -999.999 -999.999 -999.999 -999.999 -999.999 -999.999 -999.999 -999.999 -999.999 -999.999 -999.999 -999.999 -999.999 -999.999 4.40358910143 4.55675144987 4.09535721779 4.09807460125 4.20777799251 4.31748138377 4.42718477503 3.90693791979 4.32764604107 3.88473108283 3.99695339608 3.82082434439 4.25047343201 4.27376380089 4.24057563597 4.22760777082 4.13532086002 4.08007951359 4.09466859135 4.26387808073 4.41743823642 4.52576888421 4.62154839661 4.48583263221 4.31729749464 4.05160310662 3.70813236402 3.80231866283 4.03687994953
-999.999 -999.999 -999.999 -999.999 -999.999 -999.999 -999.999 -999.999 -999.999 -999.999 -999.999 -999.999 -999.999 -999.999 -999.999 -999.999 -999.999 -999.999 -999.999 -999.999 -999.999 -999.999 -999.999 -999.999 4.36749301392 4.52065536236 4.23320848345 4.05833538095 4.1751258293 4.28482922056 4.39453261182 3.9086189101 4.5309422079 3.90321403161 4.01815089583 4.26211807159 4.22401182164 4.18755718682 4.151102552 4.14270250031 4.14198514132 4.1545309382 4.10365569345 4.2004981699 4.18206928768 4.27666995842 4.65494670585 4.41104844333 4.19445202332 4.03609172907 3.91437614755 3.73710334616 3.90489728304
