PyTrx/Examples/results/KR_velocity1/asciifiles/KR2_140509_120000.JPG_interpmap.txt
ncols 278
nrows 500
xllcorner 446960.0
yllcorner 8753660.0
cellsize 10.0
NODATA_value -999.999
[rows 240 to 263 of 500, columns 106 to 158 of 278]
7.04486305353 6.7430827795 6.44130250547 6.13952223145 5.95653399072 5.92716213596 5.8977902812 5.83070094013 5.63402237705 5.70217534313 5.53774174781 5.12718054179 5.4752633666 5.82334619141 6.11669064423 6.27482025906 6.60933243053 6.71738300193 6.48759298212 6.25780296231 5.95487884175 6.20888791425 5.9023064521 5.76480024532 5.52677544712 5.42927796394 5.72914192214 5.74109830103 5.73915493878 5.73721157652 5.73526821427 6.18795258998 5.61894666688 5.56671557781 5.18407173054 4.86554951856 5.11300305824 5.24912084045 4.76669186931 4.93911042491 5.11152898051 5.10117529446 5.07697110507 5.46829318991 5.55531946441 5.83863692063 6.12195437685 5.50816202516 5.30564191252 5.32912179084 5.35260166916 5.37608154749 5.39956142581
7.36685571629 7.05824319756 6.75008812035 6.44830784633 6.1465275723 6.07784841698 6.04504883701 5.74229058927 5.8454290544 6.02370627155 5.62180595853 5.05264698052 5.0179363164 5.36601914122 5.71410196603 6.21317858365 6.9370504696 6.69301146916 6.44897246872 6.20253504669 6.25065380802 6.42682951454 6.02064277975 5.78633283012 5.55202288049 5.31453330695 5.22069726357 5.47523186286 5.68948214108 5.89581508594 6.01512008142 5.68327550859 5.18877684438 5.34435297064 5.08383103256 5.63545210288 6.25695851605 6.47199501063 5.92532612504 5.37865723945 5.21027941746 5.60373032172 5.99718122598 6.33765040962 6.62096786584 6.28376781376 5.65056927345 5.40418849421 5.15780771496 5.17869346381 5.20217334213 5.22565322046 5.62056660869
7.69651085069 7.38344412445 7.07037739821 6.75731067197 6.44424394573 6.35774048853 6.07004318785 5.95510570888 6.16695998283 6.27502914725 5.70587016925 5.13671119124 4.56755221324 4.90869209102 5.25677491584 6.29523223293 6.81114160378 6.68688887443 6.59662586507 6.50636285571 6.60465936202 6.25415246189 5.95868782812 5.7243778785 5.49006792887 5.40743283872 5.30874387018 5.14078234891 5.20196062666 5.41229678263 5.18224869179 5.20765306617 6.02954883648 5.26002612485 5.59001677451 5.99461886001 6.34437328914 6.29571785137 5.74904896578 5.43978870029 5.93873260322 6.43767650614 6.93662040907 7.40329881105 6.35993839427 5.79297652175 5.54659574251 5.30021496326 5.05383418402 5.02826513678 5.0517450151 5.69747192841 6.52694024859
7.88634297639 7.57327625015 7.26020952391 6.88002637858 6.46106011042 6.49694796439 6.20925066371 6.30086460588 6.47900537532 6.35909335797 5.78993437997 5.22077540196 4.65161642396 4.45136504083 5.01798622883 6.24528198873 6.88971885524 7.09562775443 7.00536474507 6.91510173571 6.77811793756 6.18918364898 5.8967328765 5.79526047285 5.71825448643 5.64124850002 5.54023696788 5.37227544661 5.20431392534 5.23809874297 5.47448117848 5.72198082341 5.66856926204 5.53901825152 5.72274600229 6.06098119863 6.33857922344 6.1194406921 5.63596381651 6.13490771944 6.63385162236 7.13279552529 7.11425901729 6.61032904994 6.03035611174 5.73084636289 5.44262221156 5.19624143231 4.94986065307 4.94490892796 5.77437724813 6.60384556831 7.43331388848
7.8504590953 7.76310837586 7.01290611157 6.69657443421 6.64500065275 6.63615544026 6.47879478062 6.65323028654 6.70007698168 6.29523260118 5.76544498836 5.23565737555 4.70586976274 4.16652165667 4.91134379493 5.87597494125 6.44568490082 7.01539486039 7.41410362507 7.32531079205 6.90231614303 6.36080098255 5.97046036526 5.98314126712 5.95207014773 5.87506416132 5.77173006558 5.70118661721 5.8231149318 5.94504324639 6.02348476776 6.37022230675 6.07882407151 5.93389026946 5.81644940472 6.05518713294 6.33278515775 5.94316353283 6.33108283566 6.79506292718 6.76733340693 6.73960388668 6.71187436644 5.7480214204 6.29483259131 5.99532284245 5.6958130936 5.39630334474 5.09679359589 5.4547417585 6.19015957108 7.10145771326 8.01275585543
7.52349339369 7.4739526591 6.93208875799 6.88051497654 6.82894119508 6.77536291612 6.83116046128 6.69570063652 6.46952891193 6.05079141068 5.52100379787 4.99121618506 4.67671339176 4.60691901468 4.67157081341 5.43194098683 6.0016509464 6.57136090597 7.15949646872 7.59051656688 7.1289056498 6.6128398526 6.02606753454 5.90451266948 5.9242746085 5.94403654751 6.02288379232 6.07723268853 6.12687218831 6.24391601502 6.41052025756 6.51568346663 6.38407130627 6.21853426172 6.10106753915 6.13332311087 6.31355525916 6.44813731682 6.42040779657 6.39267827632 6.36494875608 6.33721923583 6.20053426817 6.41503332957 6.55930907087 6.25979932202 5.96028957316 5.66077982431 5.72868641027 6.12628306585 6.52387972143 7.00876932651 7.7512599325
6.98217361756 7.15832437728 6.68876497519 6.78566934718 6.88257371917 6.91749601597 6.69132429137 6.46515256677 6.23898084218 5.80635022019 5.39443869299 5.32464431591 5.23999098107 5.10082333746 4.98033523782 5.31066643187 5.94135041733 6.57203440278 7.20271838824 7.45925933439 6.9732459097 6.41689919433 5.89242404204 5.89326614436 5.91302808338 6.00544660537 6.10157112788 6.19769565038 6.29205003765 6.40381995373 6.51384326701 6.61373589422 6.66871529853 6.50317825398 6.38568567357 6.41794124529 6.25285470385 6.04575266596 6.01802314572 5.99029362547 5.96256410522 5.93483458498 5.33822663864 7.08874149351 6.82378555044 6.52427580158 6.22476605273 6.00263106204 6.40022771762 6.7978243732 7.19542102878 7.44096873032 7.23430382174
6.43924334003 6.61539409975 6.66188212398 7.0009200488 7.48899699617 7.15923076713 6.67279218205 6.35425440171 6.0774866091 5.93819486339 5.79902721978 5.65985957617 5.52233741801 5.38921057194 5.32530919227 5.35388835139 5.98457233684 6.6152563223 7.24594030775 7.26564131277 7.22075626947 6.35597525253 5.8992603264 5.89871513832 6.00637136093 6.11144871032 6.21652605971 6.31488260959 6.3971196499 6.50714296318 6.61238974699 6.71178832181 6.81118689663 6.78782224624 6.670303808 6.67454157309 6.29065609946 5.74645926915 5.61563849487 5.58790897462 5.56017945437 5.53244993413 5.82966745541 7.72832441822 7.1204232227 6.78875228115 6.4892425323 6.67417236939 7.07176902497 7.46936568055 7.48769626186 7.4236220173 7.20155786928
6.14652775207 6.29580086129 6.63504189757 6.99002780433 7.0237176607 6.85189378804 6.68006991539 6.52834904749 6.43572774035 6.21889581489 6.07972817128 5.94570241862 5.81257557255 5.71914869754 5.67028314673 5.62141759592 6.02779425636 6.65847824181 7.11690833446 7.07202329116 7.02713824785 6.66066156783 5.91876979159 6.03514587205 6.15688830964 6.26196565903 6.36704300842 6.38787098629 6.49986508086 6.61046597262 6.71044217459 6.8098407494 6.90923932422 7.00863789904 6.95492194243 6.79869031339 6.32845749508 5.78426066477 5.24006383445 5.18552432377 5.15779480352 4.92843185687 6.50337561935 8.02724390725 7.41934271174 7.05322876072 6.94811702116 7.34571367674 7.59849803795 7.5344237934 7.47034954884 7.40627530428 7.16881191682
5.87174944197 6.08194516757 6.46533944574 6.82809002011 7.19267988943 7.18729391196 7.01547003931 6.89644317807 6.70382430352 6.50219426529 6.36906741922 6.23594057316 6.1129882028 6.06412265199 6.01525710118 5.96639155037 6.07101617587 6.70170016133 6.92329031284 6.87840526954 6.83352022623 6.82537662593 6.0432975474 6.17157660578 6.29985566416 6.41248260774 6.37820542308 6.49019951765 6.60219361221 6.53755675868 6.63312029085 6.72868382302 6.82424735519 6.91981088736 7.13699463293 6.910455721 6.36625889069 5.82206206038 5.27786523007 4.78313967291 4.75541015267 5.24430158125 7.17708378329 8.32616339629 7.71826220077 7.31770524028 7.61965832851 7.64522556949 7.58115132494 7.51707708038 7.45300283582 7.38892859126 7.13606596436
5.68336353646 5.89854337766 6.302272775 6.67186392553 7.04035336501 7.3953418642 7.35087016322 7.1834190704 6.97038213647 6.79068915172 6.65930557376 6.5261787277 6.45796215725 6.40909660644 6.36023105563 6.31136550482 6.26249995401 6.74492208084 6.72967229123 6.81075054304 6.99538447462 6.73194457867 6.13768042788 6.28075468793 6.42382894797 6.55418371973 6.47759948166 6.55983590409 6.45756618434 6.33544897613 6.0192752091 6.11483874127 6.21040227344 6.30596580561 6.80709270166 6.94825711662 6.40406028631 5.859863456 5.31566662569 4.77146979537 4.35302550181 5.91800974519 7.85079194723 8.62508288533 8.01718168981 7.75602734559 7.69195310103 7.62787885647 7.56380461192 7.49973036736 7.4356561228 7.37158187824 7.1033200119
5.56112719654 5.68112651387 6.08344920124 6.48577188861 6.88522898148 7.24258353497 7.62599355628 7.89641266451 7.9375957287 7.35130714191 6.9495437283 6.85180166252 6.80293611171 6.7540705609 6.70520501009 6.65633945928 6.60747390847 6.66063361999 6.93728459957 7.16539232332 6.90195242736 6.63851253141 6.22977667846 6.37285093851 6.42776977107 6.46280903423 6.44810154031 6.34583182056 6.50152939281 6.18471968893 5.7782723648 5.50099365951 5.59655719169 5.69212072386 6.35211695868 6.67784192158 6.13264014031 5.57986017331 5.02708020631 4.47430023931 4.81251323451 6.99714659594 8.04583464857 8.33722880774 8.0780795799 7.87620137784 8.20364244894 7.61053214346 7.5464578989 7.48238365434 7.41830940978 7.35423516522 7.07815024112
5.75621175651 5.78086454796 5.89708461562 6.28358124167 6.68641338792 7.05479470437 7.55840289767 8.16362397855 8.26619910444 7.75354068634 7.22593383668 7.06530164974 6.99542635441 6.92555105908 6.85567576375 6.78580046842 6.71592517309 6.98922136687 7.28650967816 7.24208216961 6.99529043984 6.74849871008 6.50170698032 6.55367707323 6.67170009943 6.78972312564 6.94215382065 6.13182773702 6.44043772585 6.03399040173 5.6275430776 5.22109575348 4.98271210993 5.07827564211 5.62446386821 5.74912018886 5.6739875194 5.1212075524 4.5684275854 4.78921475238 5.3794118972 6.56988586434 6.49986636663 6.91532840015 7.39747163659 7.7693779671 8.0968190382 8.4242601093 8.71458782964 7.62711748964 7.40096269676 7.3368884522 7.2338148452
6.04848504822 6.07225824174 6.099827103 6.25748976648 6.48898256573 6.88559115817 7.49081223906 8.04068806415 8.10679854876 7.74223182162 7.29388112186 7.13862967415 7.07939613901 7.00952084368 6.93964554835 6.86977025302 6.98646251016 7.28632677582 7.16311728777 7.48908649087 7.45127312834 7.20448139858 6.95768966882 6.50554531216 6.61573994316 7.13781556117 7.41931162211 5.91782365348 6.28970843865 5.88326111452 5.4768137904 5.07036646628 4.66391914215 4.50411742311 4.69574213549 4.82039845614 4.9450547768 4.66255493149 4.7367654291 5.10635851418 6.36375655708 5.56688799084 5.01128475612 6.0512400117 7.30445835085 6.11196887244 6.33918001941 7.21923295169 8.09928588397 8.97231884076 9.14218730862 7.85900607254 7.46154705279
6.339878742 6.36365193551 6.38742512903 6.46023225387 6.61789491735 6.75711147848 7.27514364142 7.81802962553 7.81761280904 7.46319213971 7.36182840704 7.16346007975 7.16336592361 7.09349062828 7.02361533295 6.98370365345 7.28614387349 7.07931713147 7.05589237184 7.32292614387 7.86996719928 7.66046408708 7.41367235732 6.99801783599 6.47083750482 6.68742988755 7.20476706094 6.63355764254 6.12068036529 5.71053210078 5.30038383627 4.89023557176 4.56053630888 4.31277921759 4.75040834916 4.78834882896 4.73066124586 4.66196290141 4.83330513116 5.20289821624 5.46224956445 4.98065550951 5.09037110228 6.52688348006 6.43394800821 5.01005284565 3.95510504289 4.98514305197 6.01518106104 7.04521907012 8.0752570792 9.26851566814 7.85703777368
6.63127243577 6.65504562929 6.6788188228 6.70259201631 6.82063740473 6.95031559534 7.06596859714 7.5953711869 7.48287528973 7.23995777285 6.92516789117 7.18829048535 7.21360334044 7.17746041287 7.10758511754 7.28596097115 7.02139609818 6.97209221555 6.94866745592 7.15676579687 7.70380685228 8.11644677558 7.86965504582 7.49049035981 6.96331002864 6.53287955 6.91204069931 6.56655241325 5.91573289369 5.50558462918 5.18643336256 4.93867627127 4.69091917997 4.44316208868 4.76659402348 5.20594110795 5.64528819242 5.57456615256 5.45850561715 5.34244508175 5.30951600196 5.25377100785 5.30862675813 6.14992436274 5.56415876134 4.16025590238 4.81413992719 4.01221534898 4.79136866358 5.82140667265 6.90231082149 8.14680328792 8.3424581819
6.79375669818 6.85749829252 6.92123988685 6.98498148119 7.02337989212 7.14351971219 7.259172714 7.37237920828 7.19009294854 6.96916782859 7.07310411994 7.19546011843 7.23554689492 7.26143019747 7.28577806881 7.02121319585 6.88829205926 6.86486729962 6.84144253999 6.99060544987 7.53764650528 8.08468756068 8.32563773432 7.98296288363 7.36186907732 6.58061768368 6.61931433769 6.46402368423 5.96590303376 5.61211822226 5.31681623365 5.06905914235 4.82130205106 4.57354495977 4.78277969779 5.22212678227 5.54735472575 5.4862393408 5.37017880539 5.62024703735 5.57242364129 5.47804834808 5.29836456381 5.0397466455 4.71436181808 4.51602942528 5.44718457652 4.8761221779 4.07419759969 4.59759427518 5.78059844127 7.02509090769 8.26958337412
6.88366721456 6.9474088089 7.01115040324 7.00232769571 6.88730122698 7.17542146434 7.28025991289 7.31924600609 6.92495148926 6.69837788432 7.15258725926 7.19267403575 7.23276081224 7.37394362645 7.02103029351 6.80449190296 6.78106714333 6.7576423837 6.73421762407 6.82444510287 7.37148615827 7.91852721368 8.46556826909 8.47543540746 7.73269402769 6.89539166964 6.57335534829 6.48232706309 6.5468488098 6.39247788271 5.90929995233 5.42612202195 4.95168492215 4.70392783085 4.79896537211 5.13057411244 5.44118931918 5.39791252904 5.62182030923 5.87750458328 5.82968118722 5.56286172484 5.25789146861 4.62654582766 4.20102272038 5.13849401027 6.06964916152 5.74002900682 4.93810442861 4.58555718662 5.05521578331 5.8393723705 7.11688145452
6.97357773095 7.01010065043 6.88890103573 6.76770142103 6.70491985634 7.10655656432 7.29184078274 7.2661128039 7.02282774997 6.91920763101 7.14980117658 7.3558418025 7.59514416977 7.53936483138 6.95658273887 6.66785018841 6.67384222741 6.65041746778 6.62699270815 6.65828475587 7.20532581127 7.75236686668 8.26572606965 8.66145466903 7.90096252014 8.2504410506 7.4617159131 6.78173878968 6.89859931798 6.98880234239 6.68965961278 6.2064816824 5.72330375202 5.2133771738 4.72473747533 5.02440870587 5.33502391261 5.50570277235 6.05387898488 6.13476212921 6.02741197208 5.65274361365 5.21741837341 4.63703245077 4.81873311741 5.50314149927 6.55390198918 6.96361690645 6.92609927476 6.63362499014 6.86164244004 6.88732533981 6.78884031192
6.89667399045 6.77547437575 6.65427476105 6.53307514635 6.52253848569 6.94382848629 7.24087133417 7.30961225602 7.2631907579 7.24126410687 7.57704234582 7.81634471309 8.05564708036 7.50523010196 6.69376131112 6.36088144211 6.39586004098 6.43083863986 6.46581723873 6.49634303259 6.89966568226 7.29539428165 7.69112288103 8.08685148041 7.77334467731 7.47912686468 7.81750712771 7.08812904014 7.21002804143 7.33192704272 7.43075587497 6.98684134285 6.30474663964 5.47819789159 4.66152235822 4.95579266726 5.55570423927 5.93776144799 6.4398430712 6.34679328466 6.22401935038 5.74262550245 5.17694527821 5.32943859149 5.51113925813 5.75449978824 6.79712743009 7.03281279521 7.12818284271 7.13150248007 7.15796514263 7.30005036717 7.31626936087
6.66204771576 6.54084810107 6.41964848637 6.29844887167 6.34015711505 6.76144711564 7.14472958007 7.26897298449 7.63963457433 7.50002388416 7.65828622414 8.10303404562 7.89333231445 7.07550456683 6.26338667518 6.28503632913 6.51561466413 6.74619299913 6.97677133414 7.04269698036 6.89374733496 6.74479768956 7.11651969241 7.51224829179 7.55745862986 7.38403976941 7.53710528048 7.39444690862 7.51634590991 7.52853596114 7.57350084098 7.3961975706 6.64617057962 5.75117538096 5.12463437434 5.74563101661 6.253564878 6.55356879511 6.6295229968 6.54340066296 6.42062672868 5.52264946635 5.28515819342 5.70961839078 6.13407858815 6.3852460655 6.90961237143 7.05336117704 6.99844255231 6.94352392758 6.93887446655 7.08095969109 7.22304491563
6.42742144108 6.30622182638 6.18502221168 6.06382259699 6.1577757444 6.579065745 6.89760040797 7.12603840305 8.23445170606 7.73603810058 7.55315093312 7.47716852456 7.07454769773 6.69175978607 6.30897187441 6.56841634694 7.09854009716 7.48097215493 7.71155048993 7.6046705307 7.4557208853 7.3067712399 7.1578215945 7.0088719491 7.33337370256 7.28895267415 7.43905289863 7.12380816856 6.52185229483 7.15613411216 8.02825256413 7.77961200176 6.64468983406 6.67524985009 6.70580986612 6.65142159962 6.69845705458 6.73615028146 6.47168806382 5.98475751466 5.58584246768 4.92404728948 4.84948232741 5.27394252478 5.69840272214 6.27781501021 6.99555794447 6.92003532498 6.81046399982 6.75554537509 6.71978379048 6.86186901502 7.00305184032
6.4629910815 6.15995463128 5.950395937 5.8291963223 5.97539437376 6.27226444484 6.65716947945 6.90845986962 7.36079721985 7.38377109843 7.5267099362 7.58190828409 7.12013289696 6.7373449853 6.35455707364 6.76321815592 7.29334190615 7.82346565638 8.07868049379 7.90352994438 7.72837939497 7.55322884556 7.37807829616 7.20292774675 7.0470040004 7.04255276504 7.09877023703 6.34940589567 6.73876738335 7.61088583531 8.48300428728 8.04566137763 6.67805691168 6.16804873407 6.1986087501 6.47163780188 6.76136373571 6.79905696259 6.42340737005 5.9501490444 5.59780993329 4.52876210478 4.41380646141 4.83826665877 5.56135144244 6.34020053579 7.06354084215 6.91823733775 6.77293383335 6.62763032895 6.51264819786 6.63783417753 6.77163153569
6.58046574089 6.27742929067 5.97439284045 5.67135639024 6.29704506379 7.15821810254 7.23308148693 7.31619694957 7.4554912251 7.51638148883 7.53183488994 7.65731775456 7.30602234276 6.78293018452 6.42789621468 6.95801996491 7.48814371514 7.85684759902 7.9485881276 7.66686565825 7.49171510884 7.31656455944 7.14171960937 7.00141627802 6.87648793726 6.884268732 6.44874367328 7.79190024037 7.90497199278 8.33370214888 8.93775601043 8.10959673511 6.74199226916 5.66084761806 5.64088720877 5.73880486886 6.82427041685 6.86196364373 6.37512667627 6.12795261053 5.90705440864 4.99574013052 4.07436792017 4.84488787466 5.62373696801 6.40258606136 7.06174285492 6.91643935052 6.79929533399 6.74132600331 6.68335667263 7.361397952 8.42106472852
