PyTrx/Examples/results/KR_velocity1/asciifiles/KR2_20140703_180000.JPG_interpmap.txt
ncols 365
nrows 436
xllcorner 447270.0
yllcorner 8754310.0
cellsize 10.0
NODATA_value -999.999
[rows 168 to 188 of 436, columns 0 to 47 of 365]
-999.999 -999.999 -999.999 -999.999 -999.999 -999.999 -999.999 -999.999 -999.999 -999.999 -999.999 -999.999 -999.999 -999.999 -999.999 -999.999 -999.999 -999.999 -999.999 -999.999 -999.999 -999.999 12.25030027183488 24.031040352285927 25.723409122827047 24.950149380625373 23.70271055041433 21.558678391880974 19.414646233347618 17.270614074814254 15.126581916280902 12.982549757747542 10.862345843411982 8.967035748155253 8.55585168388225 8.44506219938911 8.45417598935785 8.46328977932659 8.472403569295333 8.51121397670738 8.579481919517566 8.647749862327748 8.716017805137934 8.82993992382683 8.725325791570011 8.420133650427093 9.754334747601472 8.77428836701056
-999.999 -999.999 -999.999 -999.999 -999.999 -999.999 -999.999 -999.999 -999.999 -999.999 -999.999 -999.999 -999.999 -999.999 -999.999 -999.999 -999.999 -999.999 -999.999 -999.999 -999.999 -999.999 15.123818636405883 26.90455871685693 26.24593425557938 25.478667450661213 23.414879180973433 21.270847022440073 19.126814863906716 16.98278270537336 14.838750546840007 12.873732823214775 10.978422727958044 9.08311263270131 8.868545532595043 8.731539523956307 8.594533515317572 8.49848839882284 8.507602188791582 8.55795902674127 8.626226969551455 8.694494912361641 8.762762855171824 8.809014977796524 9.701400675282045 11.521359646098926 10.14962650666514 8.777893367231353
-999.999 -999.999 -999.999 -999.999 -999.999 -999.999 -999.999 -999.999 -999.999 -999.999 -999.999 -999.999 -999.999 -999.999 -999.999 -999.999 -999.999 -999.999 -999.999 -999.999 -999.999 -999.999 17.997337000976888 29.778077081427934 26.772237431304344 25.271079970065895 23.12704781153254 20.983015652999185 18.83898349446583 16.7804298982743 14.885119803017572 12.989809707760834 11.094499612504103 9.199189517247373 9.094610482053298 9.044233372669101 8.907227364030366 8.770221355391632 8.633215346752896 8.575200676352196 8.641837532546978 8.70847438874176 8.775111244936541 14.268430925187293 12.896697785753505 11.52496464631972 10.153231506885934 8.781498367452148
-999.999 -999.999 -999.999 -999.999 -999.999 -999.999 -999.999 -999.999 -999.999 -999.999 -999.999 -999.999 -999.999 -999.999 -999.999 -999.999 -999.999 -999.999 -999.999 -999.999 -999.999 9.090115285096843 20.87085536554789 28.070545362285365 27.127280759158356 24.983248600625 22.83921644209164 20.695184283558284 18.791816878077093 16.89650678282036 15.001196687563628 13.105886592306891 11.21057649705016 9.315266401793433 9.309850497366316 9.356927221381893 9.21992121274316 9.082915204104426 8.961250262618123 8.871955199835426 8.78266013705273 8.693365074270032 10.820044372058998 13.978216249668586 12.9003027859743 11.528569646540515 10.156836507106728 8.785103367672942
-999.999 -999.999 -999.999 -999.999 -999.999 -999.999 -999.999 -999.999 -999.999 -999.999 -999.999 -999.999 -999.999 -999.999 -999.999 -999.999 -999.999 -999.999 -999.999 -999.999 -999.999 11.963633649667846 23.744373730118895 28.594325481983315 26.839449389717462 24.695417231184106 22.69851395313661 20.803203857879883 18.907893762623154 17.012583667366417 15.117273572109687 13.221963476852956 11.32665338159622 9.431343286339493 9.525090512679334 9.639517230086149 9.532615061455951 9.395609052817218 9.292228767088648 9.202933704305952 9.10164859172222 8.736847095894083 8.562900386012378 11.213991741601985 12.903907786195095 11.532174646761309 10.160441507327523 8.788708367893737
-999.999 -999.999 -999.999 -999.999 -999.999 -999.999 -999.999 -999.999 -999.999 -999.999 -999.999 -999.999 -999.999 -999.999 -999.999 -999.999 -999.999 -999.999 -999.999 -999.999 -999.999 14.83715201423885 26.617892094689896 28.695650178809927 26.605211028196138 24.7099009329394 22.814590837682672 20.919280742425943 19.02397064716921 17.12866055191248 15.233350456655746 13.338040361399017 11.442730266142284 9.625903810585537 9.740330527992352 9.854757245399167 9.845308910168743 9.71250233434187 9.623207271559174 9.43205445508123 9.067252959253093 8.702451463424957 8.519682551915073 8.449767233535384 11.60793911114497 11.535779646982101 10.164046507548317 8.792313368114531
-999.999 -999.999 -999.999 -999.999 -999.999 -999.999 -999.999 -999.999 -999.999 -999.999 -999.999 -999.999 -999.999 -999.999 -999.999 -999.999 -999.999 -999.999 -999.999 -999.999 -999.999 17.71067037880985 29.491410459260898 28.61659800799893 26.721287912742195 24.825977817485466 22.930667722228737 21.035357626972 19.14004753171527 17.24473743645854 15.34942734120181 13.454117245945076 11.558807150688342 9.841143825898556 9.95557054330537 10.069997260712185 10.158002758881537 10.043480838812396 9.76246031844024 9.397658822612103 9.032857326783967 8.66805583095583 8.47646471781777 8.398342681096528 8.843714603078366 11.539384647202898 10.16765150776911 8.795918368335325
-999.999 -999.999 -999.999 -999.999 -999.999 -999.999 -999.999 -999.999 -999.999 -999.999 -999.999 -999.999 -999.999 -999.999 -999.999 -999.999 -999.999 -999.999 -999.999 -999.999 8.80344866292981 20.584188743380853 30.286957181535985 29.364498018864218 27.106827836324584 24.94205470203153 23.046744606774794 21.15143451151806 19.25612441626133 17.3608143210046 15.465504225747868 13.570194130491135 11.674884035234403 10.056383841211574 10.170810558618388 10.285237276025203 10.399663993432021 10.09286618179925 9.728064685971114 9.363263190142977 8.99846169431484 8.633660198486703 8.433246883720464 8.355124846999223 8.277002810277983 9.23766197262135 10.171256507989904 8.799523368556118
-999.999 -999.999 -999.999 -999.999 -999.999 -999.999 -999.999 -999.999 -999.999 -999.999 -999.999 -999.999 -999.999 -999.999 -999.999 -999.999 -999.999 -999.999 -999.999 -999.999 11.676967027500814 23.457707107951858 30.29538394490391 30.51464057063904 28.256970388099404 25.999300205559777 23.741630023020143 21.483959840480512 19.372201300807394 17.47689120555066 15.581581110293927 13.686271015037196 11.790960919780463 10.271623856524592 10.386050573931408 10.443071517679266 10.215882514142587 9.98869351060591 9.693669053501987 9.328867557673851 8.964066061845713 8.599264566017576 8.390029049623157 8.311907012901917 8.23378497618068 8.15566293945944 9.631609342164339 8.803128368776912
-999.999 -999.999 -999.999 -999.999 -999.999 -999.999 -999.999 -999.999 -999.999 -999.999 -999.999 -999.999 -999.999 -999.999 -999.999 -999.999 -999.999 -999.999 -999.999 -999.999 14.550485392071817 26.33122547252286 30.303810708271854 31.664783122413855 29.407112939874224 27.14944275733459 24.891772574794963 22.634102392255325 20.376432209715695 18.118762027176064 15.861091844636434 13.802347899583257 11.907037804326523 10.48686387183761 10.484733985238076 10.257544981701397 10.030355978164717 9.803166974628038 9.575977971091358 9.294471925204723 8.929670429376587 8.56486893354845 8.346811215525852 8.268689178804614 8.190567142083372 8.112445105362132 8.034323068640893 8.806733368997707
-999.999 -999.999 -999.999 -999.999 -999.999 -999.999 -999.999 -999.999 -999.999 -999.999 -999.999 -999.999 -999.999 -999.999 -999.999 -999.999 -999.999 -999.999 -999.999 -999.999 17.42400375664282 29.204743837093865 30.312237471639783 32.25927308096428 30.557255491649045 28.29958530910941 26.04191512656978 23.78424494403015 21.526574761490515 19.268904578950885 17.01123439641125 14.753564213871623 12.328959603872855 10.531464036420825 10.299207449260205 10.072018445723526 9.844829442186846 9.617640438650167 9.390451435113489 9.163262431576808 8.89527479690746 8.530473301079324 8.303593381428547 8.225471344707309 8.147349307986067 8.069227271264829 7.991105234543588 7.9129831978223475
-999.999 -999.999 -999.999 -999.999 -999.999 -999.999 -999.999 -999.999 -999.999 -999.999 -999.999 -999.999 -999.999 -999.999 -999.999 -999.999 -999.999 -999.999 -999.999 8.516782040762775 20.297522121213824 28.418983304695942 30.32066423500773 32.26769984433222 31.70739804342387 29.388478531887568 26.861440392797704 24.33440225370784 21.807364114617975 19.28032597552811 16.753287836438247 14.226249697348383 11.699211558258517 10.48174195541342 10.146354616523404 9.911594817236145 9.676835017948887 9.442075218661628 9.20731541937437 8.977735895598938 8.750546892062259 8.496077668610196 8.260375547331243 8.182253510610002 8.104131473888762 8.026009437167522 7.9008724222722275 7.72366721459119
-999.999 -999.999 -999.999 -999.999 -999.999 -999.999 -999.999 -999.999 -999.999 -999.999 -999.999 -999.999 -999.999 -999.999 -999.999 -999.999 -999.999 -999.999 -999.999 11.390300405333779 23.171040485784825 28.382055389051207 30.32909099837568 32.276126607700164 31.18105561018441 28.704565957038817 26.23169234718337 23.704654208093505 21.17761606900364 18.650577929913773 16.12353979082391 13.596501651734043 11.546135625872738 10.582102255664449 9.99600499591324 9.761245196625982 9.526485397338721 9.291725598051464 9.056965798764205 8.822205999476946 8.587446200189687 8.352686400902428 8.245627291311983 8.093734878940548 7.97586754409067 7.858000209240794 7.740132874390916 7.635471209274867
-999.999 -999.999 -999.999 -999.999 -999.999 -999.999 -999.999 -999.999 -999.999 -999.999 -999.999 -999.999 -999.999 -999.999 -999.999 -999.999 -999.999 -999.999 -999.999 14.263818769904784 26.04455885035583 28.390482152419132 30.3375177617436 32.23495103484954 30.719098592607708 27.844977265924555 25.40218995072991 22.959402635535255 20.516615320340613 18.020829884299435 15.49379174520957 12.966753606119704 11.646495926123766 10.682462555915478 9.845655375303078 9.61089557601582 9.37613577672856 9.1413759774413 8.906616178154042 8.671856378866783 8.437096579579524 8.512054529150285 8.432972566204251 8.26027570963097 8.087578853057689 7.91488199648441 7.74218513991113 7.737883808717612
-999.999 -999.999 -999.999 -999.999 -999.999 -999.999 -999.999 -999.999 -999.999 -999.999 -999.999 -999.999 -999.999 -999.999 -999.999 -999.999 -999.999 -999.999 -999.999 17.137337134475786 27.86879179700287 28.398908915787075 30.34594452511155 31.388227633655234 30.07882866148097 27.28916344279808 24.542601259615648 22.099813944421 19.65702662922635 17.21423931403171 14.771451998837062 12.710889596583087 11.746856226374797 10.782822856166506 9.818789485958217 9.460545955405657 9.225786156118396 8.991026356831137 8.756266557543878 8.574871712259359 8.657162160577805 8.739452608896247 8.620317841096517 8.447620984523237 8.274924127949957 8.102227271376679 8.032440885304762 8.105912075970673
-999.999 -999.999 -999.999 -999.999 -999.999 -999.999 -999.999 -999.999 -999.999 -999.999 -999.999 -999.999 -999.999 -999.999 -999.999 -999.999 -999.999 -999.999 8.23011541859574 20.010855499046787 27.071493545522117 28.407335679155015 30.354371288479484 30.541504232460934 29.232105260286662 26.82720642522138 23.85922829298846 21.24022525330674 18.79743793811209 16.354650622917447 13.9118633077228 12.467413448653577 11.756281629610871 10.883183156417534 9.919149786209246 9.310196334795492 9.075436535508235 8.840676736220974 8.719979343686875 8.80226979200532 8.884560240323765 8.96685068864221 8.807663115988785 8.634966259415505 8.502578402526224 8.454044631478897 8.405510860431571 8.473940343223735
-999.999 -999.999 -999.999 -999.999 -999.999 -999.999 -999.999 -999.999 -999.999 -999.999 -999.999 -999.999 -999.999 -999.999 -999.999 -999.999 -999.999 -999.999 11.103633783166746 22.884373863617792 26.468726833198474 28.415762442522954 30.362798051847424 29.694780831266623 28.38538185909235 26.36524940764468 23.397271275411757 20.429293143178832 17.937849246997832 15.495061931803182 13.052274616608535 12.213450803826696 11.50231898478399 10.791187165741281 10.019510086460276 9.159846714185328 8.92508691489807 8.865086975114393 8.947377423432837 9.029667871751283 9.111958320069727 9.16770524745433 8.99500839088105 8.92418214870036 8.875648377653034 8.827114606605708 8.778580835558383 8.841968610476796
-999.999 -999.999 -999.999 -999.999 -999.999 -999.999 -999.999 -999.999 -999.999 -999.999 -999.999 -999.999 -999.999 -999.999 -999.999 -999.999 -999.999 -999.999 13.977152147737748 25.757892228188794 26.477153596566417 28.4241892058909 30.157456402246588 28.848057430072316 27.538658457898052 25.903292390067982 22.93531425783506 19.967336125602138 17.078260555883574 14.635473240688926 12.67061997804252 11.959488158999813 11.248356339957107 10.5372245209144 9.826092701871692 9.114960882828985 9.01019460654191 9.092485054860354 9.176252787170807 9.267202416025405 9.358152044880006 9.394319665921824 9.345785894874497 9.297252123827171 9.248718352779843 9.200184581732518 9.15165081068519 9.209996877729857
-999.999 -999.999 -999.999 -999.999 -999.999 -999.999 -999.999 -999.999 -999.999 -999.999 -999.999 -999.999 -999.999 -999.999 -999.999 -999.999 -999.999 -999.999 16.850670512308795 26.521302037829035 26.485580359934353 28.43261596925884 29.31073300105228 28.001334028878016 26.691935056703745 25.382536084529484 22.473357240258355 19.505379108025434 16.537400975792508 13.775884549574661 12.416657333215639 11.705525514172932 11.022115682242244 10.396893287523994 9.771670892805744 9.146448498087492 9.83526757374248 9.92621720259708 10.01716683145168 10.10811646030628 10.199066089160882 10.098053819481354 9.941002814566525 9.783951809651695 9.626900804736866 9.573254556859327 9.524720785812 9.578025144982918
-999.999 -999.999 -999.999 -999.999 -999.999 -999.999 -999.999 -999.999 -999.999 -999.999 -999.999 -999.999 -999.999 -999.999 -999.999 -999.999 -999.999 7.943448796428752 19.7241888768798 25.72400378634827 26.494007123302303 28.441042732626784 28.464009599857977 27.154610627683713 25.845211655509445 24.53581268333518 22.011400222681658 19.043422090448736 16.07544395821581 13.107465825982882 12.33402403656483 11.708801641846582 11.083579247128332 10.45835685241008 9.83313445769183 9.20791206297358 10.056753987428532 10.767131246877954 10.858080875732554 10.949030504587155 10.97231632119028 10.81526531627545 10.65821431136062 10.50116330644579 10.344112301530963 10.187061296616132 10.030010291701302 9.656168520591736
-999.999 -999.999 -999.999 -999.999 -999.999 -999.999 -999.999 -999.999 -999.999 -999.999 -999.999 -999.999 -999.999 -999.999 -999.999 -999.999 -999.999 10.816967160999756 22.597707241450802 24.926705534867523 26.502433886670243 28.449469495994723 27.61728619866367 26.307887226489406 24.998488254315138 23.68908928214087 21.549443205104957 18.581465072872035 15.61348694063911 12.888316625462068 12.26466137321302 11.726608470384505 11.145042812014417 10.519820417296167 9.894598022577917 9.29392393395383 10.239617296750605 11.18531065954738 11.698994920013428 11.789944548868029 11.689527817984374 11.532476813069545 11.375425808154715 11.185383298496426 10.78954555395745 10.393707809418473 9.997870064879496 9.314982104582134
