PyTrx/Examples/results/KR_velocity1/asciifiles/KR2_20140703_180000.JPG_interpmap.txt
ncols 365
nrows 436
xllcorner 447270.0
yllcorner 8754310.0
cellsize 10.0
NODATA_value -999.999
[rows 357 to 377 of 436, columns 288 to 335 of 365]
4.344974593499195 4.367920937905632 4.39086728231207 4.4138136267185075 4.436759971124944 4.459706315531381 4.5145299246604855 4.586348463410782 4.658167002161079 4.729985540911377 4.8018040796616726 4.875284459460828 4.9492480959855 5.023211732510172 5.0971753690348445 5.171139005559516 5.245102642084189 5.31906627860886 5.092286789865629 5.690748981904665 6.707293828315687 6.630013788205601 6.552733748095515 6.475453707985429 6.622029245020181 7.568995389090069 8.348361720339026 8.460639780298486 8.572917840257944 8.685195900217403 8.797473960176863 8.90975202013632 9.02203008009578 9.13430814005524 8.998771727583872 8.807526073191482 8.616280418799095 8.425034764406705 8.233789110014317 8.04254345562193 7.851297801229539 7.660052146837151 7.468806492444763 -999.999 -999.999 -999.999 -999.999 -999.999
4.304689382276756 4.327635726683193 4.3505820710896295 4.373528415496067 4.429571422620058 4.501389961370356 4.573208500120653 4.645027038870949 4.716845577621246 4.788664116371543 4.8604826551218405 4.932301193872137 5.005870257196251 5.079833893720923 5.153797530245596 5.227761166770266 5.301724803294938 5.375688439819611 5.259666187190168 5.029044533698318 6.359455598520018 6.55585942485342 6.478579384743334 6.401299344633248 6.324019304523162 6.682293484051699 7.629259628121583 8.389026474999948 8.50130453495941 8.613582594918867 8.725860654878325 8.838138714837784 8.950416774797242 9.062694834756702 9.067653762085994 8.876408107693607 8.685162453301217 8.493916798908828 8.30267114451644 8.111425490124052 7.920179835731663 7.728934181339274 7.5376885269468845 5.848751050637752 -999.999 -999.999 -999.999 -999.999
4.2644041710543155 4.287350515460752 4.344612920579631 4.416431459329928 4.488249998080225 4.5600685368305225 4.63188707558082 4.703705614331116 4.775524153081413 4.84734269183171 4.919161230582007 4.990979769332304 5.062798308082601 5.136456054931673 5.2104196914563445 5.2843833279810175 5.35834696450569 5.432310601030361 5.4270455845147065 5.196423931022856 5.670643431669113 6.481705061501239 6.404425021391152 6.327144981281066 6.249864941170981 6.172584901060896 6.7425577230832126 7.689523867153097 8.429691229660872 8.54196928962033 8.65424734957979 8.766525409539248 8.878803469498708 8.991081529458166 9.103359589417625 8.945290142195729 8.754044487803341 8.562798833410952 8.371553179018562 8.180307524626174 7.989061870233785 7.797816215841397 7.606570561449009 7.415324907056619 -999.999 -999.999 -999.999 -999.999
4.2596544185392045 4.3314729572895025 4.403291496039799 4.475110034790095 4.546928573540392 4.61874711229069 4.690565651040986 4.762384189791283 4.834202728541579 4.9060212672918775 4.977839806042175 5.049658344792471 5.121476883542767 5.193295422293065 5.267041852667096 5.341005489191768 5.414969125716439 5.488932762241113 5.562896398765784 5.3638033283473945 5.133181674855545 6.339350048284465 6.330270658038971 6.252990617928885 6.1757105778188 6.098430537708715 6.021150497598628 6.802821962114727 7.749788106184612 8.470355984321795 8.582634044281253 8.69491210424071 8.807190164200172 8.91946822415963 9.03174628411909 9.014172176697851 8.822926522305464 8.631680867913074 8.440435213520686 8.249189559128297 8.057943904735907 7.86669825034352 7.675452595951131 7.4842069415587416 6.543924996027643 -999.999 -999.999 -999.999
4.3183329939993715 4.390151532749669 4.461970071499966 4.533788610250262 4.6056071490005595 4.677425687750856 4.749244226501153 4.82106276525145 4.8928813040017465 4.964699842752044 5.036518381502341 5.108336920252638 5.180155459002934 5.2519739977532325 5.323792536503529 5.397627650402519 5.471591286927191 5.5455549234518635 5.619518559976535 5.5311827256719335 5.300561072180082 5.65053788143356 6.25611629468679 6.178836254576704 6.101556214466619 6.024276174356534 5.946996134246447 5.916120057076356 6.863086201146242 7.810052345216127 8.511020738982715 8.623298798942177 8.735576858901634 8.847854918861092 8.960132978820551 9.07241103878001 8.891808556807584 8.700562902415195 8.509317248022807 8.31807159363042 8.12682593923803 7.935580284845641 7.7443346304532525 7.553088976060863 7.361843321668475 -999.999 -999.999 -999.999
4.377011569459539 4.448830108209835 4.520648646960132 4.592467185710429 4.6642857244607265 4.736104263211024 4.80792280196132 4.879741340711616 4.9515598794619144 5.023378418212211 5.095196956962509 5.167015495712804 5.2388340344631015 5.310652573213399 5.382471111963695 5.454289650713992 5.528213448137942 5.602177084662614 5.676140721187286 5.698562122996472 5.467940469504621 5.237318816012771 6.18196193133461 6.104681891224524 6.027401851114438 5.950121811004353 5.872841770894267 5.79556173078418 5.976384296107871 6.923350440177756 7.870316584247643 8.55168549364364 8.663963553603098 8.776241613562558 8.888519673522016 9.000797733481475 8.960690591309708 8.769444936917319 8.578199282524931 8.386953628132543 8.195707973740152 8.004462319347764 7.813216664955377 7.621971010562987 7.430725356170599 7.2390989414174935 -999.999 -999.999
4.435690144919705 4.507508683670002 4.579327222420299 4.6511457611705955 4.722964299920893 4.79478283867119 4.866601377421487 4.938419916171783 5.01023845492208 5.082056993672378 5.153875532422674 5.225694071172971 5.297512609923269 5.369331148673565 5.441149687423862 5.512968226174159 5.584835609348692 5.6587992458733645 5.7327628823980366 5.806726518922708 5.6353198668291595 5.404698213337309 5.630432331198005 6.0305275278723425 5.9532474877622565 5.875967447652171 5.798687407542085 5.721407367431999 5.644127327321914 6.036648535139386 6.983614679209272 7.930580823279157 8.59235024830456 8.70462830826402 8.816906368223478 8.92918442818294 9.02957262581183 8.838326971419441 8.647081317027054 8.455835662634666 8.264590008242275 8.073344353849887 7.882098699457499 7.69085304506511 7.499607390672721 7.308361736280332 5.199699899063654 -999.999
4.494368720379872 4.566187259130169 4.638005797880465 4.709824336630763 4.78164287538106 4.853461414131356 4.925279952881654 4.9970984916319505 5.068917030382247 5.140735569132545 5.212554107882841 5.284372646633139 5.356191185383435 5.428009724133732 5.49982826288403 5.5716468016343255 5.643465340384623 5.715421407084114 5.789385043608787 5.863348680133459 5.802699264153698 5.5720776106618475 5.341455957169997 5.956373164520162 5.879093124410075 5.80181308429999 5.724533044189904 5.647253004079818 5.569972963969732 5.4926929238596465 6.096912774170902 7.043878918240788 7.990845062310672 8.633015002965484 8.745293062924942 8.857571122884401 8.96984918284386 8.907209005921564 8.715963351529176 8.524717697136788 8.333472042744399 8.142226388352011 7.9509807339596215 7.759735079567232 7.568489425174845 7.3772437707824565 7.185998116390066 -999.999
4.553047295840039 4.624865834590335 4.6966843733406325 4.76850291209093 4.840321450841227 4.912139989591523 4.98395852834182 5.055777067092118 5.127595605842414 5.199414144592711 5.271232683343008 5.343051222093305 5.414869760843603 5.486688299593899 5.558506838344195 5.630325377094493 5.70214391584479 5.773962454595087 5.846007204819537 5.91997084134421 5.970078661478237 5.739457007986386 5.5088353544945345 5.610326780962452 5.804938761057895 5.727658720947808 5.650378680837723 5.573098640727636 5.495818600617552 5.418538560507466 5.341258520397379 6.157177013202416 7.104143157272301 8.051109301342187 8.673679757626406 8.785957817585865 8.898235877545325 8.976091040423686 8.784845386031296 8.59359973163891 8.40235407724652 8.211108422854132 8.019862768461742 7.8286171140693535 7.637371459676965 7.446125805284577 7.254880150892186 5.894873844453503
4.611725871300205 4.683544410050502 4.7553629488008 4.827181487551097 4.899000026301394 4.97081856505169 5.0426371038019875 5.114455642552285 5.186274181302582 5.258092720052879 5.329911258803175 5.401729797553472 5.473548336303769 5.545366875054064 5.617185413804363 5.68900395255466 5.760822491304956 5.832641030055253 5.90445956880555 5.97659300255496 6.050556639079632 5.906836405310925 5.6762147518190735 5.445593098327223 5.730784397705713 5.653504357595628 5.576224317485543 5.498944277375456 5.42166423726537 5.344384197155284 5.267104157045198 5.270475108164044 6.217441252233929 7.164407396303816 8.111373540373702 8.714344512287328 8.826622572246787 8.938900632206245 8.85372742053342 8.662481766141033 8.471236111748643 8.279990457356256 8.088744802963866 7.897499148571477 7.706253494179089 7.515007839786701 7.32376218539431 7.132516531001922
4.5720614589729145 4.656160377553036 4.740259296133157 4.824358214713279 4.9084571332934015 4.992556051873524 5.076654970453645 5.160753889033766 5.244852807613888 5.316771295513044 5.388589834263342 5.460408373013638 5.532226911763936 5.604045450514233 5.675863989264529 5.747682528014826 5.819501066765124 5.891319605515421 5.963138144265718 6.034956683016014 6.107178800290383 6.074215802635462 5.8435941491436125 5.612972495651762 5.590221230726899 5.579349994243446 5.50206995413336 5.424789914023275 5.347509873913189 5.2702298338031035 5.192949793693018 5.115669753582932 5.33073934719556 6.277705491265445 7.22467163533533 8.171637779405216 8.755009266948251 8.86728732690771 8.922609455035543 8.731363800643157 8.540118146250766 8.348872491858378 8.15762683746599 7.966381183073601 7.775135528681213 7.583889874288824 7.392644219896434 7.2013985655040464
4.515929465813988 4.60002838439411 4.6841273029742325 4.768226221554354 4.852325140134475 4.936424058714598 5.0205229772947195 5.104621895874842 5.188720814454963 5.272819733035085 5.356918651615207 5.441017570195329 5.52511648877545 5.609215407355572 5.6933143259356935 5.777413244515817 5.861512163095938 5.94561108167606 6.021816719725884 6.093635258476181 6.165453797226479 6.237764598025804 6.010973546468151 5.7803518929763005 5.54973023948445 5.505195630891265 5.42791559078118 5.350635550671093 5.273355510561008 5.196075470450923 5.118795430340835 5.04151539023075 4.964235350120664 5.391003586227076 6.337969730296962 7.284935874366846 8.231902018436731 8.795674021609173 8.90795208156863 8.80024583514528 8.609000180752888 8.4177545263605 8.226508871968113 8.035263217575723 7.844017563183335 7.652771908790946 7.4615262543985565 7.270280600006169
4.4597974726550635 4.543896391235185 4.627995309815306 4.712094228395428 4.7961931469755505 4.880292065555673 4.964390984135794 5.048489902715916 5.1325888212960376 5.216687739876161 5.300786658456282 5.384885577036404 5.468984495616525 5.553083414196647 5.637182332776769 5.721281251356891 5.805380169937013 5.8894790885171355 5.973578007097257 6.057676925677378 6.1417758442575 6.22677499099723 6.041019730286366 5.783550024831246 5.570936411151177 5.358322797471106 5.3216899497570544 5.276481187318913 5.199201147208827 5.121921107098741 5.044641066988655 4.967361026878569 4.890080986768483 4.812800946658397 5.45126782525859 6.398233969328475 7.34520011339836 8.292166257468246 8.836338776270097 8.869127869647402 8.67788221525501 8.486636560862625 8.295390906470237 8.104145252077846 7.912899597685459 7.72165394329307 7.530408288900681 7.339162634508291
4.403665479496138 4.487764398076259 4.571863316656382 4.655962235236503 4.740061153816625 4.824160072396747 4.9082589909768695 4.992357909556992 5.076456828137112 5.160555746717234 5.244654665297357 5.328753583877479 5.4128525024576 5.496951421037722 5.581050339617844 5.665149258197966 5.749248176778088 5.833347095358209 5.917446013938331 6.001614558489604 6.0870712658647825 6.172527973239963 6.0563744457586175 5.769584716266579 5.482794986774542 5.196005257282504 4.980471385507632 4.836051568180106 4.875723826846536 4.915396085512967 4.955068344179397 4.893206663526388 4.815926623416303 4.738646583306217 4.661366543196131 5.511532064290104 6.458498208359989 7.405464352429876 8.35243049649976 8.87700353093102 8.746764249757135 8.555518595364745 8.364272940972358 8.173027286579968 7.981781632187579 7.790535977795191 7.599290323402801 7.408044669010414
4.347533486337212 4.431632404917334 4.515731323497456 4.599830242077577 4.6839291606577 4.768028079237823 4.852126997817944 4.936225916398065 5.0203248349781875 5.104423753558309 5.188522672138431 5.272621590718554 5.3567205092986745 5.440819427878797 5.524918346458918 5.609017265039041 5.693116183619162 5.777215102199285 5.861910833357156 5.947367540732335 6.032824248107516 6.118280955482695 6.071729161230868 5.78493943173883 5.498149702246793 5.211359972754756 4.924570243262718 4.63778051377068 4.390006359864088 4.390085445269588 4.429757703936017 4.469429962602448 4.509102221268879 4.54877447993531 4.58721217984395 4.624830159251734 5.571796303321619 6.518762447391504 7.46572859146139 8.412694735531275 8.815646284259257 8.62440062986687 8.433154975474482 8.24190932108209 8.050663666689703 7.859418012297314 7.668172357904925 7.476926703512536
4.291401493178287 4.375500411758409 4.4595993303385315 4.543698248918653 4.627797167498775 4.711896086078896 4.7959950046590185 4.88009392323914 4.964192841819262 5.048291760399384 5.132390678979506 5.216489597559627 5.300588516139749 5.38468743471987 5.468786353299993 5.552885271880115 5.636984190460237 5.722207108224708 5.807663815599889 5.893120522975068 5.978577230350248 6.064033937725429 6.087083876703121 5.800294147211082 5.513504417719044 5.226714688227006 4.939924958734968 4.65313522924293 4.366345499750893 4.079555770258854 4.10989514271551 4.184416663649879 4.258938184584247 4.3334597055186155 4.407981226452984 4.482502747387351 5.336045888192936 6.266372780653047 7.19669967311316 8.12702656557327 8.853938360955192 8.693282664368992 8.502037009976604 8.310791355584215 8.119545701191827 7.928300046799438 7.737054392407048 7.545808738014659
4.235269500019362 4.319368418599483 4.403467337179605 4.487566255759727 4.571665174339849 4.655764092919972 4.739863011500093 4.823961930080214 4.9080608486603365 4.992159767240459 5.07625868582058 5.160357604400702 5.2444565229808235 5.328555441560946 5.412654360141069 5.497046675717081 5.582503383092261 5.6679600904674405 5.75341679784262 5.8388735052178 5.924330212592981 6.00978691996816 6.09524362734334 5.815648862683334 5.528859133191296 5.242069403699258 4.955279674207219 4.668489944715182 4.381700215223144 4.094910485731106 4.127704527322243 4.202226048256612 4.27674756919098 4.351269090125348 4.425790611059717 4.563895153223566 5.391003099801094 6.321329992261206 7.251656884721317 8.18198377718143 8.851418535580882 8.746226633603646 8.570919044478726 8.379673390086337 8.18842773569395 7.99718208130156 7.80593642690917 7.614690772516782
4.179137506860436 4.263236425440558 4.34733534402068 4.431434262600802 4.515533181180924 4.599632099761046 4.683731018341168 4.76782993692129 4.851928855501411 4.936027774081532 5.0201266926616555 5.104225611241778 5.188324529821899 5.27242344840202 5.357342950584634 5.442799657959814 5.528256365334995 5.613713072710174 5.699169780085354 5.7846264874605335 5.870083194835714 5.9555399022108935 6.040996609586073 5.831003578155585 5.544213848663546 5.2574241191715085 4.970634389679471 4.683844660187432 4.397054930695395 4.110265201203357 4.145513911928977 4.2200354328633445 4.294556953797714 4.369078474732081 4.44359999566645 4.64732871169599 5.445960311409253 6.376287203869365 7.306614096329477 8.236940988789588 8.84889871020657 8.743706808229334 8.638514906252098 8.448555424588461 8.257309770196072 8.066064115803684 7.874818461411293 7.683572807018906
4.123005513701511 4.207104432281633 4.291203350861755 4.375302269441876 4.459401188021999 4.543500106602121 4.627599025182242 4.711697943762364 4.795796862342486 4.879895780922608 4.963994699502731 5.048093618082852 5.132192536662973 5.217639225452187 5.303095932827366 5.388552640202547 5.474009347577726 5.559466054952906 5.644922762328086 5.730379469703265 5.815836177078446 5.901292884453626 5.986749591828805 5.846358293627835 5.559568564135797 5.272778834643759 4.985989105151722 4.699199375659684 4.412409646167646 4.125619916675609 4.16332329653571 4.237844817470078 4.312366338404447 4.386887859338815 4.4614093802731825 4.730762270168413 5.500917523017413 6.431244415477525 7.361571307937635 8.291898200397748 8.846378884832255 8.74118698285502 8.635995080877786 8.517437459090582 8.326191804698194 8.134946150305804 7.943700495913415 7.752454841521027
4.066873520542586 4.150972439122707 4.235071357702829 4.319170276282951 4.403269194863073 4.487368113443194 4.571467032023317 4.655565950603439 4.739664869183561 4.823763787763682 4.9078627063438045 4.992478792944559 5.0779355003197395 5.163392207694919 5.248848915070099 5.334305622445279 5.4197623298204585 5.505219037195639 5.5906757445708175 5.676132451945998 5.761589159321178 5.847045866696358 5.932502574071538 5.861713009100087 5.574923279608049 5.288133550116011 5.001343820623973 4.7145540911319355 4.4277643616398965 4.140974632147859 4.181132681142443 4.255654202076811 4.33017572301118 4.404697243945548 4.479218764879916 4.8141958286408375 5.55587473462557 6.486201627085682 7.4165285195457935 8.346855412005906 8.843859059457943 8.738667157480709 8.633475255503473 8.528283353526238 8.395073839200316 8.203828184807929 8.012582530415537 7.82133687602315
4.010741527383661 4.094840445963783 4.178939364543904 4.263038283124026 4.347137201704148 4.43123612028427 4.515335038864391 4.599433957444513 4.683532876024635 4.767631794604757 4.852775067812112 4.938231775187291 5.023688482562472 5.109145189937652 5.194601897312832 5.280058604688011 5.3655153120631915 5.45097201943837 5.536428726813551 5.621885434188731 5.7073421415639105 5.79279884893909 5.878255556314271 5.877067724572337 5.590277995080299 5.303488265588262 5.016698536096223 4.729908806604186 4.443119077112148 4.15632934762011 4.198942065749176 4.273463586683544 4.347985107617912 4.422506628552282 4.497028149486649 4.897629387113261 5.610831946233729 6.541158838693842 7.471485731153954 8.401812623614065 8.841339234083632 8.736147332106396 8.63095543012916 8.525763528151927 8.420571626174693 8.272710219310051 8.08146456491766 7.890218910525273
